"","V1","V2","V3","V4","V5","V6","V7","V8","V9","V10","V11","V12","V13","V14","V15","V16","V17","V18","V19","V20","V21","V22","V23","V24","V25","V26","V27","V28","V29","V30","V31","V32","V33","V34","V35","V36","V37","V38","V39","V40","V41","V42","V43","V44","V45","V46","V47","V48","V49","V50"
"C1",-0.344177711367277,-0.187848090346375,1.13784684315017,-0.513086648089885,-0.649229691441576,-1.21582051976064,0.0982939398284766,-0.19950397365543,0.637666789534932,0.914969797533286,0.404516455257439,-0.0606606295060806,0.690328543718205,-1.82469690896023,-1.2060756857322,0.159571019983949,0.399429936723141,-0.228171780317308,0.707062376350968,-0.962339861871041,-0.634034779304427,1.3014815712567,-0.898455996693463,-0.792733249084044,-0.742169306085881,-0.806524416815515,0.596013529258171,-0.191698935843411,0.0761014432358991,-0.168936685815798,0.273542305143968,-0.242325047386531,-0.560981408758899,0.881015165966526,-0.020488325367456,0.10020390624584,0.282319773207748,0.539673863750632,0.0965486474038252,0.246948723351106,0.765289208713257,-0.675133208655262,-0.422514857577949,-0.150110046993619,-0.133112405450056,-0.387680902552681,-0.0184549261040641,-0.907722097243657,0.182770953889868,0.164832481877787
"C2",0.0307303834945466,0.00047906523224174,0.247516602748847,-0.278749887027903,0.45847955983842,0.966994104206273,0.258319049842488,0.057683374318214,0.125906678078422,1.14136304988424,0.771864354013965,-0.73852885174874,-0.325959214655766,-0.687299648235606,-1.00000519700532,-0.0289397899910096,-0.583080494465668,0.422020884222094,0.889283425440497,-0.226020162025162,-1.06490879912304,1.39530034650655,0.698991316930177,-0.628765564022467,-0.705124898928507,0.428729535377344,0.367464886891252,0.0211594622082272,-0.235813501055606,0.253444295226103,-0.55600476343817,-0.307386728188759,0.214381820165361,0.794090137431888,-0.990940252374936,-0.116775632148005,0.385832190099797,0.202347964189279,-0.755568140856748,-0.318394247545191,1.27440729014274,-1.3969417443922,0.3635838987207,0.203132416611705,0.457463368998114,-0.147268594288795,-0.432134994855759,-0.366724141558794,1.14762357658042,-0.341868641852057
"C3",0.318752767321227,0.139203796149853,-0.789140658922116,-0.793592107066721,-0.477418005970826,-0.10763070709685,0.435333387325429,-0.167435096557812,0.0517645623859207,0.181703926996893,0.550429050388926,0.427744693612128,0.752614478390988,0.108383643826924,-0.526356289818899,0.205977215315761,0.036583130584397,-0.186673051527463,-0.918350804938488,-0.222318858563501,-0.281553195111158,0.81747107549362,0.705542583107843,0.507841496308877,0.135051540373619,-0.842415185333845,0.0728040620058904,-1.02724890057251,-0.444232239932588,0.437733166803307,0.607105622864305,0.809277233258812,1.33297086706366,-0.420327426439844,-0.421787490277164,0.771885288749861,1.45989007578765,0.0825243191978835,0.0399996665681585,0.13766669560392,-0.202805506393989,-0.405870511677886,-0.214641872004842,0.712916707487927,-0.30060032764428,-0.470931982815505,1.01320893626308,-0.357500895513122,-1.01678310542264,-0.139941534672346
"C4",-0.491156534734924,0.548856214515298,0.567150451767695,-1.06158238339054,0.380660667726566,-0.0533947622430172,1.11495204432349,-0.306246959515437,-0.332234222562816,0.270412532464988,-0.750974877574367,0.17592653992583,-0.110965025560735,0.00438723620678219,-1.88671306462393,1.37743103884491,0.31417990147666,-0.58374746379579,-0.0274621981273598,-0.542857128319673,-1.02011823275045,0.436640878078709,0.54587589379433,-0.141719051427467,0.206734204987943,-0.15433701103388,1.69437977900908,-0.30719170292617,-0.782401891300465,-0.269103707073746,-0.457550465872756,-0.253504060385721,0.303853991072008,1.21375952738255,0.938123216287773,1.44826701056677,0.89849258038595,-0.155294870656101,0.27121160475088,0.761119107239327,-0.217896883837155,-1.04636976442549,-0.219393818607994,0.241432214204125,-0.117986568018921,0.584570545153081,0.0163066563398849,0.254218303031486,1.46837434629608,-0.378208480264125
"C5",0.247989245263932,0.227353002273963,-1.01490735703764,-0.410263298421158,-1.15105611306705,-0.0331376679004825,-0.125767533529477,-0.506239438394813,-0.342840340788268,0.997985645947309,0.482200739874423,-0.0429590807994625,0.492049839612699,0.396118243223133,-0.62369035233487,0.698767773218079,0.367188109381637,-0.860807616717498,0.303143697169082,0.263893852888201,-0.68214422135572,-0.256831786439171,0.152143944125087,0.174275602876091,-0.366117929487499,0.415719582719472,-0.0989903407838509,0.348604588673116,-0.464159951027698,-0.676101403619,0.0592521372519287,-0.534911232981531,0.184820285903683,-0.30220037192517,0.792166897252756,-0.13373007396429,-0.383901861261514,-2.11646181592572,-0.633352117362861,0.368939918495622,-0.821229127456687,-0.323863205321655,0.745904871090252,0.393110779397873,0.181215590393484,-0.0218017334893558,0.0104630047165019,0.0556416250283028,0.170493957451149,-0.213956000468731
"C6",-0.669998118531073,-0.629490820073686,0.62886140072572,-1.0898902564272,1.39253700278634,-0.0552048721042748,-0.119423325464747,-0.425715195404746,0.425716194400075,0.303607155858007,0.80521105485575,-0.355749435808099,-0.369754686616494,0.314706320469856,0.23496223614383,0.345796141205947,-0.330629499219369,0.517758753429657,0.543890006470824,-1.11970051859181,-0.387319506431107,0.602712509717288,-0.268500486069455,-0.50776806350454,0.0906788524366311,0.688028752683291,0.224877733588213,-0.0559864496382322,0.599959060700049,0.103587304259719,0.843986138686657,0.315681503941718,-1.727174634229,0.149656697308852,0.626280957565168,-0.00501777485227811,0.672732560233902,-0.0163364028396973,0.206333230650017,0.059801185752925,0.750399039862056,-1.46573909822887,0.4292340060747,-0.00150748684567005,-0.443117536454549,0.21149474240594,-0.145228130051017,-0.398405327805209,0.408937516771894,-0.78578061137739
"C7",0.139052209470722,-0.28293454778741,-1.16574765913228,-0.56039319480871,0.825769881910366,-1.37596855983024,-0.175350985154004,-0.346791590646532,-0.401004726549687,1.01036983321189,1.03206548042451,0.216068692851766,0.648988061467706,-0.40435848242241,1.36001783282501,0.599923173581711,0.731972849835387,0.439584052524206,-0.0401167931799949,0.26083661828921,0.939280367586746,-1.09531826507836,-0.161242809933717,-0.33278050535321,0.966078182261923,-0.258242995928302,-0.843853156108459,0.241086589581491,0.264540584268477,-0.588561868506866,0.221310994667108,0.320496321150023,0.032160792961374,-0.674900885445491,-0.43335561060871,0.0194539979399072,0.514808024540701,-0.408458570145191,-0.172412083855215,-0.920745357837131,-0.467902428553183,0.580590152991188,0.53525801019316,-0.449163078103661,0.500616970933311,-0.0204519355199647,1.39632060330298,-0.382042883556612,0.0442215270824064,-0.664553317535894
"C8",1.08516829281317,-0.0180346625292978,0.503711601799232,0.494156339415862,0.409220053559825,-0.374078051296804,0.0881130802571571,-0.414307250320011,0.381723255952603,-0.493971415174835,-0.48978778530814,-0.0276936618375963,-1.01968004066524,-0.702501766379566,1.17266348869644,-0.269711760772206,0.102326737576824,0.519135394926418,0.573050629032362,0.186895350245888,0.71317494105347,-0.954692501615761,-0.482479977563602,-0.773049390043582,-0.497986810116174,0.792939691218035,-0.764896166171139,1.30784858620232,1.07034844945285,0.991448873102507,-0.38791442739728,-0.785912518125418,-1.13737106653669,0.737722403090193,0.733919683237858,0.422199090095388,-0.390134970201178,-0.579415021183891,-0.152931112498622,-0.269104028526388,-1.29039474351208,-0.337201593019929,0.130777005819733,0.430692880349077,0.292566839697487,1.3559683208804,0.443034301495616,0.544690575641809,1.47284080174978,-0.402005295639314
"C9",0.559502868183057,0.908279030287599,-0.3754351804817,0.318535322259162,-0.0284383181280824,-0.0194981236100844,0.354994015578391,-0.314428103944301,-0.141594444454424,-0.0133556650682065,0.27129679699259,0.551400981797426,0.631659084591914,-0.554933364689369,-0.235003288427213,0.161090009399173,-0.733206913019542,-0.38603225305344,0.0202059232061818,1.18599763269857,-0.51658944697638,-0.791402440887874,0.160704049171555,0.285151562611495,0.357067257485175,-0.00260942218998936,0.890967974032871,-0.896247731606194,0.189341681788697,0.226346457902187,0.0574384634113737,-0.0280885852620991,0.136333847503798,-0.478737617097905,-0.922038726813469,0.276056952175325,0.40205030841061,0.770474593744206,-0.40348072922116,-0.133349034259885,-0.0679188926457187,-0.391807184042724,-0.880449512271023,0.620028911299615,0.0866869089329749,0.470068738178095,-0.272892229479089,0.0126828783721792,0.0833174191206378,-0.0214515429235933
"C10",-0.0139473036601906,-0.328441191580005,-0.925149393538077,-0.526024677014907,-0.370230769871924,-0.39166224268825,-1.54317450691446,-0.725127354495446,-0.0576000469847138,-0.239072451131175,-0.985674885921147,0.683643184877995,-1.05585542000984,-0.20477607410831,-0.205941237960272,-0.881935645799818,-0.35325002929414,-0.609826881085551,0.214400164148343,-0.491540104684768,-0.669819337715695,0.833029284593576,0.99002530134185,0.0474785479734771,-0.844119650056338,0.119748334561394,1.24078619314358,1.35575004586348,-0.146988981624803,1.09369908479101,0.218884316163729,-1.380237151005,-0.377846232259837,-0.0769800410496098,-0.237538401039999,-0.143840857728708,-0.225632661526353,0.0420581958168426,-0.471714707427451,-0.274469775817688,-0.536161166965811,-0.00615417465680707,0.338598379598281,0.425509410124353,-0.220789514173395,-0.621117107949521,0.319138878292064,-0.386234751965019,-0.42607293750946,0.0108894247056345
"C11",0.46214763954337,0.554495651357966,-0.541711718673087,0.149117346891574,0.696468492918422,0.309765242071512,0.0327398392666741,-0.427839934346485,0.221243225088003,0.372485087922011,-0.30990205946402,-0.647564937025011,0.456788058165413,0.844979922401518,0.541930718313925,0.0471306188931463,-0.690259378921173,0.125663447454583,0.240678737648205,-0.177324895613772,-1.16890024358723,-0.647407625326027,-0.616280414664852,0.266820260361364,0.731487997519002,-1.21825845413649,-0.589391040362075,-0.399956985318811,-0.19717125497356,-1.0382675093622,-0.364646379338042,0.203285226965555,1.03855667407194,0.948028873009016,0.135891819342378,0.572272171896517,0.553848317003553,1.1842308298786,-0.29864465377406,0.380239812032628,0.391159656990586,-0.419127038317744,0.46669649377936,-0.0497052804317592,-0.59607051269184,-0.223975780269424,-0.361547841033372,-0.10714106515399,0.258902919830856,0.835958794734688
"C12",-0.026046069102815,-1.18974340237521,-0.0770064870214633,0.585704727694574,0.341989919561607,1.02521725745557,-0.356250061899453,0.534629874002598,0.821531530991863,0.610281492958781,0.338227874265345,-0.01902627023066,0.558799375833933,0.070000681246132,-0.194085276295211,0.302092452468095,-0.685242507486059,-1.78759208153703,0.956854575664159,-0.52275483925053,1.75433231977665,-1.24983933334274,0.460015698271987,0.272127770156798,-0.425098943190315,1.02583106233675,-0.681431151269724,-0.0350385626683398,1.11677586906019,-0.23601278849908,-0.112758370976302,0.137725091663403,-1.2732982138799,-0.750808108590222,0.0388129154924479,-0.0475343074852688,-0.359968987871703,-0.283834411718469,-0.273850586180372,-1.10066235202065,0.838348288119217,-0.722830219256758,0.31021046091214,0.242721481155955,0.656389686452186,-1.14935369880229,0.777299712523813,-0.443398249423772,-0.836324599473398,-0.185918871764572
"C13",-0.370811747337964,0.279432051087601,-0.758044417004948,0.191834815039627,-0.00205325879972482,-0.0309885005101199,-0.965824408922782,-0.464722252161961,-0.144353734329022,-0.0276119187814652,-0.101706096406995,0.335390124056131,0.36306538626798,1.18459306867626,1.24636928535596,-0.0785304217296237,-0.260944215309861,-0.592070346630297,-1.10718533854722,-0.137979300033304,-0.882525839100457,0.64865721893642,-1.14911638823822,0.396408500193085,-0.635121734554956,-0.0630764681992792,0.266639376800329,0.264781621875798,-0.813149075867307,-0.578655400211731,-1.28928044691054,0.443909515487708,-0.277124609802299,1.6767776151363,-0.637247473154421,0.916779678882166,0.212071922493973,0.164760587933296,0.488395081575874,0.487917333021929,-0.362620506486299,0.785588864108072,0.147912579790323,0.677381588064824,-0.571359132164997,-0.547068058504873,-0.151697346422723,0.558101416290688,1.36057002461979,0.716129071791285
"C14",0.0873289853921476,1.32509752483386,-0.179220616567194,-0.0920961803616523,1.59746495422236,-0.885663519225961,-1.02330201761572,0.0524244548978541,0.0497147948642849,0.432341474751888,0.0307581382400261,0.298880869453471,-0.888993390688698,-0.0361838307415016,0.760613483802705,-0.854615480278304,-0.0652785226404119,0.691180598352412,-0.353778512642433,0.413210404566115,1.17759886484588,-0.453313436439203,0.615116017342801,-0.60785406505111,0.981277805568063,-0.751162125444532,-0.95385465675533,0.0700837135626013,0.33879093982723,-0.876318445149995,0.325539899963958,-0.0529430210175489,0.267229587087754,-0.471093623944845,0.807993953014408,0.0161660554688592,0.784180532482127,-0.998012810357108,1.1362127470966,0.449561200658872,-0.965090421320644,0.71650307435011,0.467262531323777,1.18605118748992,-0.166587489835371,0.435482477389816,0.803042214245543,1.0241579367789,-0.270566223804815,-0.15623374497692
"C15",-0.101436323892483,-0.420795512167818,-0.0980534040566488,0.0392035464326179,0.151229969499461,-0.827559979480685,1.24751406064241,0.236612074454013,-1.00830835142506,0.00660461840297042,0.873532560567965,0.0752068157558174,-0.0510308435733661,0.392450799641588,-0.621144326262954,-0.0402751383462841,0.0538382873103563,0.0308628710448527,0.602084271991166,-0.0865479117738719,0.194627861509848,0.461304238407844,1.11319228286066,0.0572492610305675,0.220577041416719,-1.332009573311,0.223029519121875,-0.807041163495636,-1.2168840757509,1.09951686454927,-0.676380134473341,-0.78257631236459,1.17177247800048,-0.201667561382065,1.74409912656481,-0.644094854209452,-0.0396090006286451,-0.412317018846805,-0.593198545648641,-0.409930665057649,0.392742616266422,-0.0517539183003875,-0.751269243607833,-0.147718797493679,-0.279405520549336,-0.783877414486099,-1.41597113615201,-0.342499174551406,0.250378640625115,-1.12478571991355
"C16",-1.6729241493793,-0.493474651525194,1.33982754320411,0.688845476952774,-0.0578753820944765,1.05238068371232,1.28714103296591,0.159201286768118,-0.34761641735594,-0.366225019159093,0.217075982638409,-0.916802323777414,-0.798342008399164,-0.103972965137777,0.0235887075800944,-0.319140048581634,0.171891041118467,-0.0491366380485539,1.15279663849866,-0.346130669320727,0.338744312490573,1.15834986336764,0.67736986683877,-0.363255134865726,0.0978302599381826,-0.357129747335546,-0.769501093101382,-0.581608598937946,0.327123669127949,0.705084499795655,-0.0171879538748853,0.791979278686714,0.603522163989635,-0.547098161493888,-0.384453997067275,-1.01239336544029,-0.525534464787805,0.982600791590958,-0.427065502490128,-0.286716143425119,-0.00477833033638689,-0.314214681060846,-1.46555356367876,-0.260983815656389,-0.467719508601128,0.312047915875044,0.315270298150868,0.102767774939455,-0.391839584440118,0.666419639237612
"C17",-0.795150800683849,0.248305038234495,-0.62709531751229,-0.195945173046987,0.232487725743681,0.363458276605831,-0.896197664009808,0.221559419916633,0.196579941528466,0.461291108580435,-0.514861318700255,0.753649642463198,-0.330263201608724,-0.890905977237197,-0.121756549595951,-0.652908752139544,0.485883748206066,-1.32738779980333,-0.239015935538715,0.531351698559952,0.673735609321528,-1.63419177020174,-0.141909316901958,-1.07167207392074,-0.235853164643511,-0.351670495814518,-0.537126801236398,1.05902123167899,0.500239954275607,-0.0813355289384723,-0.413698449290097,0.227051548046569,-0.613839009503064,0.710148533071839,-0.491446205530959,0.7243372716261,-0.285433115546256,-0.674878533634324,-0.644730708483901,0.670273837706192,0.100255130172933,0.275162281605974,-0.342649956629173,-0.16542238756331,-0.495688675157181,0.159419972279081,-0.0474122684559937,-0.0504966277278281,0.0107219783646496,0.704006697692878
"C18",0.572063620042744,0.234492439915002,0.37023211596789,0.0414130410275181,0.364589740276008,0.696263160441391,0.789801543253214,0.293264646836358,-0.364834050390686,-0.278266005311385,-0.515673447360855,0.668632050052445,0.266298785135841,0.240727094659196,0.794196562878052,0.407209810935504,-0.109032867619966,-0.494490695673912,0.695681180030152,-0.349950604660395,0.275267973251191,-0.19106487625112,-0.222214993721224,0.348982553526955,0.137079349660318,-0.732925901050127,-0.188648150079678,-0.0021247962733688,-0.475187220531228,-1.05033714674327,0.0768946982722361,-0.675444616343728,0.10825172718832,-0.98703029501981,-0.26260425179808,0.674292414654882,0.23551867141725,0.113082387263557,-0.114622988912955,0.337173642186698,-0.211229050576086,0.789909922295432,-0.493324652630015,0.572301978803067,0.212349060434192,-0.310868746247727,0.0118261916029195,0.418397197662528,-0.343120027747857,0.438034020752868
"C19",0.197221627710737,0.413348594235777,1.36942000379873,-0.0757653570928241,0.159555465085387,-0.115319922222524,0.395921188955281,-0.433000296080653,0.0843685440634081,0.426239124106974,0.422380684811552,-1.00854649981508,0.296185836957885,-0.253126279997241,0.713609706515534,0.571496738038536,-1.53545205379447,-1.08497779522569,-0.32332453606983,1.23413184857928,-2.11512291266472,1.70942366319177,-0.903073690387187,-1.00631074509576,-0.870545503246678,-0.39758730563875,1.02552637657528,-0.541672436986912,-0.941686435431439,-1.69735748676706,-0.567893974899329,-0.308407367558293,0.113187729279437,1.195582622984,0.571375198973488,2.35140595543785,-0.15518906340555,1.04846216391249,-0.379292433719438,0.159839065677339,0.818092379992493,-0.478907370521246,0.81519159258467,-0.895613663541742,-1.09610799276077,0.138680265152707,-0.531973685848614,-0.779877848051175,-0.333941732381435,-0.0490847406487432
"C20",-0.532815990441536,0.723388210438302,-0.846984830614725,0.471400237542817,-0.0804074009596548,-0.829445954224356,0.254084672621386,-0.0290333294085067,1.16103638110769,-1.18652887177463,-1.13080273907401,0.166661473396325,-0.385894828549628,0.297521727324482,-0.446594749255218,0.553160796857506,-0.9882378188776,-0.987244344258027,0.249449848183612,0.836160399278215,0.517653070711662,-0.811450958601309,0.870877549512602,0.0974589291438105,0.512214553758178,-0.116709912688669,-0.423277559561783,0.0396062625381626,0.243895480229143,-1.91959805322129,-0.809282575046495,-0.976379568745962,0.222909723815396,0.996332869687906,0.784305817842356,1.2248466847235,-0.492207195719578,-0.188709318912007,1.76944254643283,-0.0747159468943394,-0.43072247232996,0.910951896784098,0.378717868610519,0.00190275800139349,0.348217806596459,0.838653902571679,0.550683691912148,1.10021733806114,0.736778757358446,0.370814770089968
"C21",0.838304027506664,-0.997486368016398,0.660516275875516,-0.352869468031813,0.28855536835772,-0.41179797429874,0.950783307158321,-0.676955558782282,0.267257163760889,0.123086073746237,-0.259401309865658,-1.11575862500355,0.682027364563308,0.590841306920001,-1.31586149202549,-0.358298094832765,0.464803697628688,0.304566475975954,0.477299842231805,-1.23295040087169,-0.55983620581276,1.18664582561235,0.703393602571079,-0.797333528015187,-0.351923962848173,0.43424886214928,-0.0961394080139262,-2.06718872796716,-0.419466939795973,1.5448604259718,0.307037241426417,-0.0791042555589113,1.17513582702297,0.140802474845266,0.748035892910224,-1.63739147000146,-0.306389330215803,-0.0918679830623755,0.993864724519654,-0.401293949527111,1.20972325601457,-1.274217558296,0.934620851805542,-0.797522014390037,-0.88330685782571,1.40584950747705,0.0872766582351358,0.443996999386818,0.861944295643981,-0.438057798087116
"C22",-0.17979107440251,0.649401091751746,0.378772683555017,0.29551719805741,-0.616336330437623,-1.28340025491817,0.0617732415089063,-0.0639366508347065,-0.0432843541883521,0.0747694404768694,-0.208248167568857,0.195805162184254,0.291966868956391,0.604207244584655,0.307072448940521,0.375459500997333,0.169576951098302,-0.498242115474619,-0.26136434987096,0.691959700819505,0.148224298052617,-1.44994799487294,0.547487979391372,0.737324717713782,-0.508073295728711,-0.0686438150236912,-1.08157702895731,0.270703831015564,0.423129863406189,-0.522847983205743,-0.161819753583183,-0.828693898980811,1.28344772909609,-0.0813025743573702,0.325262087395667,-0.542086243151717,-0.194736893938447,-0.803571671586621,-0.10798270876444,-0.909591065608636,0.867673888388326,-0.238278481654057,0.0720442249551545,0.405859169761673,0.711554052610608,0.160754640915476,0.692837523905086,-0.245998427144589,-0.628768749742368,-0.459587845481504
"C23",0.609368496361266,-0.0368822621331075,-0.331577050880194,-1.33591139326594,-0.245042685671318,0.25429464696124,0.941286591250809,-0.407525625317268,0.0572626522386603,0.496370837542293,-0.159894404965401,1.37752373723008,-0.241247638279295,-0.424514558311083,0.545671441544624,-0.288795462715473,0.253672622834289,-0.392948268030785,0.264192661449758,0.696596617032379,0.426566101124002,-0.626377801892883,-0.0654672648364817,-0.661683906465363,0.0976319856237012,-0.634671115454126,-0.653979590905659,-0.0299023888606748,-0.434784946256284,-0.236712397834514,0.108111297382202,0.609050244652102,0.0984598839047872,-0.777411155757853,-0.0817009620664081,0.416930884912017,0.41249933583545,0.443893030556559,-0.319723509883084,0.425087960442358,0.0251425338954708,1.86686983751852,0.479809676842194,-0.971056101124232,0.0580087491660353,-1.16144233634037,0.270094271543235,0.746722344349087,-0.556752214328756,0.142144100952726
"C24",-1.21591169517911,0.640984193591412,-0.495984504213031,-0.635142191472887,0.0914982140462669,-0.611840444776656,-0.354397042600858,0.103726487163132,-0.401861719369501,-0.410364650254689,-0.0805659465313015,-0.517614994763436,-0.375664423566375,-0.501503120279034,-0.840950885831572,-0.642308343941395,-0.750293207927086,-0.0164740238253591,0.458877200009476,-0.629665083383267,0.686748951275432,-1.727993075258,-0.389898517409848,-0.248741137042823,-0.882216954746218,-0.402522278992044,0.446261764932001,-0.859762278381767,0.121456896275959,-0.551229151709912,0.35795748113764,-0.517576639481337,1.44292430383954,-0.323916051274674,1.08658493611912,1.75913932085793,-0.539159055609578,-0.304502509987584,0.553624505387431,-0.359294052330726,-0.397942666605274,0.837094312620322,-0.257056211121124,0.762299362096763,0.0680697966442082,0.324209546333209,1.29523829815052,0.205698166120962,-0.256626327061414,1.12600140762495
"C25",1.47622959071534,0.449437690400453,1.34791662294984,0.169484388977276,0.120540855119163,0.394519886666293,0.454706914970033,-0.35522743463491,0.0648348588768108,-0.225120464228805,-0.178453675524979,-0.695037916835204,-0.928297096918946,0.3004724790322,-0.383384557394388,0.286584045904685,0.4933365728448,-0.465865398251088,0.439437297122639,1.27509740717127,-0.712481859995065,0.500478419518876,0.939635929468411,-0.434838261620031,1.23118381438927,-0.801589152187278,0.843152090264015,-0.253545876437223,0.282928496421277,0.669026791278042,0.362511611075498,0.602188333137917,0.35379049877477,0.746801628971201,-0.7266984812166,-0.479277218837715,0.432049579827534,1.56323495753894,0.710290749646622,0.789320101780592,-0.888047024050306,0.822768455385622,0.411037121356269,-0.969540791620008,0.0805785357862384,0.521651655154394,-0.691369587071568,-0.436316375740414,-0.443463684385504,0.131705061940763
"C26",0.805189197861906,-0.233874691568129,2.63174590358333,0.275766895555204,-0.344502388446364,0.0461270130845498,-0.0924651722764154,-0.437866402554906,-0.511016594871299,0.320232057927662,-0.0518276214516489,0.6705421191144,0.382573120891138,-0.978149751391199,-0.97558067543308,-0.935652964378992,-0.159483568495777,-1.08910178731875,-0.505972493272292,-1.08862131140979,-0.480067774980741,1.00638012582598,0.792134605790459,-0.137832613710551,0.163881387253755,0.187303958362621,1.65419745698679,-0.272324364313514,-0.785855704409482,0.373191382461591,-0.720148619038937,0.518793378983087,-0.262739793851628,1.14470128733805,-1.29813297630148,0.184964646382922,1.30484735029076,0.638514917611389,0.339969419551759,0.160528971221078,1.21474830985658,-0.720143170422998,1.5496799340801,0.426611639536751,-0.142084141166359,0.75337064975959,-0.435657825331676,0.655803210103826,1.58713999911999,-0.344504797200793
"C27",-0.185922133385094,0.602647527128919,0.256710148001993,-0.930685367260857,-0.892100274769589,1.12029871315201,0.0583805758918696,0.532109338951345,1.28759117969366,1.51399036893629,-0.142318873900905,-0.733571526298631,-0.0123661698241628,-0.176671717140931,0.82765435517265,-0.329706840371218,-1.05646505168958,1.13253919665023,-0.502911938642733,-0.136376966061447,0.26554629668491,-0.156892992635951,-1.74355023156095,0.891959671049794,-1.10242876708957,-0.167990661890776,0.0730986417356049,-1.73871556729381,-0.120916633842923,0.00780412927398289,1.46221819988462,0.212961111219322,0.874043882700708,1.45472190416272,-1.01508773337187,0.545409308572499,-0.0978346803677645,0.626820534224613,-0.779773318629235,-0.588319334108098,-0.801580883529944,0.161888639227916,-0.187741509701583,-0.15838076138755,1.86337970249706,-0.434005301687906,0.253989078616135,0.39342771580048,-0.535988140603686,0.386999509214778
"C28",0.673538890941599,0.44340320496405,-0.747306425835085,-0.662700337773108,-0.229067873529259,-0.741792183812293,-0.32735213389279,-1.17611631985311,-0.140263227818589,-0.645160197038686,-0.747876067455629,0.153053465607678,-0.934028559918746,1.03370407876797,-0.0611807249976192,0.00396185706475262,0.879803603573854,0.718858159630397,-0.380500301799359,0.946482781948632,-1.45739035272238,-0.421230472493789,-0.627633012899928,-0.350970987620733,-0.355951322503399,0.0760535198187694,-0.477224502511871,-0.324607747211968,-1.02801203507973,0.646550924706703,-0.889981047645241,-0.257949133888013,0.135402471811132,0.557838941195994,0.846258006262075,0.479729093706116,0.0212107178637204,-1.16581692343826,-0.0872113675228241,-0.00555322679423121,-0.19984823396482,-0.000332158424355313,0.731930453977896,0.664957816584138,-0.0729719934470962,-0.0668093675955963,0.363979611686333,1.3941545838904,0.340030212735648,0.190336094897957
"C29",-0.219662260387254,-0.483814693543554,-1.04709471946348,0.122007784665877,0.52845002402087,-0.0110696407261365,-0.300979719101703,-0.567483103307537,0.11317622796353,-0.740979128977564,-0.793733535155121,-0.701876864689015,1.15926956872984,0.045441640590602,1.53627554575212,0.514572047343519,0.0630717749430237,-0.590122733795038,-0.135702024391815,-0.693774873617526,-0.227060799351648,-0.624016224828104,-0.61690922829804,0.151508580908148,0.742541351697828,-1.2970136532508,0.0247885453371474,0.513926642069334,-0.349983914336042,0.133224617345739,0.416521942809427,0.388540355784918,-0.545870609257413,-1.06043477625683,-0.0845524246698175,-0.808326806603155,-0.222471189589118,0.469698983351512,-0.338754268309635,0.559165722499678,-0.157919215141643,1.01435764209548,0.478887636682873,-0.21205446821978,0.212210751150187,-1.26119321917532,0.249848855327203,0.0545926864678202,-0.0379585925952399,-0.980528145355517
"C30",-0.996504528227319,-0.0332313297445125,0.957246640675709,0.091978778907107,-0.512306626410157,0.755684423921059,-0.901097786423154,-0.00299999722955348,0.324172981312835,0.0129010390150969,-0.0498338244295344,-0.752558412671034,-1.33551620211081,-0.908001987221657,-0.146675665918158,-0.118363165047409,-0.197764181268579,0.318546932236115,-1.07480102221522,-0.0684570832177647,0.702469268359274,-0.521205541245566,-1.16863910028855,-0.267992983727783,-1.26452640946332,0.673327036569634,-0.323729988264341,0.32417197265752,-0.0715978745041923,1.89990993925345,-0.739477604555967,0.101982484114026,0.459965900169613,0.286658209849184,-0.471166670380057,0.399418487468594,-0.727036349571215,0.331322334125128,-0.583664891832684,-1.39876259729552,-0.795715045698192,0.489481048242709,-0.408565555790787,-0.208624452322275,-0.249693791016893,1.00902812465453,-0.0309196575695777,-1.79760933525927,0.768557092807119,-0.741626138888333
"C31",-0.804841760254,0.845100250690521,-0.233105462634435,-0.414522954607904,-0.84698784863928,0.271047421942626,-1.06343054325052,0.678829102459364,0.0946392591299502,0.751196886992127,0.238473687034965,0.281395909304101,-0.323344494983116,0.799112369995646,0.310043498616758,0.568272537502468,-0.945425406891103,-0.938443206510591,0.356191544942662,-0.379077400351187,0.446507595451338,-1.07379259959563,0.25319207402054,0.231076825706011,-0.0505332936335866,-0.372646463759918,-0.0922288819263162,1.20238600511486,0.593579061258848,0.157231227018928,-0.48932820270584,-1.17460832121562,-0.12855300308196,-0.134714306447032,-0.550266103539048,0.935779231073084,-0.541454892279923,0.31422256332926,0.41864498465098,0.136883089783187,-0.56103726294992,-0.173895400031253,0.309966911678985,1.00767022974808,0.478304538983871,0.0272782014443688,0.703964465898406,0.363654406407585,-0.0506380435940423,0.116648430904588
"C32",0.343851600367629,-0.293398536216315,0.694400779106472,0.115739966611271,0.122659245770646,0.605485420186698,0.520234645085256,-0.734669904674659,0.276674010167195,0.185082404945541,0.446906779087331,0.595625020265979,0.060972229711178,-0.555234212406152,-1.26590201037792,0.746373598897842,0.0825064440112266,-0.679207714916789,0.565249055452917,0.755406902717806,-0.609611865907964,1.26704037444856,0.208542303691583,-1.03628534493814,-1.00319648655482,0.109967858448691,1.80624352349368,-0.182598851583247,-0.0272998812564128,0.955451809939315,-0.643720519935963,-0.074310551279797,-0.769683111330598,1.35432328004649,0.447428786520386,0.300132056238341,0.349759479932332,-0.493275017973381,0.561348595080138,0.0115855945386848,-0.124163303028229,-0.714825277840981,0.339782469479901,-0.00891640400978919,0.48945419476173,0.190402268097944,0.33706998675482,0.425833940650772,0.370518275066949,0.253995588615979
"C33",-0.212250398564328,-0.252592533409799,0.347254174601156,0.40986485937265,0.144468574290441,0.222582566331698,-0.989552176539193,0.455901359671412,1.08334992564434,-1.19888495625078,-0.53397657675235,-0.639892476976642,-0.0399610538241332,0.237541741860883,0.200805887943567,0.138208648278081,-0.959265750823099,-0.36220170678107,0.280294783901688,-0.335208555446746,0.963815342149414,0.0690867589977974,0.152258158268789,0.581169611280329,-0.11007168837768,-0.350932960463694,-0.158620360346972,0.0822597144531718,0.355780059265917,0.475574611678394,0.312737511588397,-0.188750022465075,-0.401642152335208,-0.494020325061565,0.606353408275963,0.686369408084577,-0.327339313996942,-0.377175814074371,-0.473175225838754,-0.430357712972055,-1.11899352263558,0.22117785269279,-0.875985871299416,-0.44127989198838,0.272345157562638,0.198757400239221,1.18804536466049,0.660661748500128,-0.623476162303622,-0.844836214657306
"C34",-0.600464683422815,0.408193546393419,-0.233381715838512,-0.364097264091936,0.813274197324536,-0.677783704997692,0.0715365400888696,-0.559043549600084,-1.17189380653023,1.03766512124509,-0.488941700870681,0.18191393339932,0.476297937897465,0.23039352244367,-0.541628681341504,-0.337725121118426,-0.254721113624621,-0.582644915913672,-0.135726898437801,0.222931904330189,1.19347281447695,0.19532952005807,0.0106273094592283,0.826662997380376,-1.70537035124001,0.333366973042604,0.551868875484488,-0.547225026701591,0.685189962577018,-0.450303125529313,0.466783429475239,-0.757759164924122,0.876595227409356,-0.433018551574738,0.577071073833068,-0.312477649471841,0.685390189277876,-0.859803708867897,-0.35285577342897,-0.966657811703594,1.06057491916628,-0.566341362005988,0.199092898348754,0.510612165394985,1.21640710248985,0.38564963438854,0.245782487709574,-1.15122910385333,-0.0258059573497019,0.178362125933055
"C35",-0.111354870412929,-0.461384298749451,-0.59943246785187,1.5092551334704,-0.024339356125449,0.128082076781142,1.05327840683643,-0.802291613932766,-0.508142249684852,-0.386188288707706,0.536150337869862,0.662334586521998,0.144305744459902,0.475876628284544,-0.307646448781914,-0.296955914316548,-0.0783672473108771,0.424925745002581,0.923218044767388,0.166388659963406,1.70886913269688,-0.407623228171278,-0.756669406410902,0.695860946376984,0.573716800288795,0.49748942306893,-0.99058566681292,0.163081856950536,0.756207616588131,-0.0469980244638441,-0.880760501603932,0.438706474634359,0.676133034906166,-1.69756998385196,0.239852202053121,-1.13727889724649,0.836834738530703,1.61295347601278,-0.0800938644296344,-0.717479208195133,0.486599585101526,-1.10736522434926,-0.217464707823996,-2.27476928340162,-0.213571859421355,-0.0120491263846862,-1.50923744787008,0.0338576623475909,0.539143062009745,-0.412835604342109
"C36",1.38146585078456,0.552066605532749,-0.251232796858316,-0.448328052016888,0.184813535991339,0.209152231269313,0.430718083099067,0.402705500471623,-0.185397488409671,-0.0953282920934447,1.71457023522028,0.614025351392299,0.113883614392879,-0.177064233895068,-0.885099253388636,-0.513776448147007,-1.0998737520015,-1.01788089683162,-0.852917649656003,-0.0635823309621079,0.179692554292227,-0.0360291407068712,-1.0436676258547,0.0642157770997646,-0.150673943328865,-0.511847945955818,-0.776162722456304,-1.3397579350977,-0.102188655148471,-0.594183812463152,0.420905825117191,0.292372101552896,1.1378764469833,-0.0119393224834608,-0.104352221804698,0.539886051143814,-0.363743055500233,0.324036280921986,0.0443048956884822,-0.049452818123304,0.0350710645918565,0.471536716637784,-0.902169109351519,-0.472690635571011,1.43289903029275,-0.773396394262761,0.256156553699733,-1.28706557638601,0.0864315009062004,0.379163902634333
"C37",0.0273081167805748,-0.122057184249144,-0.601265490366177,-0.487700349153662,-0.367457480957905,1.35989399818232,0.274541470534068,-1.4918460770036,-0.264841390043154,-0.270814041695433,1.24865210730575,0.732911519025565,0.599512610568026,-0.106010173019702,0.645480033637777,0.180308629677264,-0.608011538145377,0.747444524987776,-0.217217251879823,1.07168769642379,0.138013265486298,-1.27764725462781,0.0300211544435557,-0.966745034436006,0.927765365853549,0.0681968804895859,-1.16455669279221,-0.16005082615257,0.884873921517408,-1.02637438246341,0.490323407998704,0.0260569974859869,-0.0457979921347605,-0.747236002921787,-0.371959053658637,-0.151551239648132,0.608276561594583,-0.70033384171886,-0.688504605056454,0.595379234546285,-0.69577616073354,0.710106177072602,0.0164243308868721,0.407576683333144,0.691101833632341,-0.488153452306469,-0.0133940229085773,0.513000318887778,0.179429297721569,1.0989284454292
"C38",-0.400309029920614,-0.791134941729718,-0.99325089773109,0.619802868319449,-0.856479967673828,0.335231446473417,0.401181735479877,1.33461121429331,-0.477483730952391,0.126030307375148,-0.316064295179251,0.0633876789371356,0.73834469854375,0.212476695269754,1.18256465081586,-0.527426869474329,0.180993008035148,0.413121982860243,-0.72116519355748,-0.385239663145707,0.439842664553774,-1.47240944552412,0.501268676234597,0.59195826577183,0.939433246344083,-0.36111908213481,-0.956612633368538,0.0621533438025928,-0.881085965697613,0.0726496256200346,-0.0108008351511571,-0.112719674661531,-0.229072436903134,-1.11359479011504,-0.362222475416723,-0.754122037966253,-0.308285519262664,0.483842953147207,-0.352715018148296,0.0395221469606581,-0.200966000285013,1.42086528055446,-1.44320742531333,0.0591735117623723,0.453809432999738,-0.0155525311069597,0.410966168385837,1.1701199292418,-0.651660717212816,0.173722131461859
"C39",-0.0294080448569398,0.262813366517774,-0.184073295463398,-0.0495001479500879,0.526976891083526,0.360764676465083,0.269714837185683,0.167708385953384,-0.391570484360552,-1.09979108312789,0.118516910636469,0.639353669381857,-0.0548259024740985,0.866605414408265,-0.708684797081897,0.644137752518021,0.704332398470004,-0.612224370229841,0.215937690636722,-0.65838400423553,0.295455335291376,0.271829476193393,0.135372042186556,-0.587438980962728,0.348021581801518,-0.313253429358167,0.608902737562353,0.367211749068069,-0.212017851232577,-0.851147157968567,-1.03183184517921,-0.242804202803604,0.648983736518833,-0.944808343276589,-0.256911745448777,-0.503494144735089,-0.635220979886838,0.675363649843759,-0.150371371923093,-0.455654439918777,-0.333943567266557,-1.04750086352852,-0.385345648258253,-0.621912042230982,0.159969257491776,0.27644198968861,0.670906492503115,0.420749487206997,0.175825638313564,0.66682868709362
"C40",-0.207347625684029,0.38373685141526,0.689231577611714,-1.13200874307143,0.495209453467436,-0.130747833183203,-0.255941689928499,0.545114540113983,-0.174717891272287,0.0685215787969301,0.735745612830342,-0.692070189282425,-0.972055526991805,-0.372788491184668,-0.0518024337232394,-0.286308012796846,0.683364213518256,0.294826737463603,0.32602434013114,0.135212814135305,0.238540986119776,-0.119020903306453,-0.245708512029112,-0.312615880006735,-0.154298219089552,0.604003810702485,-0.0556429104340068,-0.421463690988263,-0.0648871979273227,-0.204680028682945,-0.216698403272425,-0.174045927185704,-0.017990594086176,0.193841893366234,0.0757146482553896,0.577163131359219,-1.11660163512206,-0.998802161527745,0.392273823658739,-0.820685187763735,-0.232562584400715,-0.339049515147981,-0.173201715607875,0.0756665225763911,0.122462714272746,0.269861581241801,-0.0500633893621822,-0.433710643992659,0.464787771823462,0.508940382736457
"C41",-0.68213228089137,-0.665967201150358,0.0892584332181379,0.645448491593049,0.105397387330202,-0.468302655155238,0.473553021469135,-0.442989825255517,0.527962454477874,-0.447338716785328,-0.388731967278531,-0.1728055399191,0.31960445987624,-0.219759039166433,0.289718403155175,-0.280991203759231,1.52517327854849,-1.3525884257971,-0.523218593310539,-0.179516041683345,-1.2441791831625,-0.434060982316189,-0.651565066563248,0.767143082354235,0.415276895790388,-0.829990991469235,-0.168958129709715,0.697696968359564,-1.36342432828634,-0.383251313075671,-0.481633574307047,0.0761735290588888,-0.617425391376695,0.533325732261559,0.203913861122933,0.651080672321559,1.14441069611421,-0.267092118335963,-0.0198818785227407,-0.285020704428489,0.27283593949017,0.633267255470016,1.33583624022541,-0.765589066550386,0.552457498508578,-0.642529257978731,-0.681414913524198,1.46433148919758,0.819589274764194,-0.840055376143364
"C42",0.15951317651966,0.649652385662591,0.668812490396322,-0.629140668014669,1.25220040481527,1.53282352017089,0.857625606571591,0.514497114365209,-0.431857994520485,0.0540223201181045,0.412680650294118,0.96188651179186,-0.668107643333153,0.735348557062408,0.619869469451127,0.962602719784184,-0.505599005823598,0.558173976554844,-0.209794280078421,-0.290023795612865,0.432481865401879,-0.534729394678284,-0.147086104471189,0.438295251792954,0.459201152726959,1.22029090635251,0.30575056404076,-0.991290947032716,0.334005619536719,-0.775574274578525,-1.40799415105281,-0.53441406171221,-0.827224513462704,1.64327756661948,-0.623514953968233,0.116568245843264,-0.119065894601721,1.38347338626508,0.0561762657384554,0.660177941636958,0.0335933979299327,-0.301713957549535,-0.160654644105619,-0.744710324864298,0.904406433917833,1.43830670161977,-0.687978938859859,0.256172738020795,0.6559003269986,0.0824922127441362
"C43",0.458332809147524,0.0348420818723651,-0.454724194295608,-0.0361854296317701,-0.384923413549635,-0.295223740226956,0.189907895654399,0.803025717031812,-0.279329648510218,-0.238569730706497,-1.12605751777442,0.673117452034421,-0.297879093822827,0.896269852556597,0.399811164545356,0.148237511422617,-0.593831369649275,0.754460516903571,-1.08439430379312,-0.207377246552124,-0.157112225234265,0.453943664492706,0.313804923742005,0.225810686899336,0.206436469698618,0.987584081541058,-0.291763924382755,-1.03319251322028,-0.376676136150819,0.440058715369589,0.11866924082145,-0.198471659116554,0.828992790040204,0.0904878410569302,1.20599136046359,0.588620885752284,-0.55057233726095,-1.07201900332597,-0.0259621901404262,0.250203066353659,-1.07926456284184,0.77258342534885,-0.449540657937495,-0.103404210864986,-0.511173101883443,-0.200374158661455,0.0084238004400512,0.110487572697625,0.0407717151400634,0.375385772962073
"C44",-0.0911584728795555,-0.319872824738634,1.03848399037854,0.194381488520083,-1.25612512715538,0.0376339742836352,-0.413868021835323,0.484057091655115,0.344835825578366,0.246304670346009,-0.128585271138578,-0.539362572331237,-0.438008343640096,0.905769261915968,-0.98160060284354,-0.0852617209158314,0.589824945439477,-0.130302578536501,0.309398999219059,1.17789878288608,-1.11605292173678,0.129194986860804,0.966420698846459,0.413425155615106,-0.524068983745172,-0.723922396243979,0.386643546038841,-0.89850081255409,-0.593569267990744,-0.0317677646201211,-0.53893594621823,-0.280379303551524,0.569085209380305,0.584309413200777,-0.920203111052858,-0.251104706909623,0.447229182534704,0.15741855306655,-0.880456214736458,-0.313212950425279,0.218455480635514,0.131331595003918,0.013427763029187,-0.0686795013618059,0.0527069655893509,-0.816162533660059,0.964076057460318,-1.06445549219498,-0.241187421077992,-0.284511278456817
"C45",-0.144374966558438,0.335755035807328,-1.76991892762388,-0.35916394197719,-0.996915471139573,-0.930620745268651,-0.445567529442854,0.399109153619445,-0.040225749155325,0.680109856233565,-0.447480650616812,-0.0957547096247868,-0.723183894924377,0.32008841501938,-0.155354140620043,0.109950951773975,-0.0416083031772705,0.810734612830817,-0.912862067316126,0.963428178084211,0.479200418003219,-1.40136171243857,0.165487556522636,-0.506032728047108,-0.378015941500504,-0.314625794954355,0.405928122543138,0.917721482942983,0.557039732803029,0.511493761673145,0.380274047600481,-0.0105478423270901,0.594956383154131,0.948336799126706,-1.21490922307541,0.730398206429594,0.922373905542989,-0.960964643773804,-0.386944229333005,-0.26908532155118,-0.979690248670777,1.58072770147116,0.486168922005592,1.10985325196142,0.259130769460236,-0.690943161351341,-0.456203899269645,0.541251044164785,-0.122282458642377,-0.292556772715952
"C46",-0.223738000297012,0.676390205170561,-0.899980519364126,-0.712076191764462,0.667635855681851,0.473908140521451,-0.862507903057996,0.293950850521465,0.391336477528135,0.109929235080929,0.707192852464029,0.698533750905922,1.21816723347496,1.12644500780564,1.17510815436375,0.282746885482287,-0.0796668369385069,-1.24469106449237,-1.00205430162287,0.362848818463795,1.56835007411826,0.410087320166026,-0.28042273327045,-0.0499934247860147,-0.106802786526109,-1.27246419456013,0.189551024000793,-0.805166243537868,-0.108898114641583,-0.655041764883932,-0.293164437732239,-0.0380958330135635,-0.0553092158967271,-0.551696332274175,0.0364340029121389,0.674713289620944,-0.0716783740604126,-0.441803644898234,-0.187887274719025,-0.766971837873752,-0.127941139573689,0.830326445737563,0.0586601619966623,0.335438092032395,-0.302273202213603,-1.86914403571451,-0.179904420932565,0.72799206520459,-0.200019340933042,1.39460896060866
"C47",-0.614770779043163,0.977603294972588,1.18322838149437,0.294098285628285,-0.619422195364295,1.08478354274443,0.490042960098166,0.373658990650521,-0.800014490324405,0.809760443213618,-0.172509560562609,-0.19605401512994,-0.794096187708283,0.511064529897254,-0.842392135944961,0.570111865301766,-1.18464501977419,0.0881307992457839,0.585873118023119,0.159990863319757,-0.128531334746451,0.352885994152863,0.116025833711885,0.452018911113994,-0.239513124939184,0.784246933390121,-0.0571058542030501,-0.357222931678214,0.344957876164377,1.46287721492457,-0.348014843375066,0.441690302666349,0.621142058489171,-0.134762115949479,-0.806309304822693,-0.146884817830713,-0.238209179174741,0.701239644441933,0.213001543885891,0.459828416906202,0.273820127448803,-0.876400250470753,-0.358513895848303,-0.750705443341613,0.0773226241201401,1.48849354191977,-1.39460377440864,0.0874554457107799,0.907770748185709,-0.169897364418901
"C48",0.619563621637803,-0.43199047823492,0.884502965710851,0.0952563622637382,-0.628187549913956,-0.156002352990972,-4.62044497306704e-05,-0.146416430088263,0.311354440208777,-0.25084562572884,-0.448393057462103,-0.861090792881045,1.35674905785844,0.947064482026587,0.430125737312529,0.752674628884506,-1.07417172309276,0.891558507910011,-0.610265573924985,1.01927791567636,0.195950822396651,-1.09802683495126,-0.217198204254514,0.0674485306833118,0.0535504816048502,-0.799477561596888,-1.58970946291527,0.438864526056766,-0.025703059461669,1.01973857938321,0.308760427792076,0.771328216755912,-0.678715874279007,-0.0700952727464741,-1.45882601057936,-0.41003772393669,0.99524957343353,1.61042622966632,0.0858131987476479,-0.315516948491768,-0.656420410399645,0.779159346936421,0.248252214737872,-0.403837920690455,-1.1561282672712,-0.957212671823328,-0.0187514943725203,-0.428886767405089,-1.35233706693456,-0.837265681340037
"C49",-0.341233253653469,-0.0762172815950478,-0.655689940134986,0.25146029128049,0.0885694455426489,0.747788748208736,-0.157269851207975,-0.22597440550836,0.832896578421979,0.117518567387043,1.49379158900713,-1.27437978343337,-0.270308893785474,-0.184480804579669,-1.74496226718558,-0.0295886354061454,-0.0888080495010798,0.491216843370947,0.476119339767993,0.00655582565127907,1.06400872844014,0.0855571182985452,0.777192292046153,0.607473393619031,-0.863179164925087,-0.435268188393495,0.12633920090107,0.496872928756586,1.42397679776958,0.309583553678441,-0.0412026745202622,-0.922714229753995,-0.785626808491984,-0.803675202101377,-0.132016039338611,0.162288561103912,-0.311795163310185,-0.737212907462522,-0.477469292706449,-1.45954222832373,0.681651488930591,0.288221769972578,0.543099440868527,0.10037403347699,0.40640853328478,-0.768677328655913,-0.69958557147353,-0.865067113168793,1.26250998404767,0.123774409054653
"C50",0.0857702652619294,-0.594880294546726,-0.588328883490902,0.367697834395349,1.19279690195309,0.256847679104056,-0.957729449059277,-0.294927691169706,-0.281835108579073,-1.1709217005596,-0.0809110070283399,-0.00142874383384049,-0.883261647261001,-0.503571829468114,1.43092815916151,0.182778861214058,0.327809849329321,0.563892141464426,-0.31162920387008,0.265509965207403,0.274810013844938,-0.283512467422782,-0.807570030512607,-0.0624102272260569,1.13696679991723,0.376101794343449,-1.25513148839093,0.642135202550167,0.405296633890856,-1.57944433101679,-0.887366910984541,-0.332271770684606,0.154376493298866,-0.170983483432485,-0.391658509585457,-0.11803580708141,0.145111891991561,-1.62010090973607,-0.792013100061934,0.589739935880486,-0.636985645127359,0.180597213272523,-0.445937566053282,0.136815558647349,0.29533863934066,-0.0929349675623289,0.523967741018318,0.682695560342684,-0.494441515773831,0.523304537202437
"C51",-0.503871619944199,-0.739280339560721,0.697196141338902,-1.59163272719492,-0.270172764266557,1.01323490453649,-0.774920629656757,0.350681112478884,0.0109355748534645,-0.0240775579792206,0.294079618759717,0.967006782670746,-1.08369016094059,0.393084210285798,-2.23119129858618,0.500059567819012,-0.0243568459553817,-0.69255271141211,-0.462943719858826,-0.696520410591075,0.209633892587459,0.784822059559953,0.483495448566037,-1.43684445956992,1.47357912210672,2.72173837582221,1.19230755257304,-0.279740931660984,1.53875727759626,0.603970926994018,-0.65423119626877,-0.343308189647066,0.148421817716114,0.848670641848553,-1.21187813513937,-0.0194231406108717,-0.671923487477305,0.7820448519884,-0.238715923258361,-0.100542928802876,1.13136580854398,-1.30892402325523,-0.47732047021811,-0.463864945533914,-0.396310007643841,0.213612205970981,-0.96325149090341,-0.264485433518128,0.901228162105244,-1.1095736430138
"C52",-0.445576191628671,-0.209412425372334,1.09702444704244,0.706162873162039,-0.0777845539345952,0.96801206388699,1.26316054021995,0.657987698521013,-0.902234777762193,0.0238237851491278,0.76559850714476,1.00226494872405,-0.845730995309581,-0.873622143091679,-0.789663592916203,0.917322322111821,-0.715913432490342,-0.0656282964204703,0.0188855541863671,-0.233904806747063,-0.540677327106457,1.83646216525193,-0.559831177787447,0.0872903730520215,0.442703497154389,1.0434008516352,0.292919935008625,-0.617151369060213,-0.513985519564773,1.39422034488577,0.12635001647821,-0.388890008467725,-0.404273597745839,0.611143258495588,-0.678326889084569,-1.16582307145531,-0.039932866897057,0.00450169859190028,0.230061409227198,0.0828028983549869,-0.441770679573586,-1.01984796555715,-0.171885546177277,-0.335443971628383,0.396138702721482,1.89657854832338,-0.542262821255795,-1.12401199612093,0.272748282374952,0.504880270371052
"C53",0.755693334651132,-1.23657656183245,-0.792457584911794,-1.17136876230815,0.722982836762908,-0.644538630844507,-0.138646582102186,-1.16832745512466,0.281007264665224,-1.18822933223324,-0.280640336294942,0.490890960053327,0.902290259670208,-0.269224757202802,-0.808636401651259,0.957053292096383,0.0210929603769927,-0.240411356009581,0.0285580354164267,-0.231461126250387,-0.10229694584332,-0.207022255622488,-0.0881214239466371,-1.02625468821074,0.212587030673022,-1.23036973809342,-0.147433230575777,-1.12533163990586,-0.314975214705477,0.606323948045893,0.963395862669761,-0.793132261417562,0.752073116479095,-0.983012010164779,1.30602947995611,-0.0165742254093256,0.145671932548508,-0.621643373676718,0.489790208972033,0.16762199390537,0.0354618628786891,1.17943473708286,-0.460035827518084,1.32736377239967,-0.122606274077262,-1.0702640676024,-0.632882128517154,0.50666008382641,-0.0693703479685856,-0.712064054260721
"C54",-1.20438019053215,1.66073224218905,-0.250967004809545,-0.176419163729842,-0.329468187896061,-0.23554955148939,-1.2910299175823,0.392310373384786,0.294684891146437,-0.607720186340922,-0.425079647209707,-0.0115734852379254,0.323569936716147,-0.0853124520068498,-0.447877063312522,-0.21729142331713,0.455864138334337,-0.809079040836117,-0.817292880127708,-1.06059419286814,0.139906408856148,-0.318916884136233,0.287238873817663,-0.205623379825219,0.236649890276094,0.450936671531922,-0.0191025620629846,0.823120542421682,0.486709429675831,1.19909749691978,-0.792300871736256,-0.860128498075756,-0.245265507945091,0.24502501252304,-0.256686181274976,0.336276004007704,0.572753462162276,-1.26827263258881,0.536716519215315,-0.189741207877402,0.0771768609788294,-0.466382708058361,-0.404460311690266,-0.168842341660243,-0.43187039607015,0.385988887849923,0.537477052616215,-0.161718469459815,-0.517668837990715,0.241121336534959
"C55",-0.55291369198278,-0.224711763550285,0.23397856175083,-0.0647559836070685,-0.185238019630307,-1.00801066391343,0.580935772266437,0.0964249590742172,0.782393097120172,-0.310825518617048,-0.437111665310283,0.750338464222412,0.30999736328444,-0.656568088280193,-0.613624776121789,-0.354551557258368,0.210106443899128,0.276560168755298,-0.388281599216657,-0.512632989225366,0.22399419267314,0.54862041235013,0.0237346349925534,-0.528221368497167,0.224666733197083,0.100369460106349,0.75813333664719,-0.632933593900334,-0.0232291097560107,0.0735174952325596,-1.34923154290061,-0.387087962180772,0.431703419957019,0.0289590519919359,1.19206076541193,-0.350999112603292,-0.404206553402384,0.0401399944983207,-0.105060458857632,0.293566848002647,0.114013201855472,0.313988957376215,-0.838083554943705,-1.21568710550987,0.977538345568389,-0.417048394792372,-0.173046767230915,-0.368031210294875,0.204022523304983,1.36614522029497
"C56",-0.120147724245422,-1.39846668330335,1.29498614033913,0.26779485993551,-0.000617843553904408,0.437124204946455,1.1084588529681,0.670632175532194,-0.611786379889563,1.52727026480409,0.763939555589319,0.216905291102165,-0.0300106464478257,0.186778429281784,-0.17569713748025,-0.443530636236845,0.807020936313485,0.630458521599113,0.639997642728662,-0.363584929187657,-1.49146845398641,1.99161549618191,0.119104488688028,-0.0886977267078998,-0.470100940906521,-0.371827750099349,1.38389736661104,-1.6559881788486,-0.67136718219578,0.893728429947278,0.481097804351716,0.781452502056241,-0.207402299598219,1.68721090958895,-0.190745327287589,-0.400917128367424,-0.175037453477658,1.1306952664785,-0.101717487002561,0.287355875289914,-0.176615774770648,0.43623842011649,0.321458490077335,-2.30358774823683,-1.70179244576923,-0.390891759355414,-0.508503649046615,-0.85376128826548,0.188950642092778,-0.559486487582668
"C57",0.604671316850605,0.874101111675961,0.667078060709716,0.584257544010558,0.336779407871386,-0.374211284940847,0.808576950160558,-0.491203830658072,0.622345424178389,-0.435005233965144,-0.0169218748681282,0.179651464428161,-0.932194302571206,-0.910504583058409,-0.0315503567363551,-0.0684014136800642,-0.240100263369004,-0.0704017492321397,0.156090462008247,0.812071223982903,-0.169243039587836,0.350123406607875,-0.755960463395495,-0.193193845408375,0.131575099803471,-1.2923341989217,0.611293224334036,-0.881945278114094,-0.476497065739791,-0.386194029369812,0.110207291595585,0.187721355089045,-0.202173983947347,-1.16670046638854,0.519528998052047,-0.627089531006939,-0.766746250718834,0.205907204339797,0.165607041281123,-1.46713941862912,0.697345566593654,0.563563963395205,0.58251283090051,-0.737735565060742,-0.0446950014713479,-0.270583402140585,-0.432732244935252,-0.602018839185092,-0.675802819690857,0.182887055778475
"C58",0.0756213655797621,-0.573966631579253,-0.0917870801263367,0.74917118025132,1.17517337168098,-0.539950632740396,-0.0583612774971327,0.0134919008476609,0.090432915141871,-0.725038825626489,-0.287213832301897,0.94529902858531,0.581725213696518,-0.549362591831414,1.03007352298609,0.831810701598395,0.0631503012916943,-1.13010321241328,0.836239604850749,-0.00221961492357937,1.69171295207524,-0.389630448867643,-0.62643181515139,0.82455007931093,-0.24799706494022,-0.742784395432111,0.204393641537997,0.191115317048494,0.14652499775322,-0.148855780883115,0.651829504171378,-0.137558619716471,-0.140859502793216,-1.34420298382377,-0.276241950193853,0.718785909224118,0.457177865210882,0.707460105710836,-0.071861983725863,-0.70672709152881,0.764581084616232,0.971862643478903,-0.479770264803205,-1.26074545478539,1.6944372375055,-0.199222011037761,0.634145633509177,0.0958831713230826,-1.74909490029116,-1.28974244909409
"C59",0.0370028363947319,1.09374673589136,-1.41759764079752,0.666121594632982,0.335410449414707,0.341507202122302,0.603190217047602,-0.00731565581262157,-0.874598456738578,-0.206163969534175,-0.0516189585034864,-1.02221833650661,-0.73714521345613,0.943942561479139,0.421955998887063,0.617874606369146,0.438261297051333,-0.296044478545595,-0.894077341158467,0.16069866844693,-0.744676795159239,-0.583462048329203,-0.208208701026761,-0.34413880653551,1.11745070432297,0.225831004693716,-0.931289990991516,-0.751882365586419,-0.173972626811157,-1.59361557924792,0.171344230385866,-0.284281934285076,-0.09964600252464,0.0975619469426729,0.609153530297314,1.86815263864528,0.315368542855637,0.396416917258974,-0.829730752258401,0.571971447710637,-0.45924724437205,0.24884431476497,0.431286654023493,-0.377831988316794,0.60968953169784,0.430340703206559,-1.21887409129561,0.278867360373327,-0.348579508639374,-0.0462046548106673
"C60",0.19854594786122,0.519460039651733,1.33992029901372,0.125443062234047,0.43082966882595,-0.424458004402079,-0.513123731224804,1.69999539979166,-0.0310700875193373,1.19415523956469,-0.101883435175806,0.343336135413326,-0.176468789687998,0.899134441814738,-1.09282894276122,0.169123420222593,0.723955318705908,-0.471995353652509,0.0459989761935771,-0.520968404558665,-1.01532598236549,0.874785557853587,0.432782676057531,0.132753055661184,0.654973099323277,0.170976874838856,0.413770607581573,-0.224532452780198,-1.17504625625525,-0.240593642945143,1.03890678890711,-0.513847776818603,0.322691803195263,1.07862892119954,-0.414002055244631,0.135437066963185,0.31333071810982,0.28911722354191,-0.890932202967555,0.644814196633616,0.907693324803931,-0.831071379343358,-1.25111773029304,-0.738293464847366,-0.00336496586811023,0.735450702540029,0.294964177557257,-0.0873658797286012,0.421433099959405,1.20886309245401
"C61",-0.365521966297989,-0.849330867024398,-0.763536406445512,-0.716457874388821,0.382605135215201,-0.0968448178001022,0.170385540922517,-0.00400356405614198,-0.158054507243522,-0.24492077031561,-0.468412329033959,-0.103351809707465,-0.200652532823992,0.902140064755958,1.05461836560783,-0.646121191777376,0.55815308422628,-0.142668463792224,-0.946388920625747,1.25229768105709,0.849546636138928,-1.63199504153585,-1.0014075815504,-0.259331985786458,0.769344691742396,-1.33910961905408,-0.439222783268843,0.763764432173509,-0.332661477458625,-0.651905393840458,-0.472197163149517,0.248551292684953,-0.242142971199893,-1.12377363257786,0.451484454971805,0.459475694657637,-0.585805603621666,-0.438797761818963,1.40560868059406,-0.172320878283053,-0.451226499393543,1.14286566739975,0.125713187578855,0.229234992154569,0.98997880518685,-1.11570738262222,1.28514713474305,0.0435292521493013,-1.29618701142017,-0.0157861480829969
"C62",0.410703328223239,-0.530467337467994,0.218362604222512,0.361851720949466,1.12410659826179,-0.570068710108628,-0.244901833275719,0.463360686604901,0.684430941705079,-0.53053588642461,-0.609625973601905,0.643571953506092,1.07984705001616,0.481975178603089,0.918076332405414,0.505513015042751,-0.190020918135704,0.775278994023064,-1.23201728585724,0.0177825685826143,1.18410354386894,-0.0246100816788129,-0.696803599385214,0.147465478800493,0.444822755284306,0.158033538090841,-1.10881183967539,-0.718967592424232,0.398251457022254,-0.816359920404905,0.217398882100455,0.136503604325237,0.24819146178035,-0.429878012469747,0.0392325780451648,-0.944844671672334,-1.04696609262402,0.404205432493083,1.68527571692728,0.381601864597908,-0.0873234397416428,1.36606549083683,0.491010426636835,0.432978029408345,0.074360672195305,-0.289515147402889,-0.158669271997345,0.0663306686085595,-0.598009189928076,0.224764216470282
"C63",-0.645932576553782,-0.238574158200117,-0.938857681429942,-0.328017907545701,-1.24457829471338,-0.198156786956746,-1.57705047938415,-0.418079117450625,1.1106729404928,0.543971415682141,0.428818748702149,-0.333254388308433,-0.782010737586336,0.212995674503138,0.11768551804996,-0.0066447878957542,-0.0631081195434034,0.578784250142074,-0.159903634229313,-0.0982042111525334,1.10642356179741,-0.782815259319781,0.477958447379864,1.12943970972084,-0.407061052103264,0.494475305777198,-0.146555498391928,0.758537038167407,-0.437242968434407,-1.75357905809899,-0.94682806405674,0.241588694608808,-1.04841402192926,0.073175266145451,-1.15006879754254,0.593536584400977,0.22959955371074,0.827151866696191,-0.0797169962937508,-1.15264593557804,0.776318866399142,-0.799358552506445,-1.19754858552698,0.343726997656038,0.165502503584248,-0.00186624977610086,-0.119128505988642,-0.406207630656917,-0.128520460662854,0.922632520237988
"C64",-0.345862184052591,-0.526690385251239,-0.105776350772531,-0.273473632182772,1.05487654170572,-0.71788881243737,0.791882344876593,-0.124412380267147,0.112421226796588,-1.27156177736884,0.233777848326409,0.790986998910056,0.773783329543593,-0.233969577013528,-0.446743636125697,-0.61076520570448,0.698955214429785,-0.594390427596296,-0.1528633930366,0.16327614193011,-0.00787774396758862,0.530897619234227,0.00964391028207091,1.02488744843824,-0.150585222450184,-0.711234408993173,0.775988691775878,-0.134885983271571,-0.560495232334274,0.741004050471697,0.0675521853916982,-0.178597186411039,-0.30766972374751,-0.366186172832706,1.03614152640766,-0.638243217082609,-0.443051668515274,1.91406472595328,-0.0986858595778358,1.0468652031898,0.185713110973953,0.317187009401501,1.05225576291564,-0.152881833719628,-0.0595893697371119,0.471943214801681,-0.861398454556789,-0.187795897492765,0.855428934825888,-0.874232593602454
"C65",-0.157541116777477,-0.488920147145272,-1.10400508426757,-0.479876458924071,0.181178916848602,0.0765437871954798,-0.825984728818089,-0.185663451437601,0.139089811069574,-1.3514938676768,-0.260256726389449,-0.978823913087009,0.285736505348078,1.4915337883683,1.48014082002655,-0.183329855357068,0.0207911369114202,0.180336449279442,-0.351022808513969,0.00701580118113215,0.184697273801205,-0.593341558020159,0.918237813182781,-0.311651880661997,0.332099233022071,0.682695077578,-0.515144503495844,1.18778107296579,0.565449902357704,-0.12277439958739,0.259827356536386,0.759818742349428,-0.637209177400545,0.40339312709503,-0.397313878289339,0.200204087915905,1.00154182374683,0.218022442987805,-0.199592602048976,-0.407025418749991,0.317388694216851,0.121397459256622,-0.118067907407241,-0.201218918983376,0.357848671510105,-0.356706118113965,-0.0309560407766027,0.422172514363325,-0.820380518702078,0.28733436852511
"C66",0.10074883379997,-0.683774487047065,-1.08948784142617,-0.229302558052323,0.389720074908754,-0.863824357806768,-0.192016211198875,-1.72804779228156,-0.290918358174001,-0.778473738645142,-1.0163126378058,0.157964133199898,1.09999731658096,1.25618084544999,0.848040547113569,-0.753401834624741,0.840225805439669,0.356168331539686,-1.17840390361481,0.173863978936412,1.21799533696747,0.211313887551862,0.875396911629031,-0.23287393116349,0.510735871047622,-0.261232112927123,-1.39696909887359,0.0971272255195221,0.061437638402097,0.077695658853953,-0.361996447250805,-0.0674475204664586,-0.545820321690345,-1.73128068107149,0.103489673453673,-0.741110949845001,-0.0868963428872063,0.0269462902199007,0.789489772855052,0.742410394992903,-0.305456859416897,1.03910280842787,0.898917328292181,0.50331544589304,-0.103014371205605,0.291784041945557,-0.271750877690929,0.212822608498549,-0.756325561779618,-0.800112506045811
"C67",-0.455553175012325,0.166297956269847,0.51346347073004,2.00414840634253,-0.26299684111791,1.04309191374569,-0.353253063351582,0.642217808552063,1.24144335213453,0.292742150110546,0.200874622074003,-0.572307680404721,-0.000160204909589138,1.71597272596477,-0.611843949581185,0.361066248746742,-0.0278367000273177,-0.829789451631263,1.10369468341297,0.978758257469345,0.363781068796233,0.0349705569943315,-0.265954346024184,1.44953128676978,-0.246610739543643,0.49466509537873,-0.227499212622019,0.875378007660894,1.14876621867592,-0.89662748503213,-0.31378474332258,0.22781982438545,0.385460494706001,-0.425638288112068,0.123235773605982,-0.0224611964145336,-0.479556501928134,0.508882801002519,0.727932702183142,0.342538562358655,0.569432847211597,-0.985437324868151,0.674705405845949,-0.379955853276977,0.715080914110554,0.864509631255348,0.238809147959978,0.00613603720033144,-0.300442062727895,1.25178883789028
"C68",-1.05678975849573,-0.921911724148556,1.14313209076388,0.0418987730120099,-0.73781219965047,-0.201821543575884,-0.279764878993674,0.665650524696648,0.023051375622013,1.68688791780181,0.741541320787143,-1.10453290283382,0.0832695314432817,0.28208810629285,-1.11347905095228,0.455384247897971,0.545051253054342,0.471203869231003,-0.0973181038208986,0.866157156272493,-0.930907404204083,0.899788867758448,0.0535178238984292,0.643799057602324,-0.95948851187924,0.38122957362431,0.834871687256091,-0.446376986982265,-0.867255542825582,-0.140598973956292,0.384057205757875,-0.271192535940488,0.128261161650316,1.5273456198656,-0.756918602323502,0.349832700831567,0.932272599218214,0.786796887238497,0.653602666016874,-0.222910090815202,-0.218084756904274,-0.107531530809786,0.315203868849981,-0.63195757077154,-0.965592515981657,0.22686521527599,-0.147714144097993,-0.316409424757375,1.92529385313208,0.487164379518675
"C69",0.856118703415546,0.133641495808506,-0.406834436614168,0.145159296078466,0.0366835729233766,0.246715108161745,0.0603606731955947,0.383607934543972,0.276546257685709,-1.90022886026687,-1.03296068652022,0.328899401095557,-0.276153622174419,-0.338767584062011,-0.435870244819407,-0.463384293712222,-0.613362672969464,0.891423123685117,-0.160261451826803,-0.250446426515976,1.98337235841736,-0.367961275930682,-0.395195083610186,0.0240220726285375,0.781787437371294,0.378863744361469,-1.00455693258381,0.282686719124365,-0.358383323392833,0.350628102987113,1.04291775988293,-0.639038370915247,0.330733526967835,-2.0556456827153,0.801901280410497,-0.0336703837483125,-0.972208655022607,-0.469521454293909,-0.399424376817468,0.22932665552621,0.222475462367968,-0.135797212683603,0.0040944662609924,0.369042159607808,0.546653712770438,-0.514108370198793,0.330112412653162,0.927575826928831,-0.617135731399048,0.523867621289569
"C70",-0.109149217088198,-0.662829480712899,0.553424557687,0.947826548176242,-0.0421865209857944,0.282762592993042,-0.899545882950025,-1.64881533858861,-1.20390641438417,-0.0682148913718651,0.234949115992058,0.00992625939679259,-0.739785024314317,-0.168036556901645,-1.14986368512169,-0.297937759720291,0.15936204471727,0.848369548351628,0.880229132908845,0.101318764940153,1.1796165004512,0.124926344383519,0.445030243270888,0.971825126626971,-0.0526505514520046,0.424456431187196,0.156321198063855,0.888538399968149,0.526110848835372,-0.768969796871566,-0.219638841591458,1.39122119292318,-0.614461645141716,-0.09710117161942,0.105971026564362,-1.22823781064549,-0.498989900052888,0.360398173451308,-0.0373223783420455,-0.604692004265439,-0.438831245277367,-0.560072894305476,0.156322697608868,-0.368297675735679,0.652595074641714,1.31702486364468,-0.0649025378808864,-0.420146910030661,0.774413742841592,0.950676941638588
"C71",0.371144676029068,-0.310792937357586,-0.339354748886335,0.264319179487331,-0.5327940286552,0.380878075519447,0.633998893656267,-1.12629629439833,0.484004551512073,-0.0876095000001104,0.461395322061836,-0.265964930524544,-0.164185142705802,-0.54366850571147,-0.151930475714002,-0.987388744378256,-0.126547205302763,0.157049466639102,-0.529898638624212,-0.905213056508302,-0.501812825400779,-0.883855278243231,-0.204278318811162,0.563296385913403,0.598951706076098,0.145403396446465,-0.352197228802197,-1.06109810814693,-0.567070382438206,0.0877104870051501,0.852371917968012,-0.407417960584295,-0.0083100454460863,0.853567662220464,-0.146986302277342,-0.129080176499824,0.981943593911774,1.0957711630302,-0.812656296709719,0.711463225657223,0.913218065157937,-0.662248188491854,-0.577042884958704,0.010558648490802,-0.314451628548998,-0.0930862378464351,-1.08385162966223,0.327625903631479,0.22236112826872,-0.0357241952888654
"C72",-0.546588398239612,-0.361213748372057,0.613184957801454,-0.553665101047728,0.739353961781475,0.500226714476863,0.218314937879279,0.0356863663136288,-0.49999360681119,0.0806278370349891,-0.816675058453677,1.0485345922543,0.276971892592482,0.00951709774505518,-0.143926722775197,-0.146431568382974,0.143781033656892,0.578872281266523,-0.0631561775422397,-1.30537224409662,-0.566361059926288,-0.0863459239712346,0.820969875073273,-0.496184010618286,-0.356505636080406,0.706923377930783,1.00421840452392,1.20305870308743,-1.130079952217,-0.0609146870319352,0.9434031508069,-0.352429542227394,-0.944638776205551,1.42696845220545,0.0496767445198465,0.646580817157847,-0.404511694801857,0.321933243446698,-1.0790838473815,0.573043385541233,-0.0145357527271907,-1.21728612273722,-0.38447809328874,-0.381098927397453,0.388678701775045,0.489148945988039,-0.446341268540822,0.54426637200512,1.12849803382071,1.09952726549114
"C73",-0.515669157056371,1.77350762522618,-0.560137069372295,-0.501032461176314,-0.257190209435106,-0.311340680061198,-0.824719860985526,-0.893092637490594,0.673141605387908,-0.0669370364903118,-0.370246070950816,-0.108068865738314,0.421870922021276,-1.11522676430033,-1.3210264913564,-0.151635410320959,-0.835868846991104,-0.655048657150216,0.675147607929623,-0.117046809304286,-0.465773990976349,0.549941323374003,-0.971809617021005,0.509781251919484,-0.135166876104532,0.271741929327017,0.383231507358971,0.246667854218448,-0.277562115772357,-0.820357093847531,0.0525767092319344,-0.862513389096066,-1.54261298392601,0.476870652817338,1.43960738056268,0.953946838956434,-0.589494427553233,-1.57452057295032,-0.164845957759247,0.717733139866194,0.90348549569566,-0.226874059447904,0.876852514014004,1.59254418442401,-0.974800222197393,-0.0488547402117254,0.631374634886616,0.408370410741563,2.46818069373091,0.511608390117688
"C74",-0.500347544021284,-0.779194252420472,0.651504594851191,1.02718382363393,-0.870100488514131,-0.294030265665138,0.310423135025019,-0.0888435744136748,-0.242763688195765,1.74695802198894,-0.297137739849692,0.351286016941368,-0.00412262109681846,-0.210542102885426,-1.84085310978711,-1.08877974028772,0.505002093972661,0.768070452865834,0.210405353740568,0.316483878798876,-1.22070357899665,1.7465754079432,-0.609656937141264,0.0473637450653895,-1.48891164289852,0.723685077363726,1.9808701937617,0.102557946067614,0.439125690505661,1.14518577247788,0.131707978459291,-0.54595401990255,-0.720079097815276,0.533479834484398,-0.603942592037987,-0.625981466019959,-0.446923880325361,0.530828330421789,-0.510348583036375,-0.39846715889656,1.02435936793021,-0.557856419866102,-0.371065840572071,0.668869486789179,-1.46950852083485,0.168880337066435,-1.81052140271089,-0.808110699569754,1.07608600924564,-0.518223405181954
"C75",-0.0129470559333052,-1.35869093426082,0.252814578826295,0.811850060323427,-0.137443165095352,-0.821788611053444,-0.493262227177045,0.245807249025004,0.558658645040029,0.303042497468561,0.594014775139789,0.70376877553412,-0.201956960777412,-0.862596006543617,0.267917366396529,0.0259290426616124,0.00357229656184883,0.225525200758034,-0.218724830182979,-0.665149044053514,0.446708802876535,-1.01421990897362,-0.686186524522951,-0.72925426831843,-1.26518246734018,0.856352743967808,0.828473848248117,0.730421155709744,0.249154967844084,-0.593902164430533,-0.296778142492628,-0.197045916642137,-0.343859441539407,0.353479533525501,0.789330880176481,0.972408977250161,0.467275384764781,0.540012398998333,-0.129032859443522,-1.22722987955339,-0.254809458668085,-0.911933283306872,0.630472378852757,-0.0234780757636877,0.162261985785224,0.27736086897817,0.92540295086798,-0.648535731757734,-0.183341661199323,-0.56620638050499
"C76",-0.294650148604425,0.556323951113448,0.258973396878226,0.753896296515527,0.510094298466861,-0.276277003693253,-0.526939299338077,-0.718965632731871,-0.834039661370769,-0.959508285153133,0.559196305419419,0.55287025570807,-0.373954987407576,0.867547306693746,0.0588685576824913,0.519001357495573,-0.348027553161396,-0.461986976576952,-0.0608822407026158,0.153223710907172,-0.476906956763928,0.459872825878104,-0.612013054104645,0.80342427544645,-0.290061731885802,-0.503559081891174,-0.724850273383345,-0.551830813589946,0.293057095970703,1.35597171263434,-0.0604607287700429,-0.311480932067227,0.703601220005802,-0.239338404909904,1.0662001219975,-0.910054439284475,-0.643797738102851,0.392327700301808,0.0787237219998153,-0.939988091883298,-0.858007348681247,0.602096727513933,0.392258057729141,-0.276777943995014,-0.541785684435,-0.407213243480144,0.609163262493013,1.25559236016121,0.183614177977955,0.0256636461533131
"C77",-0.157254229294371,0.509925234410857,-0.735992172426341,0.470450734557838,-0.447062012395189,-0.129826908976546,0.0846824356400279,-0.549244810575758,-0.183292182430543,-0.836395183206214,-0.65074073065017,0.793669309080646,0.0249501880845637,-0.300120672290193,0.74597222693676,0.958896143640779,0.581529030147641,-0.781492585493843,-0.680850329238389,0.298090984571647,0.591512509731453,-0.657596766782703,0.106283997670522,0.579314866362321,0.735621154330311,-0.949231123599126,-1.05862242914566,0.039872193151141,-0.565936466210331,-0.0883802247798286,-0.334356573784525,0.32297224985474,0.137439157214821,-0.299321629573872,-0.484434450150519,0.196016714843585,0.0133343963762177,0.681660576586845,-0.474375047532823,1.7680221023122,0.777625053888455,0.160010104999811,0.890259617806662,-0.286866338558223,-0.187197060040525,-0.351864482057888,-0.840636671863485,-0.4809756985904,0.480565278215684,0.802233203268302
"C78",-0.506249508025473,0.441145314528191,1.08439241820702,0.748255414665111,-0.194562466498132,0.0956923068401947,-0.34077383848043,-1.01413976036237,0.238217339052154,-0.324617463259538,-0.30994533002774,0.307531889266544,-0.769302563740221,0.357377015657315,-0.979141056220103,0.953874524091654,1.02849381569783,-0.339914870631731,0.294847684863014,0.223848479329943,0.26122963266123,0.721007087560261,1.28435338480605,-0.130777898765697,0.508824608882525,1.72451411394657,0.614793263585623,-0.571291513647409,0.295048579536751,-0.730953723066072,-0.631775046142829,0.972362280925589,-0.162132460043974,-0.345857264168104,0.508431589493867,-0.444581100340548,0.30348354488452,-0.169460655832866,-0.526548247827582,0.923994098383978,0.170263989065415,-1.26606400487669,0.0748248315091987,-0.724817517789451,0.0143817672144297,1.64768261271555,0.102417958058293,0.148997244802833,1.21726106969907,-0.844769376168168
"C79",-0.368622898825774,0.358661710016217,0.636596335470148,-0.553291865698485,-0.361447383502566,0.212669337518436,0.25611445147177,-0.885973047427719,-0.163307696355585,0.0936740119093273,-0.220163108182854,-0.070587753799069,-0.502833655132249,-0.678595861845933,0.502504707505698,-0.926821998196137,-0.664164469014562,-0.302882749675366,1.1474906421448,-0.775898156410993,-0.00362516049059318,-0.415730609236394,-0.367945500222046,-0.881930533529455,0.474885915534496,0.516240350564303,0.0667376957728585,0.437624009015683,0.350557148776096,-1.65831243679082,-0.261392619967114,-0.42029200370692,0.0886627819989285,1.03831082183167,0.0124806147921606,0.092631591018717,0.167945517710855,-0.0419358578216316,-0.477222934584229,0.212317188848732,1.17558215713151,-0.956217829970555,0.995104498501043,0.71131532700505,-0.803273179042985,1.27025271615817,-1.07001778449542,-0.320263581529869,0.772278187936567,0.671751484743124
"C80",-0.636481308741829,-1.12166283856915,-0.310023862689007,-0.416999766692678,0.639532796367336,-0.502700887795047,-0.567455834223133,0.219548930215491,-0.434467079280598,0.00649632534038828,0.379831970782382,0.574926915183558,-0.287630185256911,0.375304553925209,-0.917611836871304,0.722341237321002,-0.327276237088207,0.911906199829484,-0.0325622089546512,-0.343255340731933,0.353024631596984,-0.797425187816835,0.345336772244997,0.238460866271322,0.119239731679342,-0.917718712073942,0.515305730241691,-0.0620303441052481,0.525819036164913,0.737992981953898,-0.437062360944729,0.754771249876122,0.500523297608715,-0.962445472156992,0.0869472488872256,-1.79173956318955,-0.0411169190952892,-0.758402002668582,0.012800642944373,0.367589013472111,0.288021416186322,0.0164355373700782,0.48859285219358,0.39408932741927,1.07264058856838,-1.21135310217476,-0.255427423019003,0.087889206101854,-1.77971212447462,-0.400500832621348
"C81",-0.0325446157710152,-1.17912913002857,0.900911115307651,-0.338054122997674,-0.723139454790804,0.399402406610405,0.218866469774384,0.744177571254557,0.422146645220472,0.548108119229519,0.56932130180333,-0.456043643909386,0.84265298102081,0.075069794121881,-1.74615269942791,0.865372969236222,0.106039591202438,0.213030401632332,-0.246266048503899,0.639131333813256,-0.00605761670679661,0.640247453480082,-0.425499716577199,0.246663532924682,0.514026224531782,-0.50867434069395,0.150717452911509,-0.547201004077527,-0.467000754767274,0.0850415534593415,-0.229716701483554,1.01180125629108,0.99282988010716,0.267216215998749,-0.640937065894176,-0.59843131916579,0.741580159724899,1.10605346977097,0.275865101560868,0.696069987128184,0.028606430677341,-0.9516651904909,-0.312468311608486,0.471248798430221,-0.225301730700123,0.113261620545213,0.149991276654189,-0.48368442251381,-0.524716398713326,-0.159599698052229
"C82",-0.716838646491694,-0.146855934466353,-0.342163229105999,-0.353730681051903,0.981504719412739,0.0602516873787982,-0.324743197267247,-0.289837656761002,0.766377948772924,0.269607210375566,-0.880665040335837,0.0335884847577691,-0.853136247855355,0.086987471768528,-0.372432733015113,0.196589297122245,0.585851905875593,0.699508083960665,0.0359361094254976,0.446920540416724,-0.0608713823728936,0.0875847916082639,0.000679890562185981,0.622473968606078,0.175625394054452,-0.0774541445318028,1.3305025007737,0.535130046011792,-0.724860765614675,1.31170327161609,-0.518732070661988,-0.677646771205888,-0.590469406827781,0.325599588422497,-0.469867220761806,-1.30425957415336,-1.00757431400801,-1.18924374198747,0.897032945605937,1.03731641248082,0.741161159516199,0.404284158746597,-0.249486439481708,0.69355833825641,-0.0840920541363524,-2.01428238695551,0.504781199265232,0.04603854306774,-1.33272044494842,-0.38255380684195
"C83",-0.142406965083222,-0.367389280184546,-0.833349349073127,-0.491324564508215,0.112697212899549,0.95043731757884,0.399379053483984,0.174534321190225,0.207436168911794,-0.686029197987039,-0.175869607874454,0.0947270495633653,-0.206737742151539,0.39225547526064,-0.0164322636450045,0.480037621983672,-0.42223712028801,-0.038389173901334,0.228370760917804,0.528764172130046,0.724332639114758,-0.678864365369774,0.419356320678433,0.17554618787209,1.14204865667004,0.0109420046298661,0.524649388256417,0.56960294880295,0.496522208091086,0.114277649210936,-0.00892484826299436,-0.111345000874474,-0.434353353170482,-1.32176027234698,-1.46267360195017,0.122838955373431,0.261858795114438,-0.151611667266939,0.696581066655223,0.0313547963454094,-0.939410213809913,0.372746312670665,0.203212459513546,0.247921020545764,0.580615794943076,0.482527650219471,-0.724619822686966,0.0971869476319562,0.140705522276474,0.102181704772623
"C84",0.256370366758243,0.441165361868733,0.474367683500916,-0.135944899421679,-0.547424234326859,-0.470775044857914,0.129552437558262,-0.144901051422038,-0.487663721477238,-0.879058089696647,-0.627434580073364,-0.0530014306900879,-0.90533069639285,0.822999739895258,0.149704023614281,0.508072852062502,0.992034774416946,-0.714303055559307,0.651214951991363,0.306156943605476,-1.20361916024981,0.562137745726419,-0.568078288203361,-0.0742175693085355,-0.135146386663166,-0.620961567439177,-0.0720199573218537,-0.278874971340286,-0.0321576742852616,0.183253560572461,0.376222664419265,-0.309885869657401,0.123032652266135,0.634272178715862,1.04849805353405,0.502145265795149,-0.766617663441628,-0.809486792831519,0.389028512815015,-0.119994889037259,-0.190155055413275,0.161144270334376,1.40920649193531,-0.665167041148103,-0.990534445224865,0.54941965939834,0.84906072262247,-0.920536550674116,0.369856135727658,-0.712748020033917
"C85",-1.36519086439189,0.444017841276893,0.263046560653597,0.029985989707834,-0.151627503639321,-0.351862686744862,-0.321709692646343,0.0878141227006277,-0.582520702649563,0.645306734249288,0.349306285438055,0.244981404761172,0.375177217857188,-0.236895942709503,-0.588442370342667,-0.698996232227254,-0.364626966571082,-0.295199994663902,-0.690682729572728,-0.735023795865637,0.364917036033118,0.403203628861187,0.0064341795559683,0.679155548523847,-0.538894504250022,0.078738332772049,0.0349336232140326,0.933469976169668,-0.395340175470388,0.495502412386311,-0.115952240542215,0.733441122389129,-1.0823188464359,1.0335978433368,0.981056933261825,-0.0567814421868013,-0.507453943573211,-0.910429472117191,0.215829734417327,-0.230649041859217,0.300799863786472,-0.172691646163771,-1.47334541964091,0.161287447133625,-0.551248196715895,-0.0826565382705087,0.0595479149688414,-0.594392803528308,0.223547001835453,-0.408558409734855
"C86",-0.858113287933151,-0.746489210463591,0.0138092556829778,0.139056509494231,-0.0367945834063331,0.389624557559082,-0.447970020462508,-0.0276772896919059,0.223930563331536,-0.0508743010541166,0.707134157488098,0.362857788292388,0.0666814290975688,-0.221244860187727,0.742633742173994,0.429701478345475,0.32922499066474,0.382181354026999,0.425490276226698,0.419944752037023,1.01648336816347,-0.0609877236840832,-0.0911260915748211,0.390389693270851,1.00593754038991,-0.925059820101617,0.0494557836933737,-0.399251275234334,0.2163931262668,0.850818106081442,0.0420556617194265,-1.44106129360924,-0.226048539387408,-0.420921148085929,-0.851194539331846,-0.717187956522525,0.158824267063011,-1.17513086506203,0.6627498104443,-0.201365931405034,1.11298542159621,0.144634221442606,0.407947144689977,-0.0125379926956011,0.746482229547282,0.0147067072557178,-0.00536625473313618,-0.0917593315761869,0.351984406209345,-0.582778338932956
"C87",-0.424538937430018,0.249219909731039,0.0498030273677105,0.280960756339456,-1.03514552140374,-0.197169909940816,-0.465922514732935,-0.356141575568468,0.256479222523487,1.29901963132574,-0.125765632634012,0.192808472922515,-0.815767006268424,0.236164918968663,-0.780363671555795,-0.379227884405769,-0.227241086743096,-0.547097471525588,0.332353047322563,-0.802567302231376,0.234174879506838,-0.0962759394509713,0.253911680239897,-0.351385581489352,-0.997509328077317,0.138609352110949,0.0570417015452819,-0.289880278041483,1.13629775965927,-0.355732380975644,-0.619264162687098,-0.288931422903263,0.00666378028134394,-0.376511521238658,0.828708439320129,-0.436670178449813,-0.230482971732445,-0.870364199882769,-0.8225254600524,0.508333675245509,-0.493801272259507,0.5712821704934,0.533408459940257,0.280996755233637,-0.207968214673194,0.652577840701743,0.703800501445694,-0.265770537217825,0.214343109842562,1.64917038375791
"C88",0.641405968833401,-0.670305123327259,-0.64975627971855,0.096794751437002,0.73423985977761,-0.867309244711796,-0.100781251336761,-1.23669034638586,0.79331733199277,-0.228617022990235,-0.217254682182855,-0.847876280766506,-0.0594291897535615,0.0675557866495713,-0.470761071651667,0.0728375207942003,0.623751061241941,1.18442537604914,0.37346537635217,-0.51831213860378,0.698646689711698,-0.229989724932898,-0.151242775420881,0.151038968087273,0.490060718091015,-0.59578340374547,0.773580810354348,-0.194620562722335,0.205418198675292,0.0973441162928721,-0.740453037386835,-0.167164221570194,0.69399843604602,-0.459860631652127,-0.259114466174064,-0.124594219089195,0.745868603303779,2.21013729426203,-0.815928004506034,0.0720156749612804,-0.127492163510451,-0.241285016885938,-0.145763239782568,-0.919340269283166,-0.226528555992939,0.366754547748449,0.25025843215481,0.0449418821069748,0.194609640574858,-0.887321809865384
"C89",-1.11963966509816,0.0452681165916461,0.634758012871435,0.306621362179346,-1.0695033217454,0.366667803054168,-0.989217164641434,-0.742956443293926,-0.118283234532521,-0.651012984799028,-0.786722411609595,0.425000948278448,-0.00976365306183766,1.10212646668883,-0.60728634671946,0.236797688192646,-0.469449747006534,-0.357152850061204,0.333763357939521,-0.471661831407144,-0.26645604830466,0.793303483601683,0.455719809689019,0.0581159331764454,-0.301809495544639,0.72606555925647,0.545554633511972,1.32730781537223,-0.249269167246773,0.828605790694128,-0.148678516554569,-0.13014017011132,-0.633217744200569,0.314001373092485,1.21598139383821,-0.612107021852324,-0.156414899703442,-1.03137679447292,0.258779058258713,0.664421937076255,0.396506861101104,-0.512088201992493,0.0678970581368142,0.630472088061665,0.223943296334187,0.034207643478262,1.20716056748763,0.125180006312625,-0.155684143448141,9.67054087438329e-05
"C90",0.666637833763956,0.479020381884406,-0.578648284962881,0.371703621366273,-0.668814760590812,-0.517986705706803,-0.550241645821096,-0.390293031255003,-0.539709747469261,-1.63971562600528,-0.0054138875572846,0.0265376342343384,0.548164185543354,0.928888420506851,0.766601115726075,-0.193743999561491,-0.662512882919192,0.346815446336466,-0.936822238166878,0.733517454423871,0.261583720341527,1.57311713006806,-0.855311209413549,0.367435256152293,1.72257354283849,-1.15384519300406,-0.911399997715624,0.174650626664738,-0.532334559807913,-0.471275507307662,-0.543192533455351,1.87847635305636,0.138831085473734,-1.43676911626223,1.33862073949524,-1.33428546088053,-0.346685896718213,-0.923076260336607,-0.894112028009251,0.616132077894844,-0.781040073262132,1.35184079254175,0.610170553665601,0.316050517543809,-0.316186045495812,-0.223236414099862,0.347647013776086,-0.591286593699736,-0.648159969274793,0.302160142112645
"C91",-0.192295208916593,0.869479031572276,0.456817395753954,-0.157735867924803,-0.411024995426984,0.699686871015126,0.854923072624081,0.114419862281918,0.307695996726416,0.834816828544684,0.21806862183929,-0.232404543044218,-0.246925698034574,-1.17524722789032,-1.60136439889965,-0.879598271347487,0.12684191992266,-0.190305084577412,1.32286557760141,-1.30864464944048,-0.344760118055149,0.265136033230697,0.141714028103605,0.584866385186749,-1.25182387901578,0.79613369974124,1.34661801750613,-0.301273313218592,0.499926864191884,0.0519745037836993,-0.23912289158819,0.408762271503463,0.747492963389789,1.32360407965887,-0.91867534613786,1.11579447708302,0.499082055249973,0.193728326538168,0.0252927077814966,-0.540499915054063,0.60456777738088,-1.06098936531327,-0.688540010529915,0.767736499196658,-0.0256418967097128,0.613641181033439,0.504859662922943,-0.516832299806873,0.908738679058101,-0.352579081455512
"C92",0.176702190398421,0.554292461996164,0.0338066756533104,-0.564305721926998,-0.126375881845362,-0.543744936609229,-0.41548517359823,-0.930732575459476,0.340197935556473,0.314585413784837,0.43032854905733,0.141579561723558,-0.177542259712369,0.599576766364092,1.42216567613221,0.328400459737777,0.379710075470926,-0.561455788298717,-1.17162133653868,-0.384658831266781,0.0920051201381993,-0.575574576603554,0.705422419647837,0.619501643245135,0.186898106980938,-0.278485221829885,-0.896397073546721,-0.392454811465042,0.114715706973167,0.373106578587975,0.0237481624752501,-0.105721059359943,-0.185818123807105,-0.885051397094317,0.110180846477965,0.0445508386307157,-1.48634779939172,-1.75510950859397,0.0993630254900806,0.639321986127071,-0.356825857707962,1.14026095941349,0.721221239726889,1.31007644144026,0.0501414552474029,0.695450140486903,0.417196390169774,0.670478572126451,0.901116497453179,0.127190753842887
"C93",-0.694237812176583,0.843524349356436,-1.25937350015773,-0.227348332208475,0.107723652007162,-0.671026260070274,-0.910297584942887,0.485374827938816,0.192762567121985,-0.858447733381757,-0.546978045909645,-0.193551008367396,0.821092906922323,-0.298212437760575,-0.834027424691965,0.0327882204166041,-0.532961005427369,1.23141376793192,-0.280929202431591,-0.00288556214750266,1.3279126691647,-1.53677296115048,-0.130695768316137,0.0971650539487636,0.219765241489982,1.00190018735228,-1.34646755588746,-0.075146086779688,1.07933902565716,-0.51856495702489,0.69104440587926,-0.25575050835621,0.0814893374940353,-0.765897678151936,0.0590763368050898,-0.388323943221792,0.274403399054918,-0.408329325388562,0.508107734319164,-0.349073652770989,-0.517588353756305,-0.194565403689995,-0.0037632381942287,0.0355774545526864,0.747012679536772,-0.228649046548663,0.0783347507563465,0.556474904408451,0.122823455716353,0.554484280400987
"C94",0.175809550062843,-0.238921571334259,1.20121250473163,0.389747297670244,0.293268470146808,-0.239587371576524,1.31372736603506,0.598894425975427,0.0181983594100813,0.580469566364206,-1.24656435777063,0.286915354454016,-0.753243404997682,0.475726714850809,0.195184839788604,0.53698147803207,1.10420773908799,-0.33611774802741,-0.187939945459186,-0.366605495354781,-1.21879408629466,0.311664946223987,-0.354097390277219,0.267567329802931,-0.807201091673274,1.20542441553105,-0.202495661723444,-0.711929499083866,-1.20016078679845,0.332057134045997,-0.193341694260072,1.0230422207267,0.384448142883521,0.361128020372453,0.364323955731844,-0.751115121811076,-0.426594874228142,1.38151577965051,0.317282251222549,0.768116862542205,0.31036400252568,-0.440474772982173,-0.0510465340538683,-0.318161249861563,-0.312607171022961,1.56356586206639,-1.39658612609731,-0.373255108961868,0.707319374261309,1.42874317907481
"C95",0.370185728484593,0.785023850847454,-0.458014428681422,-0.488577894421032,0.405582626891927,0.131826478482382,-0.103827280767937,0.0205018180554837,1.0842728431102,0.0871811610604273,0.437443116752424,-0.619428694408577,-0.584304647167489,-0.185389040632243,-0.749898184154696,0.243378407772994,0.128558984140445,-0.234258117808018,-0.463249110148669,-0.026947664200891,1.03572528946448,0.23566925127948,0.379447198206335,-0.140004067341198,0.452773470889015,2.02829159984096,0.912007394188365,-0.637300852666875,0.954046777707805,-0.46505874594076,0.483918240776486,-0.689137816525657,-0.227314430768224,0.575881389345122,0.738144351928999,0.350422599083735,0.801266466638477,-0.188268173349046,0.553085175230644,-0.0437892978137279,0.14465328609517,-1.55160573458406,0.922901834965274,-0.0065304904544637,-1.03424751481293,-0.106168207816941,0.25379928348773,-0.236889497222054,-0.458744413229253,-0.72742083551169
"C96",0.868104591286637,-0.0882296949523485,-0.183618273985729,0.627171149166261,-0.132667234895875,0.196374649461363,0.20932532604399,-0.57307756794765,0.508614554508606,1.32375818516875,0.75699901554995,0.717433030285049,1.33740697546076,-1.43837875327874,0.903888657006575,0.116359714632231,-0.638330736020524,1.75960579690547,-0.33181018299813,0.184572530754185,-1.9028620668737,1.96224309529952,-1.25505745320939,0.377532163747709,-1.21670383291004,-0.3131050137254,0.716093944280336,-0.51645794129753,0.101505716988479,0.00701520153343787,-0.00438529066763914,-0.713755631763757,-1.18709552726448,0.347686078894351,-0.624313944556627,-0.489251874896611,-0.103523962677268,-0.883860290261129,-0.159376449782549,-0.420332691763287,0.0908067186439281,0.113134869414169,0.180516312248829,0.166316472322111,-0.293407993288145,-0.21343447304097,0.373769526053473,0.932303877009269,0.353037239376774,-0.227506652236135
"C97",0.407666640718451,-0.772335024833792,-0.37154037608045,-1.21597880148655,0.389580955496737,-1.01859347910852,0.00484829679560488,0.100008003643154,-0.211115488732264,-0.831998467995946,-1.53132538939428,-0.397505837918614,-0.445344400576126,-0.554409434774166,0.692909996548931,-0.0164804819751909,0.0639365230535019,-0.342728757337565,-0.236694688190976,-0.639617702083718,0.647914029420289,-1.99625165381775,-0.693234725583041,0.664106133259343,0.100450419030505,-0.10744297193756,-1.48400584494347,1.36110706108534,-0.579105050837731,0.147423625402604,0.430976958987534,0.764617651681603,0.395915220732464,-1.66015624332966,0.310303904986825,0.494217677146392,-0.755696586693884,1.52398573623417,-0.165564552515875,-0.899261506921212,0.152524451485496,0.640334154966019,0.0592842076146317,-0.0663938139540006,0.0946472580003367,0.35913387248536,-0.709747943273521,0.897809900594892,-0.747056282590052,0.739038978202566
"C98",-0.654678851089371,-0.260863786077229,-0.35792219376711,-1.01138300387227,-0.64927181513936,1.05987126530155,-0.0723732808528614,0.391368521310849,0.143086502969635,1.10742508087057,-0.190761095821596,0.757098731446023,-0.70416057738175,0.287604726003678,0.571283482643911,1.14112148720254,-0.187842372164253,-1.32946639287474,1.56531054247304,-0.625200296453244,-0.737706598968917,-0.316790272236035,0.0312397266102538,-0.211996845580966,0.268728333038818,0.299061367882317,0.913358560637627,-0.917158368836861,0.974999131249651,0.0863960393600459,0.335407205940132,0.526436585802424,-0.595199738788638,0.296939023031892,-0.335960597362053,0.475440600617517,0.410040071049646,0.301248447448865,-0.100135506205918,0.0141613522872908,1.00245806396147,-0.85613686501944,0.144832853665828,-0.78832966711968,0.402398248804228,-0.788604041156917,-0.741089166144153,0.0495915224020711,-0.0308399078924032,0.0119708527849343
"C99",-0.0112498878464467,-0.436229348387734,1.21583848472613,-0.308360045192019,-0.682814271568488,-1.1712228538628,0.758830994511176,0.379479294003278,0.111330527390723,0.424862922984356,0.328802956252589,0.760824418424712,-0.132871195968589,-0.729576213620722,0.666385379791253,0.556292942809688,0.404941362166449,0.201074982589624,-0.224714046928539,0.799961787824911,-1.22914135635898,1.08620993516647,-0.505993856039147,0.801338044156601,-0.811579974420642,-1.08425554053615,-0.689389744472082,0.0791372544973546,-0.612655386618596,-0.0993169052989502,-0.600152503968221,0.131749482854665,0.0097944307542048,1.00005355955061,0.00127451757069074,0.11614198497542,0.283633893528126,0.606276337855681,0.897622181817925,-0.0480436124701506,-0.590423802699913,0.2313646706478,0.4013888824318,0.0337151103752948,-0.215301606255834,0.834560684759733,-0.906156757887316,0.592160406213366,0.655177117586576,0.234563645855774
"C100",-0.730750506427674,-0.440407324193998,0.709609264585229,0.856364059940057,0.27640000863314,0.416619829291287,-0.914619948412495,-0.413569760364183,-0.149867493539555,0.702307380880543,-0.300060406026006,0.114011146565268,-0.0267203613797317,0.939867251388167,-0.710929454305438,0.0115361202306815,0.0597360871559468,0.86017133946329,-0.437557174738892,-0.752355081821736,0.849444558154028,-0.378968822172559,1.89338829280462,0.076402399847434,0.368024636345116,1.2073326101824,0.0980733729338752,1.30375474146703,0.138230183696565,0.958643652284467,1.11752610661246,-0.212061754528076,-0.760531103566072,0.619873613374709,-0.64973084457216,-0.0722519021660445,-0.140007272185257,0.439885848644991,0.240401793008274,0.252119273216681,0.770696380284871,-0.211293978346852,0.106423073822773,-0.162799044600917,-0.487048180083777,0.898564144579718,-0.738496693614892,0.00112837670622618,0.332972515586107,0.0330706994040019
"C101",0.567211203604025,0.00760530697023296,0.267124489460297,-0.302808327772795,0.49956422215059,0.198535288352636,0.0678913132573464,-0.588840763545568,-0.399877086178846,-1.19713200496642,0.74076618533836,0.316254104865683,0.550260620257205,-0.166174203063806,-0.802473778690669,-0.802313447295829,0.809858510886397,-0.561159511850366,-0.7229678141649,-0.112485780013629,0.626039662084179,-0.481849784951484,0.095512003812673,-0.564991230311501,0.621678902428638,-0.52669163031969,-0.640443798016909,0.574772530097827,-0.367483769233172,-1.05053629123876,-0.630001790716962,0.120671556784157,0.218831832808647,-0.547491602625225,-0.529978415421101,0.411995882147107,0.420013606088651,-0.280472450117655,0.251687213312619,0.0249421936305905,-0.605592280802198,0.43364420191213,-0.239646875875288,-0.423930443204657,-0.663981542179725,0.0937196504707175,0.938339263117989,-0.680042763913238,-0.0435572071806269,0.696166168767482
"C102",0.851084703923145,-0.376444270157437,-0.238362839934381,-0.86880481571549,0.178151069316992,0.136647967421977,-0.46940800439846,-0.652426690206391,0.891919444858846,0.275220697862412,-0.416420685911622,-0.475532850031543,-0.731055753660626,-0.30689693447873,-0.355948031847265,0.243986055517905,-0.020651350249743,-0.294674083651085,0.513451941685251,0.642443720466359,0.65159094623987,-1.00320232493257,1.20229973799725,-1.36431068226706,-0.426992009351254,-0.499518206007076,-0.306335004353077,0.735626230817205,-0.106216261445965,1.02994185011859,-0.412995148685996,0.0444041585938309,-0.76641195537155,0.766031020176745,-0.0210190948020972,0.150006792390953,-0.0123278704385664,-0.168058959612278,0.00685853273611693,-1.01662119376365,0.533811226265074,-0.78568129400183,-0.0311697695099348,0.452467233545394,1.35775555979989,-1.07691289144372,-1.12399495976848,-0.282234726613623,-0.0284747090406428,-0.479822958139917
"C103",-0.796744748644248,0.183233427762176,-0.219977342386007,-0.535567650174244,-0.448415623276135,-0.11827158961232,-0.20966739493228,1.32483245100508,0.2536027117605,-0.703925098994012,-0.829989819061605,-0.341070255634882,-0.0589067989168802,0.477634599678281,-0.874058369071206,0.556044476766459,0.0708441138818163,0.120220329518127,-0.0342514602807707,0.0365690774942675,0.224123372529849,-0.203539622209339,-0.00853793988276741,0.0745471657051734,2.80335979079525,0.155195372164959,0.0566052635274424,1.01807203582309,-0.0998858350027083,-0.17312829052275,0.473497594697628,-0.385021686602161,0.704790210675089,0.828285873422347,0.542367896187095,0.162522217454031,-0.161361003318284,-0.567734435973731,0.199526296918762,0.0365946282033956,0.246877551047162,-0.146905056965572,-0.0630245664436522,-0.596257323226402,-0.316413195061177,0.00636766354951609,0.641534593626449,1.16116742707349,-0.148403231265068,0.979385035365142
"C104",0.637604182151328,0.275938014838542,0.531891223518643,0.94247919398616,-0.911121857314108,-0.757293232688007,0.606242664530642,0.808372136797175,0.364906623871157,0.555783408521412,-0.565382844918897,-0.654656423926358,0.185181708787236,-0.339646253878644,-0.275513772855818,-0.419349490493599,0.399836593696189,-0.0429594930881398,-0.178285615195938,-0.23255768365626,-0.527196598044361,-0.02530747700007,-0.360317199881239,0.284803062808386,-0.131179607154382,-0.621038660582572,0.670258606492075,0.733568814269642,-0.441699621858005,-0.74601335637926,0.0582562342460549,0.248168879098086,0.366109602267547,0.838393536100104,-0.215062759700692,0.240388306061442,1.31917107730684,1.14923921541684,0.456541230354738,-0.0456389057932043,-0.274519414464535,0.347765816694832,0.839754617978716,-1.03080949586189,0.444527538759827,0.0893437324240102,-0.80347846873141,-0.61399010244204,-0.206426985328715,0.678545130840198
"C105",0.15607130889824,-0.335597487548365,-0.00887793737227174,1.07317955677431,0.0829228064390335,-0.936232561963383,-1.39689750585713,1.09033940836121,-0.570811660338758,-0.208415000818869,-0.339332998931221,-0.558250689611938,-1.83220319626245,0.150954819742225,0.781015525944941,0.53726328413112,0.323675940797325,0.841628380508944,0.614490158431135,-0.0845304400292385,1.02485620615106,0.08505145237485,-0.172867734275935,0.756691413074938,0.950887364844085,0.993162472615383,-0.734424817195126,0.475255519146041,-0.426683628563196,0.688183402514656,1.14014781356146,-0.8117648596393,0.0549370042438484,-1.01017738304672,0.4358178388445,-1.56585037828493,-0.973713982426257,-1.19777931989811,0.60296757310142,0.650847684086357,-0.556795173843714,-0.00349059516020607,-0.44978333318758,0.463689058096288,0.575876197458475,0.689052088923471,0.557819098275603,0.363925271339765,-1.1206820435466,0.384741756681896
"C106",-0.0217939446566527,-0.215115415677934,0.490695358565632,-0.219090543090099,0.284494023109348,0.00204358269766312,-0.616538103184499,-0.293869464186123,-0.425823881734585,-0.686363791873692,-1.26045670338769,0.0603649584903159,-0.85351992034837,-0.503831677350686,-0.657438201372655,0.184164233423174,-0.570244008585554,0.331630219220259,0.97685129173833,-0.333354146709838,0.944946069777779,0.734733764154943,-0.46709033226201,0.0161181009723216,-0.138365429051355,0.890068372224824,0.321139798903148,0.123210141884266,0.668045980683282,0.0266416162971386,-0.738791708219277,-0.0897540601394927,1.09501381292442,-0.994356612929872,-0.386897448412177,-0.596711798554818,-0.599198779521314,0.96699421057476,0.281006270812653,-0.263713831996887,-0.0973881092995072,-1.44270974052402,0.338377373720985,0.728448514756373,0.33322020157493,-0.0538427415100831,-0.995103173514361,0.221364164787445,0.796869555403919,-0.126156756579738
"C107",-0.0599459702327267,-0.164211028477731,1.43102635191885,-0.216270408828602,-0.255498074360543,0.195825032105241,-0.247478506400964,0.831167775884886,-0.368610885713699,1.34188748536783,1.38794818810937,-0.828617074215388,0.00553933878305517,-0.545358629821366,0.405075310595757,0.300778658953221,0.342312298303308,0.507403632759944,-0.459514958244761,-0.738219713817857,-0.579043581481633,0.144137801703218,0.0197542652945467,-0.557483749700761,-0.342078658314524,-0.566997440354615,1.04367104390195,0.79315792347737,0.319911619769207,-1.03725531768768,-0.207953376386521,0.417691026650491,0.27002197088354,1.627932314889,-0.6324563785188,1.26528447602363,-0.296609613200498,1.76134334570895,-0.018836725529012,0.0793662001753216,0.43808966287667,0.0241401558946675,0.0120435522034979,-0.783913493820065,-0.879687664038396,-0.071094583730826,-0.83931120420506,-1.02833187879623,-0.507482354270754,-0.428197050110908
"C108",-0.431090534826184,0.532789292919606,-0.0413279164645724,0.16004007001772,0.029708416731205,-0.197961371590768,0.223004259154925,0.253114998207092,0.522566329748116,0.69137687250665,0.89545617101985,-0.0834066648473445,0.275542514461694,-0.175430858118286,0.906760780379034,0.0902489521893786,-0.186145049036681,-0.506231251297349,-1.10885647247004,1.01556326624521,0.163431934367245,-0.121706205753297,0.568731691433022,0.314580943644711,1.30188607521579,-1.77472665837175,-1.36097971808232,0.146464694825918,-0.0561528157700035,-0.339724828679665,0.719598237681348,0.964302047356674,-0.918130490509815,-0.210410221308248,-0.673364881174328,-0.204754687170061,-0.181791358929493,0.977823560564806,0.767451238717374,1.19662251584851,-0.838591115773332,1.71874224304025,0.840353018829645,-0.702718590800369,0.585280178015464,-1.18781900603273,0.847969681336165,-0.439771620645044,-0.998562665370557,1.12599915420078
"C109",-0.55301398715195,0.334890201708424,-0.200386196546533,-0.791448715004122,0.301889074598444,1.25121781543963,-0.548297329325464,0.463949460978544,-0.41338828835754,-0.491024347131796,-0.495073485062369,-0.688373175826344,-0.149859570832962,0.545593643337606,-0.65765830887828,-0.181588299308314,-0.674644372871253,0.193701539660592,-0.583373651848984,-0.598253715662,0.79037327853962,-0.590727727552401,-0.48167528756645,0.0449950078319211,0.623893223400344,1.15750752237921,-0.162355440192217,-0.0664177449036378,1.07832012676432,-0.211736473828388,0.423255737209069,-0.205678706274149,0.450651986468485,-0.550597686543182,0.667712719559825,0.707524802593604,0.273626037772227,-1.38033854141127,1.10006306354643,0.00659220366819235,0.927972934290003,-0.210634380459044,-0.800226387438685,0.466176309821698,0.348334433851479,0.263492698827047,-0.323465987782426,0.229835984652463,0.347258241900525,1.07239031177554
"C110",-0.0389619632764044,0.285375597834179,-1.12097446585905,1.28612681954452,-0.0115707978911641,0.206117716487125,0.0830399118008945,0.580544229769431,-0.916954802168312,-0.233690947925558,-0.772615584649196,0.237035414616377,0.264717768659817,0.549526262453199,-0.198608627479803,0.638280894112724,0.0608357187183219,0.675742113330776,0.813169601662542,0.635084743861037,-2.13544941951915,-0.546084572281524,-0.013303435991306,1.13067246257129,0.0274349558450993,0.00361089468642351,-0.493106259463496,0.759253564528061,0.389529309076677,-1.07875411377848,-0.229165689958055,0.296664322871792,-0.280669087271142,1.1577620426515,-0.348678660945892,0.959199754128999,0.498952992281402,0.0324809233148548,0.76023833910749,0.651848891258433,0.783812828151678,-0.143890805180736,-0.367145782426619,0.204342509122046,-0.382683194661602,0.07661994112716,-0.0867132270011417,1.14967435141387,0.434233179818281,0.350052377072424
"C111",0.28477147882001,-0.680004519556435,0.862709637329511,-0.455059443653306,-0.351340394278459,0.450075002343485,0.435445346997671,0.171928541893747,1.46451220104522,1.20189283019471,1.48388777766496,-0.604709733423793,0.203009433789069,-0.333817828277627,-0.872577949188972,0.363880276338611,0.260950730549673,0.37093188687128,-0.457832694012113,-0.142754870005412,-0.373697682244533,0.117021365009623,0.262750020522246,-0.224582903066361,-1.3566220263705,0.165884921239727,1.38687698807291,-0.257781172948867,-0.0927998200952157,-0.461515510727653,-0.245144336887972,0.206863403246146,0.906223183082634,0.884900370974811,0.0183557676001476,-0.290053222965278,-0.934276235781071,1.32693471598494,-0.506730161466185,-0.350599883748246,0.223223910838088,-0.234489100033177,0.427706154249286,0.344319901609112,0.731543502060466,0.109949701076178,0.0975803134084234,-1.33235613764227,1.22084147631366,1.02230152214923
"C112",-0.500733773466216,-1.03399585105792,-1.39305605074414,-0.219504691960317,0.121651281148121,0.506914033025155,0.326137796154631,0.410753205025244,-0.192667308005693,-0.270257582506384,0.0566682655652609,-0.764597994933359,0.591856135001058,-0.788446158659045,0.581317067502523,0.0120354990909369,-0.788690257289614,-0.632577882928483,-0.0966577033222731,0.414087928933558,1.18042435809438,-1.08001338298073,0.144994536611822,-0.0947127546320492,-0.202032625894347,-0.100361457470073,-0.0834289349811196,0.822259178645074,0.123829000721901,0.662466938290328,0.524280907603292,0.342525726956274,0.449645190764912,-0.799254028571972,-0.634891801267138,0.0102174750205913,-0.44899476041254,1.61908330443654,0.70757690866772,-1.34232909729604,-0.517194230550841,0.756193087083647,-0.741726327366823,-0.00558777695299185,0.00647985417589863,-0.945679973547168,0.542811648095321,0.675134282766491,0.434858751757259,-0.899682454330788
"C113",-0.56178598977932,0.408616163105821,-0.325967563387003,-0.198767296528474,0.446617178476955,0.211486770155703,0.429395957289598,0.779558611253991,-0.693263983525619,0.0965215499257508,-0.279444132393684,0.963236492108117,0.610596100066716,-1.15182192206237,-1.11078226093849,-0.180655473272116,0.566463111908099,-0.18783279815607,-0.247234712597631,0.480750271241499,0.16732900219083,1.54258167228225,0.485334234947277,-1.10123581961643,-1.00528046085343,0.836204405102352,0.895326388839686,-1.15057362637288,0.484051769041033,1.50510358696409,0.655658511319517,0.0939354460413056,0.64804922939909,0.361799972686396,-0.178777953946274,-1.36411755920052,-0.0321679439808993,0.00814589042220782,-0.564360163084757,-1.5847954654022,0.51622055050737,0.359584221913972,-0.220478910494439,-0.150782886257347,0.836077104995721,-0.721587927874177,-0.167387912147129,0.244394913707131,-0.359403432172242,0.0287633568633847
"C114",1.20151920502029,-0.407770834518109,-0.191810254006005,0.752112551954996,0.52039254448728,0.310511260963176,1.03658941407102,-0.236950379453152,-0.679610634268484,0.389287982357239,1.47467940599173,-0.963617353800602,-0.224465754012917,-0.428304048869763,-0.647323241947866,-1.43037428478876,1.49693251822952,-0.632588959568724,0.212075638011794,-0.743272656768682,0.133565639288533,-0.38444191988174,0.536822300453733,1.43352439582558,-0.295979742185928,0.825367627449525,0.496983509697408,-0.915251230411714,0.668498557600215,0.311951081257198,-0.693216795195566,1.15924084377726,-0.394148636460118,-0.719022027161558,-0.146055967585898,0.345971446300611,1.0256843873951,1.1001884853864,0.160852829814753,-0.827204155363444,-0.0914496483816405,-0.247910635160078,0.910205226379676,-0.48966386590775,1.00729888745146,0.903843101653267,0.156066143996327,0.35162281578883,-0.536318834049527,-0.104516608541998
"C115",0.506897184097661,0.377912484170085,0.38318928127102,-0.384468993957116,-0.196404406944344,-0.360322795886655,0.231262246407023,-0.766405593412189,-1.12830754648552,-0.0270109555880802,-0.330501951435239,0.452219575312504,0.992288920197879,0.0462273405807792,0.346690107146288,-0.0714276375557367,-0.13408451478329,-0.114903664880138,-0.0880102683994997,0.398692586098639,0.345337005573549,-0.716388724787605,-0.548599699994614,0.312621654048321,1.56374351870907,-0.984566561175681,-1.30247250287536,0.0979544139484741,0.670010641916821,0.11197762120259,-0.27538459172016,-0.631877017931756,-1.54003240137351,-0.761074998198534,-1.11062977287067,0.195370326271929,-0.0785551147657066,0.59163306507458,-0.412704713109488,0.672642529847344,0.140029478659782,0.32374470772922,0.398933695826947,-0.475941120645405,-0.515896777599832,0.444692635164244,-0.579916141755781,-0.0308375607820761,-1.0744783925257,0.0494785045858105
"C116",0.048515910213481,0.0810468935922795,-1.19266493077887,0.75266977511015,0.114690420078556,-0.315606153168556,-0.0357904237331812,0.067781913220872,-1.35127774956119,0.182517733393354,0.520806703561492,0.703469616311688,-0.0340429723277652,1.23910891743316,-0.948669599471481,-0.683436548592541,-0.64035308882435,0.332887236770515,-0.455517929625358,-0.225279059169268,0.0244909479446263,0.13047625128132,-0.266664891588943,0.775229425611634,-1.10924903185178,-0.452892871807333,0.403958448579118,0.196715482540256,0.147343535001355,0.441826948520253,1.07015352890342,0.688312350383612,0.554197156158947,0.484970390434845,-0.587720733966631,1.03176359934158,1.14689053640863,1.28489297363792,0.214568365852936,-0.602504493306024,0.0232975775136888,-0.0967271130536285,0.425583562490925,-0.112988922286222,0.115703393751325,0.21760616862047,-0.444546768096983,0.996088415835704,0.284055931360674,0.0260185080427956
"C117",0.781693265453404,0.953945460218282,0.332187875325981,-0.195771437387288,-0.953328505813306,-0.438112609838215,0.899469011951829,-0.540567573737333,0.62333576009158,0.252617382649019,0.793835959537358,-1.03878680246992,0.153871605817236,-1.0053021496926,-0.213335662872405,-0.715658928322669,0.021340167907919,-0.0725951582405982,0.112987604795608,0.294638125611118,-0.754172669615331,0.818457852641246,0.464178512348644,-0.413784946418296,0.399294020062841,-2.04593645321049,0.941486618887824,-0.929372992675214,-0.241073341881412,-0.0849841760426315,0.599341790972382,0.0441938676340475,-0.00693376726929924,1.16362813027351,-0.868500483744426,1.04582286370518,0.374154701165608,0.632676847614832,0.677615056089189,0.217297722618648,0.185528108757823,1.14133448137265,-0.125030930403466,0.398718580054486,-0.582447109742192,-0.0507055886053769,0.295184428490443,-0.0227479842305684,0.779960454198158,0.780549097029223
"C118",0.216343141810201,-0.31187830414542,1.04290095970769,0.670787472789966,0.811478619830938,-0.0908273014530317,0.515183889280267,-0.147394716809322,-0.778600511096045,-0.370345238865355,0.285907595094122,0.647659609484284,-0.101014516828519,-0.996737987537909,-0.70390070752549,-0.211942313168769,-0.0367684976248192,0.609589674390403,0.00673849909501934,-0.600059454377592,-1.1608534015853,0.690230848570948,0.309720990900202,-0.88138211278503,-0.509982558377017,0.948069618598491,0.141147131072351,-0.690568611172394,0.325259546863596,0.483698295534963,0.215810643532985,-0.0946679547358372,-1.09384873715026,1.56738088257906,-0.616962374022722,-0.564431726311235,0.0149125573257066,0.767588335349743,0.00379863911478242,0.258999011661341,1.01119140058025,0.113140444472121,-0.458902936629952,0.286090888349508,-1.18672008498238,0.12268153867571,-0.322798139364513,-0.0976885915681698,0.985650730047221,0.0505094151494646
"C119",0.44536925365475,-0.0849913642152194,-1.26093537833807,-0.0587199644072534,0.450182359510049,-1.43823993451455,1.42030158512704,0.257475354926149,0.893463542482091,-0.420396797170713,-0.38869259121789,-0.00989777390812314,0.666932003933298,-0.909329923830448,1.26688947800061,0.461014184691004,0.908773402134722,0.273562554180298,-0.566682499638777,0.37246296183516,0.597792401468295,0.0369040854581308,0.266436077683806,-0.391824496624875,-0.237932155134035,-1.99209658512987,-0.867095600224504,-1.12945020713678,-2.10762114122184,-0.486271119683391,0.694493148626023,0.121276106166689,1.17238812980327,-1.93697789608963,-1.06626686653685,-0.189440100345547,0.339658321613524,0.760067471218586,-0.971533940018293,0.129614087900425,0.451305772235152,1.96523066475389,0.535926247881725,-0.119896088740274,0.211153858163814,-2.07895310316391,0.124222669963006,0.358509832011159,-1.51608516742105,0.422846445802559
"C120",0.357004941857208,0.878261559346839,0.0371501527159576,0.852042987062813,0.494124115342412,0.768969799743317,-0.116103799632646,-0.434502753313086,-0.0629020665164371,-0.560404522105468,-0.642500606082706,0.0717017807771984,0.548227455462378,-0.150270382442548,1.50984153060876,0.676167916716678,-0.454236649198095,0.432205809982722,-0.877165161367338,0.824786545335405,0.998578577869087,-2.32556209417286,-0.191404284622238,-0.0407678935681202,1.53165946777577,-1.39777022920424,-1.32040340431493,1.3109044436481,0.617662301550356,-1.12164774420798,0.390489379607967,0.366436377463349,-0.0624469151789993,-1.62703923197857,-0.0226965811508824,1.18374632835006,0.217069571224805,-0.0767256229264478,-0.30125613326495,1.04718760708236,-0.893278185170081,1.37357203558582,0.177028431987608,0.0367019550083864,0.0298903927124066,0.15872666842643,-0.579341342893343,-0.191787664632653,-0.605764931520453,0.0195975306541283
"C121",0.545112721237462,-0.125582344009329,-0.711345851456893,-0.130923266580763,-0.120567289104175,0.718910199755231,0.974661624561302,-0.0539210601106063,-0.427855775695656,0.0775142256718126,-0.360760891686226,0.314220124929844,0.278938574530764,0.516591402135015,0.223190940410976,-0.326440049711817,-0.518050514682813,-0.00875001111104589,-0.452921815514993,-0.54311029651395,-0.447191279806365,0.0470151146236316,-0.645887939762463,0.720110461634816,0.194922018430266,0.293290701266587,0.495580890280002,-0.886244736179401,-1.3051111196961,0.359551972833412,-0.148659141701339,-0.0994052906398804,0.135690075406462,-0.932131762922964,-1.39068192557888,-0.137359563711108,-0.510404401230999,1.04340814820796,-0.598315619996308,-0.282577666251419,-0.25464988997658,-0.744098975291737,-0.63510557407558,-0.684103624030165,0.186572973780056,0.15858779072714,0.189596823559888,-0.135568352787688,0.332476961542393,-0.301993591030072
"C122",-0.290776529851746,-0.921840311638882,0.0304160985481637,-0.478472153616461,0.237895796995116,-0.155561332731778,0.661301077781781,-0.228334334764043,0.399605737678909,1.18229822953894,-0.0153670377824991,0.654419089355373,1.01999994950884,-0.0690397196419575,0.265819555251253,0.273314349326049,-0.349434948789831,0.0109201329965242,-0.242549481605484,-0.589934737563039,-0.251251431405757,0.571779116709043,0.657573741424936,-0.500138060021361,-0.998092157962129,-0.0216518930618389,0.717419648903546,-0.132499895712917,-0.680001806719003,-0.252828782673918,-0.0961102934316927,-1.07210722123008,0.744619237243238,-0.415590073571333,0.754193407145044,-0.566510461252388,0.183467778417985,0.00950011498871181,0.964883908678901,-1.00182886118498,-0.51373310299619,0.496169435808628,0.425978345744993,0.206176455492436,-0.217097370904564,-0.335697492062572,0.0155730952238015,-0.0500263575247697,-0.732669163309689,0.503210965267391
"C123",0.83250495767485,-0.0298690336463658,1.12883311216712,0.524741553453093,1.4335014302473,-0.914845609970919,0.733540004935892,-0.825058666867396,0.235053597871616,1.16993036001483,0.136569978881027,-0.314137279496623,0.623425199628931,-0.950586695726327,-0.951273208220697,0.0587755986268826,0.617856638735455,-0.401004953587215,1.48910451399753,-0.183619744850228,-2.16960062519302,0.98556367801043,0.112521309331812,0.0590921500199203,-1.13552006112498,-0.123441604904585,2.40618154215448,-0.686095791642759,-1.36348730057039,0.150287516652971,-0.724056164412255,0.097029986607646,0.517560385732091,1.70293649450796,-0.237399693202252,-0.105973733265071,0.319547342648188,0.781519151937573,-0.273046067124508,0.356026068644576,1.06800574157111,-0.491800172147103,0.0806843440476279,-1.52865486866358,-0.679049284158513,0.909993367970463,0.353205344941805,-1.78717801718426,0.169005579697441,-1.59144203938451
"C124",-0.0771684932422739,-0.534869304008817,0.884707013534291,-1.15576696922664,-0.246808417308842,-0.730142590660111,-0.845404473480393,0.283912242181198,-0.0146877241568159,0.688267387137429,-0.215164357824795,0.699950378182409,0.451351491170764,-0.396511029616731,-0.490071706326003,-0.379233190200616,0.239832885510611,-0.111796984732409,0.0354915328967403,-0.335150536333379,-0.982612142533676,1.02274289279568,-1.58648569092907,-1.56863928560889,0.837678852716521,-0.79983468544233,-0.0694582383137091,-0.22593092806502,-0.677291850867888,0.5074013503769,0.486664324859879,-0.605012637898388,0.721513730664494,0.555534847628696,1.00685232176938,0.0639311008713252,0.418078592876904,0.0566026905951077,0.705825291674416,0.890913268298557,0.33558655202747,-0.455727035891933,0.979687165813717,1.79452642130513,-0.477384197116348,0.555173196940549,-0.254077765195153,-0.0883692871969047,0.917667234437437,-0.322744646347593
"C125",0.15131475874166,-1.81740631640947,-1.08290227439749,0.155519328092695,0.221273435457982,-0.206357160613069,0.0845424606508751,0.40168766613594,-0.729803431471104,-0.892738634661471,-0.494514807726215,0.347507636471901,0.488104938370495,0.460827033038811,-0.142279047951436,-0.0180291897353014,0.949069802714593,0.292614105976426,-0.610032840706898,1.05963758001422,0.274556842267607,-0.581239522573421,0.170403659113213,0.649079215593446,-0.0266946413788856,0.176381069754097,-0.0256199286899631,0.123896698435027,0.0300644810279117,-0.130893683089568,-0.533110359748615,-0.0833240843862486,-0.0379507796144915,-0.248234811999044,-0.115403372085689,-0.952171979059034,-0.106845978663433,-0.532395245511693,0.808626172251486,0.0572903815795469,0.0343169032340273,0.163630936509503,-0.171441278870806,0.447426887895786,0.865947914513839,-0.784795624905108,0.389173398356764,0.529923499974801,-0.436179329113165,-0.785535046048142
"C126",-1.38113322890971,0.560675917168081,0.906905068101041,0.748875573016113,0.387462063401042,-0.590233077069766,0.219185042857072,-0.112020551438932,-0.174430483631421,-0.404669265510728,0.372300738999308,0.294127100461097,0.542053165309468,0.465133717904028,-1.05187892262424,-0.844399468563447,0.241954398144935,-0.0379388391420111,0.320237716112803,0.0308481609537872,-0.879384052140771,0.629250311922126,1.05993077590489,0.356838136461594,-0.112812077056231,1.23345683293014,0.560208187222641,-0.645514642857331,-0.220225578594174,0.141510715890901,-1.28403095893396,-0.282441228612426,-0.831741684233553,0.962890456276844,0.813684521217408,0.76458632352576,-0.160895971465776,-1.7772438215537,-0.448117587863594,0.147044886958323,0.145034203185572,-1.21318335841953,0.258304154087513,0.0369095451386525,-0.0830655386801517,0.590304817599927,0.451723549321257,-0.183857895181259,-0.0984711061321963,0.238370615794539
"C127",-0.166802130882388,0.422124379307418,0.715804526587273,0.511394249319335,0.022001652141336,-0.928561017255972,0.819237072571464,0.604899731954043,-0.672074547989132,0.883914271541925,1.14617103673018,-0.0215094422582147,0.356163052163605,-0.179507191319931,-0.180978365545845,-0.287758959706322,0.867314617330282,-1.82926524017919,-0.406539260895195,0.567807961288931,-0.0930201774377428,-0.264992417460028,-0.352992636301376,-0.0134155491589805,-0.0496640313050585,-0.982763727835242,0.862369558312314,-0.0721219911974591,-0.924865303447151,0.316875228516505,0.451711921977614,-0.594086008144878,-0.120077756577552,1.32416532040819,0.200130719159952,0.267338122684451,0.0648504736275123,-1.2591465505865,0.180140717067193,0.114517679583254,0.0765170189805036,0.570233244379811,0.417826774957598,0.511029872409735,-0.0521439561913166,1.43170718419677,-0.57477837897592,0.594080631308514,0.553389902139977,-0.678137998328817
"C128",-0.420856815709987,0.409023528940215,0.348633827925125,-0.0957976390435977,-0.142836573567167,0.473791527272462,0.836994940178602,1.14316095495675,0.0189994049542645,0.37987572407575,0.220024174585423,0.051372243048238,0.221674283085368,-0.00139226556699255,0.653895696285361,0.0266713430073525,0.503857200977249,-0.31174410742723,-0.308139998829889,-0.961764780249308,-0.232133181326277,1.70885792273788,0.455763834591857,-0.0022486598929889,-0.564923161841796,0.0892196517636152,0.29380366178299,-0.51619840072503,-0.401575856670141,0.604405571900327,-0.706538827426805,0.171578747031831,-0.0527537437807501,0.617036879287417,0.278579323069943,-0.348400134292994,0.352071583642585,-0.4354750822089,-0.0873614808775525,-0.760305430176638,0.68390397502305,0.0349800218939261,-0.836366655867442,-0.0227216127770917,0.260469201741009,-0.667069325022458,-0.162932287766017,0.227530790071781,-0.700112921060164,-0.146431818960992
"C129",-0.288176678684757,0.332767828518479,0.887336717386223,-0.614831047742067,1.58732447976069,-0.473652279534637,-0.792672682871665,-0.0635955896905184,0.314230433678137,-0.565482012543613,0.848525653784609,-0.0829425241607908,0.0862354702271443,0.102126541964135,0.362063724403506,0.00832192024440712,0.255682452313176,-0.508042672561271,1.8218478702279,-0.463593075612676,0.136633680891681,-0.670153559879396,-0.237669795359464,0.0498434131708485,1.51361177923308,1.3868456999187,-0.911933132336333,-0.118292250310688,0.410193108842388,0.487778818550449,-0.070754306336656,-0.141388344367971,0.712147912147456,-0.33440523099402,1.0299532484038,0.361493549972918,-1.34990513704343,-0.0476369411461636,-0.425192775295176,0.57116001608996,0.606623317382357,-0.781014171226296,0.249380338248164,0.298388590666404,-0.796218288746018,1.03633137321767,-0.475845422026765,0.00876433182146361,0.000983189728256326,-1.33605425773155
"C130",0.530284807678686,-0.409564685702258,-1.12495424102887,0.825746356764661,-0.177099672539843,-0.122498907342712,-0.49613363559377,-0.864873740264812,-0.288367892453479,-1.15320702116924,-0.324179833974923,0.399983101645474,-0.0718372563134341,0.272889388887192,0.572274552276452,0.51749588410464,0.736669513848229,-0.482305290072909,0.618255334429325,0.269121479656442,0.40140136624311,-1.76717797764938,-0.974432328450894,1.41835349440137,0.0870871656762475,-0.223398608976746,-2.32891617147542,1.04929847272194,0.439841968324639,-0.324688054101157,0.118153355278905,0.634098305532785,-0.626712632168599,-1.47718891504956,0.656838243601174,0.518386276693801,-0.244269228438476,-0.364401414439539,0.52409491464986,-0.645943393875048,0.755107474566716,-0.696552198683376,0.376103589106931,-0.471577772885865,-0.17664645189335,1.40692076488315,-0.069619382736439,-0.227860223411167,0.172309522089908,-0.383161885458711
"C131",0.200073983946078,-0.369868028715131,1.01154756722575,0.141717916643578,0.439242577320979,-0.590265196682186,0.990695601510198,0.555635704049882,-0.717408051546762,0.111066947005164,0.304500835612075,0.791621316037814,-0.13458401178784,0.418417869747914,0.086526456147483,0.029819494099892,-0.123008141031436,0.75632439645928,0.165852193436407,-0.628689842540478,-0.102781047011842,1.54402014879271,0.460058926533471,0.701479230550669,-0.406635890188325,0.745534419786689,1.29559623998059,-1.31838328436861,-0.648964975693526,0.128791348268209,0.125076745433599,-0.153885159295997,-0.199100511903248,-0.167642572891723,0.458193341781478,0.284534925774358,0.392091365255795,-0.138275778491392,-0.421990872886621,-0.551402088546022,0.596670793620366,-0.667514330636911,0.0374007577754348,0.0185239434871429,-0.653932909030463,0.489295884308849,-0.714142251363692,0.278680666913326,-0.153933455578971,0.0838072422207844
"C132",-0.145480263091872,0.918482206908703,0.118144739527223,-1.13225245485771,0.204355344837866,-1.02630828654348,-0.086027965963738,0.208001334022459,-0.627172845943308,0.562497926661341,-0.341208300230796,0.23260991978745,0.449853225473508,-0.565788529924857,-0.204645089900399,0.576296996501092,-0.588964062006725,-1.19231714439941,-0.180099681112906,-0.23185002904398,-1.0270336006253,0.81679749863591,-0.707508524010162,-0.533212218469408,-0.225214272435513,-0.725714622276295,-0.301057646108086,-0.338622345374086,-0.617772512201052,-0.201607583126842,-0.623984443873532,-0.774777032141098,-0.0863921354829742,0.750430461205073,0.908645892773251,-0.169529176363339,0.401449232457985,-1.43093774942005,-0.920393176001569,1.10458027272833,0.559727432861007,0.10736094845502,-0.170238429218323,0.211113939227175,0.158904867462496,0.646886425165238,0.795243112655701,-0.100032244331661,0.725674020060671,0.609220626590514
"C133",0.0187590378877749,0.589387047303284,1.6693731785141,-1.55196229703744,-0.600598540745634,0.0769950083588117,0.786039503988541,0.165184165292565,0.209262095134913,2.03047761540882,0.193306510104574,-1.05243515377628,0.321378730559372,0.661358888917109,-1.02486185467026,0.0198426330887368,0.0408558673697157,-1.11387493746902,-0.526865498551694,-0.545631466686196,-1.10699258008931,1.30910587220168,0.249241808905607,-0.490824675169658,-0.0487290480972305,0.0354451149309422,0.448827754710933,-0.399277811290195,-0.561081124888831,0.0694664906407371,-0.223539635588079,0.0311900277260079,-0.416249185834444,1.48054782366889,0.0478603040415378,1.04780722921203,0.450658707558394,-0.695385915311114,0.0877289819283689,0.169440881975658,-0.908609524158581,0.753432249553538,-0.158651933084641,0.368515352698,-0.417705950716961,0.815776479311815,1.36176966780109,-0.618220865159225,0.662778143493288,0.93137900992396
"C134",-0.0144887564326336,0.769519849039341,1.33757020180549,-0.588491045462938,0.0104241900887884,-1.02392569903329,-0.494193208931981,-1.0051396024776,-0.68737128178873,0.549452792416436,-0.0618722320337917,-0.452411199553261,-0.59216460332402,0.838093515140557,-1.73969847511601,0.289613359354807,0.368495231560356,0.149224181862671,0.909879297659296,0.227001777203491,-0.519040382616513,-0.178228374627497,-0.121301465416933,0.10514587140179,-0.0561195035911866,-0.258823787179952,0.156756049445602,0.0472684883616278,0.652078130357484,0.0991319742688919,-0.381061484159528,-0.38798934345565,-0.858997545626807,1.2565739926634,0.469615729877111,1.18662645806515,0.484138487209896,-1.19182729526175,-0.327403943097875,0.1119807042992,0.349175673554026,-1.38812499011028,0.832453904956077,0.33787213395274,0.600735484362344,1.41134749639345,0.450381831484012,-0.29605152417045,1.44148828776161,-0.117377278150105
"C135",0.961162424382467,-0.0543275351280115,-0.533241763617167,-0.274679795070605,0.548093633147653,-0.558552704726778,0.270788313646196,-0.853548211947034,-0.769776494607994,0.317826192921357,0.526156565049166,-0.827396287502741,-0.338658310011672,-0.639853012959441,0.876136343658131,0.139818470233832,0.17976396610855,-1.41298080996947,0.517115820739627,-0.571303975621991,0.68863894827374,-0.798399120247763,0.448478598748539,-0.791232841335122,-0.623502955431865,-1.43199717992954,-1.27134820630484,0.11364188823489,0.38247022220191,-1.1477527914626,0.288120371752217,-0.755334519638228,0.164917355134158,-0.578375943831886,0.331772456569618,-1.02996121331118,-0.448451896743881,0.147743075827821,-0.438622627954277,-0.262606636140959,-0.321612133933809,0.24991167317111,-0.632766166263788,0.563753856118738,0.152925152690117,-0.421684939297766,0.489238496657755,0.201329236833708,0.44007842973931,0.604881116259986
"C136",0.171902739116365,0.650662896163104,0.135297349013504,-1.24617173081644,-0.0274134869222156,0.807984684828165,0.775288316419519,1.07568417770146,-0.879417579244424,0.18495909905104,0.663478022586537,0.157979357098095,0.23592808672182,0.342465029507269,0.778515751150751,0.00111395483789999,0.778407890600535,-0.127883096269091,-0.466116217957827,0.27207312816454,-0.925536795788055,0.93754394001755,-0.116250943644744,-0.772964365113963,1.07606256739525,-0.503154449450914,-0.44397615820316,-0.168857748789882,0.465752285071733,-0.742788888948034,0.57895464042069,0.730949416223717,0.391324309128331,1.74121452494901,-0.112064379728353,0.67210922151348,0.128552113314149,0.502182721821199,0.033358553488177,0.525514349321958,-0.632918848286057,0.659172117256576,-1.3174555617144,0.623186546677392,-0.692666504666715,0.692681655329051,0.353603169971979,0.395325049867922,1.35638365597715,1.6261601885056
"C137",-0.461784373424501,-0.353630280693987,-0.615208191040679,0.329350021065357,1.18157341703953,0.489457544789047,0.32579558900422,1.38644122372654,-0.497030645405776,-0.450555160187624,0.938892469609664,0.841251768507288,0.115049954838379,-0.906921645308566,-0.224049829509661,-0.14989194549598,-0.13575124567058,1.38522198681687,-2.05523846841773,-1.0371504681546,-0.837309876751682,-0.422381867035273,0.162284127426353,-0.630990822061517,0.494588310763806,-0.674031553665686,0.574332174184862,-0.359504956962666,-0.855663673605666,0.744021891742661,0.0278814833724378,-0.507799430721651,-0.415519641730266,-0.048850209126146,0.591439451970158,-0.242577901875952,0.657124917580952,-0.989145028857236,-0.61858850650356,-0.111689582398231,0.493855629742691,-0.21050243749627,0.061013424268803,0.0321980713095306,-0.327429245818985,-0.558390468862178,-0.989506755155152,0.360070962104615,-0.566346118393707,-1.44316727998746
"C138",0.303061613629362,2.0329696234287,-0.03652711342321,0.421606215036266,-0.927971914439134,-0.629945553350037,-0.476553655648784,-0.600011196813076,-0.716978907257134,1.354836383805,0.240355881593697,-0.0788516429759564,0.657000942856023,-0.347728517739977,-0.459909129908215,0.0977998023360019,0.200055136213777,-0.197095380978667,0.878035551099569,0.606377003714962,-1.49661652482884,0.513958068622286,0.936378233062171,0.473011148050588,-0.442079529544111,0.538076747886462,-0.365799478884478,0.482325298521106,0.325276976915666,-0.479425041503163,1.1589230473881,0.534213855115244,0.958550430186525,0.859718203942199,1.04302979960645,0.513529621334212,-0.0160317993166581,-0.314936363809109,-0.580819834308536,0.905642089773963,-0.673507408239754,-0.818784980145399,0.833424004883698,-0.722919052208904,-0.90722527898307,0.403229020223981,0.869273669904831,1.07159058310275,1.09867170872412,0.688587529184957
"C139",0.045786132336025,0.689331200369898,-0.195222768759015,0.350802118717252,0.216891769877006,1.27917951193314,0.144930917428862,0.0370044662399382,0.558978013682113,-0.110628913580898,-0.687853439247336,-0.275828266980003,-1.28145631421135,0.0993476481317903,-0.684917341613803,0.172710577318965,0.147540738398106,-0.439577414806047,0.770944365178468,0.605451812193614,0.722587686978522,-0.566565420193901,-0.117417359625514,0.325225023695637,-0.0405050280553116,1.36029009335734,-0.578900296971976,0.680176497385221,1.00757089611082,0.0764576811477532,0.36262186282378,-0.506625393996353,-0.107781977577743,-0.22347430757818,-0.598294269003259,1.3833753939285,0.00288319730535079,0.225946985531725,-0.73808430040643,-0.416266352517293,-0.255816677310634,-0.640996406836573,-0.205743925137238,-0.59653314123913,0.680940988647927,0.880594448704399,-0.158012953793167,0.428784194513718,0.56404680555412,0.458416122496782
"C140",-0.0146184365120931,0.399122026223942,0.172704753093646,0.0948771676453176,0.800988285877452,-0.457557569934443,-1.03835617068053,-0.538057144627434,0.37345565980953,0.338530524789259,0.28568433535591,0.117878058203559,0.654076894187666,0.0486552582271985,0.217752391195431,-0.362788206533189,0.396194945208765,-0.301905695526887,-0.154830395468464,0.404453460203219,0.589430122370252,-1.46839880447603,-0.499456543585008,0.222224493081121,0.965286698803151,-0.583863596076591,-0.0838262867170221,-0.807634138298643,0.779893074342883,-0.214148103150345,-0.401461740378317,-0.0746454879393864,-0.583362602654411,-0.666661881020907,0.398397484836913,-0.402392914310441,-0.352216647849551,-0.448226100206558,0.182884584184364,-0.306544011999993,-0.2531593472451,0.00617076790270673,0.497007955024684,-0.671992256507025,1.12235460993358,0.150821634195399,0.0252242906445142,-0.623180732617827,0.725180419656606,0.475044661027788
"C141",0.0451320172734749,0.110352363223876,-0.415146992397121,-0.280904157115589,-0.0361428029767684,0.239900403491283,0.212350007330397,0.0245356355305449,0.181680932277508,0.0168816133069156,-0.231096853246552,-0.141230609501508,-0.926044299273036,-0.468448965190478,0.389116607389854,-0.291830390260599,0.51405034965797,-0.118247820156253,0.655172464578248,-0.959291458141017,-0.177694849172025,0.313227759016318,-0.00730733171437475,-0.841032992488871,-0.84901599520211,-0.246547253345305,0.698916979081569,-0.786910034995625,-1.10577348158637,-0.468549587151098,0.564402572584407,0.142544128400392,0.135612658038945,-0.186538541608411,-0.0469149182130374,0.484643329751145,-0.79385851153314,0.573666320025954,0.69781905229082,-0.850923936938351,0.223916918590087,-0.745200793207363,-0.255767148732595,0.107905324455866,-0.543917041921095,0.559221206187815,-1.56435635949519,1.0936856690005,-0.200208211291239,0.142733591742425
"C142",-0.549267922821661,0.035059528179555,-0.95285569744828,0.582032858950754,-0.151850780392902,0.533005375987079,-1.10139351212733,0.0415937439900346,-0.166829937452701,-0.601732750867368,-0.703916572392976,-0.206418122732208,-0.570397324763141,0.271740012592815,0.560433838250634,-1.09006435700683,0.433627562945439,-0.121875233758349,-0.965308023821179,-0.135164596365552,-0.868877154928883,-0.112892811677361,-1.04930311068704,0.587446662629538,0.255987663438428,1.31514713401666,0.125583360101295,-0.193723779236293,-0.186080363278187,0.270833871597286,-0.0692487159011593,-0.200701064349899,1.15015049086293,0.443414697643221,0.792710155977159,-0.198382208880271,-0.908185838363734,-0.729202402694541,0.642234563522051,1.12009369799545,0.218536221056923,0.00299847265721645,0.0457276963102573,0.200496285522394,0.121385540051329,-0.170250381159466,-0.32646200183323,0.991128146285731,0.739205863680104,-0.202983048542402
"C143",-0.452681681104823,-0.238344408989085,-0.0481874694478201,1.2104451072648,-0.253469695756601,0.951671661034607,-0.617729011714432,1.07426829028757,-0.970930098935787,0.581096290180307,-0.136513274034081,-0.241252635077062,-0.504742230097113,0.656031607725252,-0.25576563887611,-0.505436572687204,-0.242830491135435,0.606366698484131,-0.853426820618151,-0.740461569084511,0.388757311038283,-0.224845988768722,-0.289611796591505,1.66405038858009,-1.81207327113451,0.333527343883378,-0.845385168481792,-0.135544144889631,0.0364378708132332,0.183738797828355,0.532353807710674,0.789381946830887,-0.110387628480658,0.301082802308374,-0.323913871564433,-1.34456876251759,0.0537158297501753,0.598562219047784,-0.780783865433886,0.953493975999144,0.958617427778729,1.06795721637785,0.0972681227897651,-0.104113113855403,0.599967370306032,0.0600453674504944,-1.26116153342844,-0.44866504517655,0.304427989103226,-0.236857749366109
"C144",-0.597717660155278,2.05885404003984,0.127210525923829,0.349924505107675,-0.589966320860055,-0.347278305039614,-0.180635557076342,0.214758547312864,1.2368493655028,0.187783206111679,0.553015210709437,0.383725880551343,1.97165601426451,0.326722803665313,-1.8808962890159,-0.49036136727506,0.207900696217501,-0.395214298005856,0.165106798638113,-0.60734741789835,-0.359568058581453,0.451748979241596,0.428928802714921,-1.24338404272783,-0.374848216504784,0.0884612166147271,1.88920630235112,-0.729149926838328,-0.739783397674967,-0.501763403908661,-0.431788909739682,0.0125448021297696,0.516907844342738,0.895720536151538,0.0429511850690468,1.48697810458368,0.815063093420001,0.452119162419327,0.444473522826091,-0.002283475403709,0.0510018132508381,-0.889616355097509,-0.360020729993078,0.219871321612066,-0.476295469859296,0.940912694181101,-0.308187702941972,0.533781433716064,1.55430644459159,0.773656591716566
"C145",-1.60557317222344,0.0600371762142809,0.790326412349545,0.0680488041935645,0.00952476436562123,0.15768429860265,-0.139661326770361,-0.620857222916739,-0.750688103718093,-0.474375042414857,-0.371178456607875,0.736833448085,0.237008541441605,0.301874326855516,-1.54456222044998,0.84335569224235,0.00328286428260707,-1.26132781468147,-1.02351337962801,-0.826274569505711,-1.1001034389686,1.26749430087931,1.38608706950281,0.491717162003515,0.734023548814761,-0.357125371012759,1.3981387159974,0.636396447105762,0.523897183110355,-0.259262085074474,-0.374568676322322,-0.180558025112204,-0.255691556309177,0.817764873162034,-0.494523006377782,0.697220195568812,0.272787677864388,-0.408473331153259,0.794685982897664,-1.20996778283053,-0.350095091469638,0.362749224294942,0.230965533172975,1.00196700878508,0.0685887308055038,0.121647783785967,0.435464632218596,0.622718992057027,0.913507566603355,-0.584786268673712
"C146",-0.3480623557994,0.552651587155692,0.510574653152745,0.000766849109559475,0.50120718671058,-0.130132285206089,-0.645175128376367,-0.878257156842662,-0.43131818723059,-0.678271829886847,-0.404286780872434,0.0278566867475159,-0.638793751106201,0.489866331977623,-0.537571677444255,0.938485704099585,-0.0654742833148297,1.1256409029118,0.845365510545517,-0.271126554790187,-0.722762630577878,-0.769949180119745,0.646088714291434,0.356748019437446,0.742088045999467,0.000329641943359347,-0.746318393080069,0.756829036412365,0.0986117729812771,-0.509145838256374,0.38806052137875,-0.103024441555886,-0.917758537843348,0.00257981922036946,0.0147083476776865,-0.177482804373819,0.346166007791513,0.0802626694238871,0.0838053790972124,-0.619617262697388,0.772972213331971,-0.27108611997838,0.857687446575221,0.0519671025673625,0.246004168943672,0.252099680746127,-0.504905558209373,0.0423642400480614,0.136357275504131,-0.157234905567039
"C147",0.0558772353990617,-0.749985970021049,-0.534362454895335,-0.581936026172756,0.532865513740768,-0.207220681334674,0.412924959949877,-1.25385535289652,1.86154072098391,-0.0355818367307367,-0.101903535922985,0.227630353593201,0.1031677934324,0.16531051120716,-0.705022598906191,0.455961936933013,-1.22083133164468,-0.252122386587513,-0.225395025759116,0.118479716871815,0.870527253412957,-0.954702157892438,-0.163695044820504,-1.19013097643715,0.967047174088256,-0.492830694384556,-0.237259927404068,0.276325580608491,0.426950679909209,0.859657575257582,-0.444050081062396,0.108440588434681,0.0968736885689886,-0.63534409652044,0.101821635320709,-0.705782372502673,0.215642329125633,-0.176285402349473,0.949694762887616,0.0571471087437506,-0.0452754616260527,0.420396326609775,-0.148210232448277,-0.14545659562453,-0.784970859506444,-0.117080825814142,-0.556735944587896,0.361949203356289,-0.570612286648039,-0.147781959405291
"C148",-0.173404978570222,0.284272240787995,-0.528797760592383,0.453609377794691,-0.734623305789244,0.257724458122245,0.910763678018639,-1.3044365218322,0.207321732362269,0.677120085957941,0.50575740012624,0.186803984462375,1.53916799497568,0.450857087670421,-1.4242499969137,0.507705963815319,-0.0476944561889016,-0.66033497009685,0.407320876176902,-0.70568533876693,-0.0752419137207345,0.351172123193233,1.01787586181075,0.220593244646353,-0.0079143547409776,0.109070072209218,0.287886371236262,-0.874596246569749,-0.683980128221772,0.52295155787586,-0.0548234946320207,0.396170798261393,-0.393666859137118,1.0798415094193,-1.49730079145554,1.30211770774262,1.76159728025344,0.374817788422918,-0.200644033778766,0.059068737197434,-0.685081708601703,0.536045947023294,-0.181646232205014,-0.423715711316441,-0.415485821433684,-0.0947689154015738,1.09230386105747,-0.325125412843934,0.346589849042152,-1.10443447010109
"C149",0.53800370440246,1.23422046434375,0.12153270085174,0.0621282270246696,0.926652066650818,-1.05643097350523,0.435326619289658,-0.531044448968681,-0.54654307757298,1.12133785180635,0.622446652182644,0.871033974699497,-0.351387029947412,-0.383547927577327,0.717407479711321,0.0826816059345871,-0.350603875732966,0.854026707835016,-0.272752787153874,1.1955719081662,0.258066434276582,-0.213949638834003,-0.461556257750896,0.646952658546345,-1.31038108716324,0.576030195297935,0.101674633264862,-1.31770681546984,-0.135023068477968,-0.0413366315984135,0.0842106400691298,-0.480552574425785,-0.0964466332144774,-0.104610936595463,-0.386829278120281,0.067434797613829,-0.213428753397534,-0.205231765381983,-1.08667558841718,-0.608386567807074,0.123366607934697,-0.0609959228621281,-0.778928742827928,0.531640839244646,-0.064205173932091,0.78779275209226,0.410292867343352,-0.319417646228677,-0.484742377592399,1.00176094916795
"C150",-0.106789687103352,-0.0397253634088259,0.388176456769188,-0.372412516991593,-1.53981364917746,-0.571243450813508,0.474166475886443,0.694441330404467,-0.594089838560246,0.975146560470064,-0.493191494873926,0.678357998205427,0.735341425085429,-0.00449378297287859,-0.687441773633993,-0.123274582829191,0.334165249659308,-0.108044630367849,-0.367678773958282,-0.42730869534095,0.100644270063002,-0.328989929702266,-0.0756724264365313,-0.487899049485029,-0.508583356232037,0.111011124287132,-0.0482532194408968,-0.0706777529060586,-0.506150251964794,0.0354728801116051,0.263506309526288,-0.525198063188388,0.687356297490247,0.834637283871429,0.835619360723324,0.759162036807778,0.603185439824182,-0.363144446071533,0.390341541585488,0.665107255139327,0.630469690787927,-0.591138553369605,-0.147633034458441,0.0479206846188909,0.374554502922411,1.01480410873042,-0.726147696333396,0.563938824945568,-0.0649179875633002,1.01586229456832
"C151",0.0195606072604423,0.92640290103128,-0.877691816152333,-0.68240265619331,0.491672559396408,0.299306060916888,0.289774100407138,0.702121119014573,-0.856334188619382,-0.0800339710825752,-0.767372799449484,0.143601151547184,-1.32634343676441,-0.165305832936161,-0.729881812653732,0.0463694046120308,-0.454698647084676,0.630655503955581,0.582691626129655,-0.123731545003009,-0.845557072627915,-0.278027702418374,-0.217634679566113,-0.220889192303983,0.548878207670746,1.56675599384362,0.14712670272194,1.26863958511572,1.37915544157109,0.232056912906771,-0.232229013423057,1.64054107694936,0.530286684839287,0.472613733706874,-0.265149629978082,0.956854291045139,0.069282226641518,-0.714124171427211,0.330823897421495,1.12149769984864,0.200178483346957,-0.874823500815795,0.10990847366193,0.645829363084262,-0.0535630285154028,-0.310444958347194,0.820591482068403,-0.37772783659516,-0.251128283637297,0.758737839468412
"C152",0.347910576978173,-1.5549053428077,1.41951043021764,-0.251567481922787,-0.735217767704366,0.0202734650469993,0.30605220539728,0.552779910744071,0.403387680385666,0.80807704160052,-0.0472447529665828,1.34220440207299,-0.396008960242772,-0.00333580222863404,0.0510718586206159,0.558289707061135,-0.786482532253141,1.09583595999752,-0.144898736842003,-0.491507530802959,0.256929955856865,0.644456986221908,-0.63151411861285,0.0541885002147342,-0.269631707389577,0.701832015749304,0.448609990253246,-1.10890933104818,-0.845162370696722,0.219550396847369,0.466530216421909,0.343586556694279,-0.427752301661778,1.01195306951432,-1.08866369150262,0.0585489552856867,-0.38584976347079,0.823662467117329,-1.09514790552646,-0.265010081914045,0.22029899633116,0.0338950367323556,-0.973486153628209,0.563904318375707,0.482901642188517,-0.474139746181198,-1.6659369138792,-0.455393670806178,0.4257457701222,-0.820297380083047
"C153",-0.685814264034725,-0.0593062515608153,-0.674691947986025,0.170220515770427,-0.106919861874618,-1.33440988054846,0.658288834158907,0.406836597983385,0.225387268592389,0.235256537489597,0.417722119821763,0.805025720591688,-0.848035501996681,0.0907754713559334,0.84841504490673,-0.673411028560809,-0.68318641466495,-0.105418826397237,-0.072249098006725,-0.0555008827849309,-0.00825293836110574,-0.591965257915512,-0.332902457095305,-0.596308501756865,0.668086842201664,0.253226881423516,-1.30265053409912,0.380087491333411,-1.36171844815467,-0.355142844692738,-0.243016424360766,-1.07102696024315,0.0813428699623566,0.317580397109021,1.26245342480844,-0.671173946556905,-1.40589303813015,-0.612130375418327,-0.742520254598809,0.998919914992715,-1.32117608930108,0.625178824605275,-0.147431537235247,0.293782108135696,-0.746659532118466,0.971518526351451,1.16926447954843,0.348772227392353,0.195071953355519,0.580587820911053
"C154",0.226251649837138,0.471309046313511,0.570802193328711,-0.712174645759003,-0.690693815119752,0.450446797096982,0.710161083730394,0.560472579419473,0.153931258643816,0.688628075846593,1.03491486302596,-1.00267464849392,-0.759377001831454,0.553186461555067,-0.601341599102389,-0.0459082882402065,-0.0556617900761162,1.31555387853776,-0.571130798712856,0.844271443122302,-0.516482821980946,0.182424799529296,0.127606807843574,0.0267587240299865,-0.0846791308669851,-0.233202179220057,1.4639297227129,-0.449521410317049,0.225327847916052,-0.0427784466854422,-0.0919857792060232,-1.11669991023877,0.513707037210186,2.18233152305157,0.825010798710594,0.203403093687311,-0.248787540229677,0.142363127723122,0.175033814422802,1.21809864962433,-0.644084740225951,-0.149537174451904,0.366484840774726,0.366531214790342,-0.352668878082797,-0.268971293461786,-0.549042111780414,-1.15472861056485,0.207872218515276,-0.858607384269572
"C155",-0.717641311701423,-1.36045757281497,0.560582923396998,0.851444694593058,-0.391227540509975,-0.22522417412424,0.27400378464323,1.55242900796324,-0.583053149319414,0.661938883408371,0.670973518810232,0.188715921902032,1.25470511068881,0.0845269617925141,0.237960205050186,0.308974336630841,-0.0708135643646772,0.136651820908794,-1.27234948279152,0.604200753378196,-0.374126849813002,-0.477090017569798,-0.0934775525694964,-0.284729591111447,0.98218698102782,-1.16838389224179,-0.740685846580097,-0.038281451008926,-1.70204771888097,0.0962272836454872,-0.431803765931511,0.660902768136573,-0.160814768090338,0.50385568046133,-0.590776995550553,-0.649932610557604,0.662204018721879,1.19474110580172,0.664652970994293,0.136335231827525,0.109530199126648,0.152137896626615,0.633446454644184,-0.270808930767881,-0.69444993240337,-0.204886920816657,0.323190827292914,0.27147078830059,-0.156915210386059,-1.13459089583435
"C156",-0.570083638112875,-0.9898769279736,-0.829944306931965,-0.581551436100242,-0.0704917350464113,0.057429033145775,0.598313074926375,-4.83237978756157e-05,-0.299656625765265,0.241010004444728,0.147590087786209,0.790357007848139,-0.225744943038547,-0.504376852925821,0.961718231266135,0.192788446198198,0.559834303352395,0.284134313836057,-0.858136194188597,0.153041222114584,-0.881008483190541,0.057646042000248,-0.176585628718439,-0.308786859202639,0.37609765376733,-0.040887946148663,-0.901189121362488,0.252781610653665,-0.606772583171372,0.898921710146118,0.737296325721871,-0.205570616465225,-0.509328666671921,-0.521543994033111,-0.963760487212478,-0.8361908610215,-0.790995497792573,0.779107701796379,-0.372163499721456,-0.191995614414674,-0.319556946001139,0.67388298431311,-0.8100197038504,0.0290450890822441,0.581250234249678,-0.169603801738974,-0.988718370052247,-0.174601210842105,0.19627554316916,-0.627921921649978
"C157",-0.243502362383441,-0.13518295482552,0.936320545851439,1.13412680040649,1.17290415269096,-0.19986428413493,-0.6582560222885,0.191586000977266,-0.0713136067142136,-0.881317156862364,-0.248368532851918,0.236076149319302,0.37440187604489,0.224135602131332,-0.953050957416792,-0.081615751786661,-0.445854018988821,0.238495342245388,-0.153205094212996,-0.788955949542498,1.16376061139984,0.104227766216885,0.38174890520343,-0.806156976271353,-0.315059620893867,1.91057248954708,-0.261534537805233,-0.205845026981997,1.54938255293098,0.328315269998765,-0.00711738682183686,0.1650048504581,0.0312816897112052,0.329672558623793,0.224909123820629,-0.211038062192326,0.205651729678672,0.862079269388888,0.153472890795522,0.301456020806031,1.04174679954629,-1.75358736990492,-0.520256166513705,-0.573150682365597,0.36263108757447,1.04076274509977,-0.292205109759344,-0.822810810280155,0.571945864515251,-0.26257530520357
"C158",-0.638581739253502,-0.996947446275726,0.767349364763447,-0.152890267075421,-0.537098577697408,0.291228201876013,0.0153736114661389,-0.653284825477826,0.350090513745724,0.364658077517085,-0.0615559382154361,-0.755378203745425,-1.33578968737579,0.157791834153058,-0.661132231555952,-0.673953406376548,-1.09051434652263,-0.281602359560599,0.540980346440646,0.22270412406214,-0.576952536821402,1.04210288796787,1.53640837012135,0.642556414654371,0.472749160495111,2.14513906329637,0.533806096176642,-0.45375587466447,1.21281119378647,1.24375473614831,-0.189590070441069,-0.428090792588242,-0.764706632168721,1.11839680868852,-0.582164664422448,-0.61877067267258,-0.0804711421491192,1.01266978472351,-0.456865862173988,0.252880826438127,-0.500218244852383,-0.941290637218957,0.06050082214975,-0.184614961847113,0.93401241045633,0.790559214542143,-0.596853507702081,-0.775974080891391,1.00305884624326,-0.454078724600782
"C159",-0.491457036784993,0.436268363877284,-0.274047503366888,0.0233171514924995,1.57111185855475,-0.770835408554796,0.104578012522848,0.146422151906192,0.678276156275852,-1.1671826313603,-1.34447922021483,0.14417464432811,-0.647948911643238,-0.0406860713676918,-1.28473472439118,-0.263975861304648,0.311596829138694,-0.662798253540121,1.33025102898,-1.27564073001857,0.520974543861955,-0.232578119699359,0.0605073688222858,-0.196579763314789,0.337375493731339,0.47933224930498,0.675405981419265,-0.419053769552876,1.4373263728761,-0.0823582493057169,0.695238930084722,0.0648887365955963,0.110289944595994,-0.182403934430569,-0.691839275398709,0.306831307047712,0.771856648921282,-0.13813830472264,-0.505110595188169,-0.298013015265947,0.626869584467727,-0.935442727608965,-0.22462062981791,-0.0228102146986901,-0.42520418823986,-0.238622883086125,-0.484096812449495,0.303988763322127,-0.0144042856243184,0.767706712298522
"C160",0.0428794157913277,-0.449942353324422,0.953058347328921,-0.0148520101847457,0.678265110807897,-0.289152244500118,0.643272783834051,0.78001154422629,-0.729982240943211,-0.835699262724367,-1.055875478781,-0.844208617073373,0.212909028463248,0.254083361999027,-0.401542604631706,-0.80067329931059,1.04341402763226,-0.387565558014984,-0.501710240577992,0.698409406364089,0.226565230589638,-0.433850268465842,-0.266852411919378,0.168865899354008,0.42852255956713,-0.383418599206768,0.00100430454009988,-0.0219583651139434,1.0461776529409,-0.89760393841543,-0.266140697443331,-0.425813782363424,0.818408247621525,0.751181643255202,0.578915278236831,0.956143783469676,0.336656873393681,0.222453673694756,0.240162143902912,0.0908934899107287,0.539858618601322,1.5674583186163,0.315405297549373,0.0550030538846502,0.160986552538913,0.494726868796817,-0.214289011872394,-0.0398615792447639,-0.356282873565198,0.203780092268619
"C161",-0.20281363289489,0.332408150709051,-0.306395850362726,-1.39343664685497,-0.436360977668055,0.202784135423426,0.105746550889931,-0.158681268438455,-0.936123237614154,-1.06929135946208,-0.315920335195725,0.527139160546342,-0.168917546366755,-0.499876127007774,0.71220922749703,-0.281307173986366,0.0641289266337294,0.408980117112092,-0.190464158163378,1.2606780120964,-0.178598943046963,0.700932145874689,0.0861874552164237,-0.404243125324647,-0.274273130026831,-0.525863842347936,-0.163752941391965,-1.39957711481541,-0.308280153198607,-0.199931311626681,-0.189483726768443,0.15693769965251,-0.517964011733374,-0.29910000187469,0.0169461118122669,-0.886318105321485,0.0180331344250088,-0.26070273956001,0.198116456818281,-0.76879813749098,-0.609624800425977,-0.336324149570395,-0.264026666796287,-0.172349117379272,0.0331437099565714,-0.192203863034856,-0.834788014113761,0.478755589408808,0.3557137477331,0.390788387504228
"C162",0.676267711983775,-1.2664268695989,1.55117962732019,-0.48416651204813,-0.567498585535872,0.0769795385980258,1.87712429166193,-1.12835593160659,0.444758917004469,0.306132884169585,0.00242271843114119,0.621157355820871,0.289101674118363,-0.864624710051783,-1.40601096773124,0.751693229297099,-0.823306988631407,0.21833066665373,0.594510895298944,0.365084586019216,0.497331920879599,0.737709935381297,0.0154622403557643,-0.803956588724982,0.465830943385352,0.0890419220977563,0.528781623912646,-1.11282004457805,0.0353649032495111,-0.487210373018588,-0.0631370932442156,0.122162487852102,0.13843138253185,-0.092779252752686,0.552471289187677,-1.00365685235992,-0.345998702003597,0.664448866745682,0.163213464156859,-0.148582673091858,0.28549201252897,-0.651493371397487,0.680996068880254,-0.348015886653648,0.528222508142024,0.395876867583523,-0.327746514863433,-0.319111437514289,0.806096631770021,0.228842651307866
"C163",0.130480410056592,-0.173760787293454,-0.203501395835895,1.3952692861135,0.676351034431257,-0.771964194356438,-0.89024087134811,-0.865158179671853,-0.0247262549147682,-0.209563635391082,1.21199295356186,0.817279436346681,0.343912673542676,0.0481214448076104,-0.0709507275421698,-0.700332891627076,0.081634826592827,-0.214425121685204,-0.530373117293257,-0.320680053086852,-0.626398978823886,-0.558658093967042,0.44278351746165,1.11540527872067,-0.137817538466746,-0.363797372099047,-0.194984866085948,-0.323377369832851,0.488677704222507,-0.66219416748627,0.284328082606988,0.67954268999982,-0.146463374077551,-0.1489631159071,0.441475583706197,0.181625973148692,-1.02669664549094,-0.823234670111779,-0.795333905328727,0.925022342710206,-0.415718181832688,1.41250302411324,-0.670093581766446,0.478502062047868,-0.310943704225859,-0.518209352573068,0.784534219174861,-0.924493920734882,0.29374954130841,-0.224231732941361
"C164",0.19061188662312,-0.77214903756718,-0.388712986832085,-0.364809689934719,-1.14027198953389,1.75192983094569,0.470047644690393,0.718399350838492,0.0440631637034854,0.993112648660529,0.880917515165091,-0.401329678214737,-0.0804051845384417,-0.482663370140624,-0.881684105911056,0.517400574402038,-0.431258942497969,0.287075492403327,0.348094630202629,-0.354888444550568,-0.142270307298411,0.777144655046068,0.970040800940829,-0.858561806388053,-0.27248171176942,1.67119661432964,0.44809952518409,-0.456205407044334,0.550305254929188,-0.241362344741076,1.00675122524562,0.29578205791369,0.485975644579814,1.54824996699835,-1.0765853749871,-0.369805835093783,0.148325045866044,0.931131587428426,-0.696196202209098,0.513326045491231,0.602605145640855,-1.60051870916788,-1.33795844573634,0.000955280687179942,-0.405749839574437,-0.217853760702521,-0.0669950884687038,-0.0601502849553066,1.61648987946435,0.290501269425371
"C165",1.02041581829171,-0.621497878875762,-0.0297928683536995,0.167732325554247,0.5095222336946,0.29971945610486,-0.275675701651009,-0.375265542956217,0.792577047332425,-0.0649410163684984,0.770769839699289,0.016679507476652,0.624556776017629,-0.375056921735602,0.553079329662661,-1.16548856476187,-0.62993873777901,-0.0828458471866892,-0.43613151954816,-0.553563199961236,-0.0143454917178017,-0.868581004403296,-0.348280630191608,0.265570036187137,1.10893471224499,-0.0364661333014081,-0.919705382825639,0.283386474007093,-0.025367318840168,0.341072607409738,0.540171942845334,0.0170880975198056,0.292851559460669,-1.39428759262915,-0.416438435222316,-0.679980294283081,0.585131911462097,0.521821261436866,0.62051872158961,0.489411435616767,1.01073488313421,0.372846448244741,-0.816505262591454,1.09727978231833,0.785820727444019,-0.267959603990849,-0.404195748816864,-0.205915910463189,-0.764565955337514,-0.331214983571832
"C166",-0.34228562624588,-0.648925554650307,0.877943509446885,0.697146467841181,-0.135222734008211,-0.441000515153738,1.04746922372636,-0.0674455592841249,-0.403162248220773,-0.453182433682266,-0.693802560953641,-0.679156800597729,0.832415653897104,0.27837199471021,0.855756084048463,0.0358954658229248,-0.85835909426085,0.478229375657672,-0.32051313248319,0.332536095198657,0.00916244865482389,-0.0321410701456459,1.16892101675435,1.12455025155947,0.0519332492210412,-0.593496438219113,-0.586526075127883,-0.312328112956184,-0.79984770958218,0.25044563016293,-0.141789943226234,-0.243473204251287,0.643239175924312,-0.961493989118452,0.315345093059246,-0.791966832640207,-1.33672461165948,0.0728444361327825,0.292959708197083,0.732437482614207,0.962838873267781,0.430645218272059,1.09405421699623,-0.911388403380783,0.306156780351163,0.518617905426201,0.647892341234726,0.264483933575395,-0.78814688599899,-0.0596836932779
"C167",0.205345449239698,0.0263795430481521,0.506490409370967,-0.32454204434293,-0.94651103018996,-2.31266909947124,-0.000418039875025211,0.189798749239117,-0.611837246843784,-0.211902666306307,-0.201277612247453,1.09028932263111,0.515189446794361,-0.309505985629537,0.543862208714681,0.546959937986936,-0.125733596470191,0.234572911723035,-0.117760484652706,-0.454908287666979,-0.439702128519667,-0.331822845770533,-0.237326604993416,-0.564524352104146,0.274790540536229,-0.471428666151325,0.45393125915686,0.397781682679722,-0.243264576684545,0.266254704724097,0.171761224914433,0.881501468047592,-0.00794063453346317,-0.185983295099876,0.702868650321909,-0.107225470068636,0.324064513765795,0.306510117481175,-0.507641756677854,0.550917287741272,1.15501046219505,-0.807161353167641,0.257172076976917,-0.463339389877867,-0.642858984112319,0.286640400162703,-0.505123576085237,-0.250352552155623,-0.124613133404446,-0.222696482335995
"C168",-0.0291673038679035,-0.665792127053456,0.654303274946758,-0.14715904631411,-0.5989078613139,-0.244096983425064,-0.50566696656696,0.283968433596978,-0.172141075100644,0.578582931760522,-0.326154333934944,-0.551569521890881,0.148571639437114,-0.303982108645188,-0.11780732375211,-0.404852776137762,0.815706939717456,-0.0815145472882054,0.604144376103262,0.0476493984251036,-0.774934230926244,-0.424470015546356,1.00295418093871,0.605631087071203,-1.21660793666111,0.221453737447578,0.125043768788655,0.9823019526221,-0.789801568260262,0.0381285671674046,0.317265692170835,-0.155889549267944,0.767726871578777,0.121986056868631,0.387031722165225,-1.01159147256449,-0.186276424470659,0.548925239662246,1.09629603542927,-0.854465786914061,0.195567748401793,-0.0553842364439559,0.677049632267153,-0.183623148316434,-0.502116401751772,0.206842538400235,-0.386805391342533,-0.139978595821662,0.60699130258031,-0.183964486436295
"C169",1.13415456453992,0.0517076004572183,0.825900995672337,-0.542245745063623,0.260947340788555,0.0872790093849326,0.885671935789872,-0.75577218547718,-1.1583767168638,0.290676766809135,-0.0222452708976725,-0.00742152490505078,-0.00435083194505857,-0.251278403258111,-0.442356315951278,0.63132246613737,-0.203545318518807,0.292874760060105,0.549207481644051,-0.265837264875354,-0.557509707134676,0.953251856727197,-0.143973952866206,0.315583226284541,-0.0304257653146363,-0.204452609767198,0.0433821064494589,-0.398779487169056,-0.142838839142118,1.1496297133177,0.0617796421992583,0.0664255994340331,1.94805201791737,-0.571262930309041,-0.695087080394607,-0.224002143873803,0.67080362097876,0.456820799689386,0.15965973077618,-0.136630138593142,-0.0416263332085724,-0.176585349638205,0.609737035472649,-1.04695631454313,-0.696641169279521,-0.0517876564338444,0.478619965916556,-0.107873772315835,0.230663796402365,-0.663373232179238
"C170",0.422541492678029,-0.790945667172052,0.501116783823537,-0.936188106986606,-0.822975434382606,-0.0621257930766511,0.00977382436148102,0.44824096033237,-0.275769284552956,0.295380083168147,-0.334183589014568,-0.438038536937377,-0.0886942845716171,0.265815719348078,1.02277790769394,-0.704854825306937,0.438442098493835,-0.717555848276101,-1.072257667234,0.412087808945187,-0.542531543496873,0.0123313166068312,-0.50279156220999,0.713543064526765,-0.0205078273755516,-0.042558725101674,-2.17333927985676,-0.067624072830566,-0.389206413596128,-0.33430782100848,-0.775294818945656,0.0300052160188821,0.257691268215279,-1.35210656353137,0.750215136178323,-0.360245094058069,-0.660157805368522,-0.515350765155341,-0.131037946784081,0.646955241075372,0.597306044505525,0.921775235080791,0.314011796315631,0.197544177441327,0.197794082922249,0.484140316135586,0.29116867408073,-0.290656866539812,-1.50144250983548,0.164972924509776
"C171",-0.0921143309885663,0.0684718417644974,0.72524882459466,-0.040587372488532,-0.253751387610635,0.102184773281857,-0.753752959603127,-0.35675083983569,-0.654085932325502,-0.415842889794989,0.58284989583832,0.530514943640649,0.374290282867772,0.125447563511645,0.906926267230221,0.716758277409061,-0.374490734717495,-0.652677693546107,-0.277720867294332,0.736452926707506,0.930849040471194,-0.369586245653429,-0.0342117440469845,-0.281480528989444,-0.24801256799119,-0.255937339476276,-0.204291977210756,0.0158649467885999,0.313223945803608,-0.191464396391327,1.92023600219845,-0.33401975642332,0.965491824504325,-0.214020871182032,-0.30573742523529,0.152139851630307,0.377701396984152,0.837923084803895,0.41670824140774,-0.0150694266635725,0.800437832429782,-0.493114149521386,0.0855481073729624,-0.294793898361183,-0.472916018293414,-0.445099299071198,-1.24441175384447,0.0738299934064635,-0.929336193442822,-0.110792087312123
"C172",0.471971486871084,0.434430070532959,-0.556503375007734,0.0384272591968717,0.175313199936579,-0.939688759530031,-1.48625267397353,-1.09589688522247,-0.469047567661043,-1.83039684960673,-0.726578217668383,0.0733383648204226,-0.421037294589762,-0.038415941633626,-0.108387230332964,-0.144669903123164,-0.373884483602602,-0.176477650707576,-1.03822618063822,0.366535445171542,0.245005236520422,-0.132976131249739,-0.319151410398939,0.133694981094455,-0.356037588354175,-1.11147420425453,-0.0555688449616766,0.382734542218242,0.275921889588951,1.85309067329096,-0.53963704050599,-0.0638088094231988,0.135683785071601,-0.817312304867141,1.89211555606577,-0.602539643577741,-0.440276650448551,-1.70123608963043,0.621654116153805,-0.146027819188142,-0.167691093624766,0.758251934855231,1.30600055598139,1.4586108052975,0.204300240788127,1.42676486211421,0.481849368504629,1.16351293869322,0.639476190886296,-0.444956503884378
"C173",-0.127465065250493,0.503266217440979,-0.0583006300217687,0.0373696409497461,-1.44695182327405,0.00459872945278013,-0.434458643032285,-0.216345855471033,-0.652911304424672,0.138866606914934,0.573464077971192,1.23672171869583,-0.565677662873992,0.368574310681718,0.249871808850692,-0.186789804758238,0.341833002041661,-1.0182363986091,-0.821654082542339,0.126050081216962,-0.909445506455326,-0.822216099694848,0.0362136121145511,-0.26120698858872,-0.233050472254042,-0.0270022194570242,-0.132522305496157,0.714358082106098,-0.733321172101099,0.286410046949763,-0.649002646187016,0.0257549090650767,1.13654050867294,0.862956635831254,0.218413531391617,0.554669792040019,-0.231649408946052,-0.395598854131876,-0.391688320199059,0.700840662809332,0.263383588256957,0.277695233754154,-0.416676581400741,0.0139534959495615,0.254920752447462,-0.213135348151514,0.103123119005228,0.0725104064833667,-0.218634894277524,0.430086454671942
"C174",-0.562890696965861,1.03642053327526,1.60705776122138,0.0614388359530593,0.305973098952373,0.874335924691577,-0.337035952861847,0.320290028086136,0.41800798475753,-0.834031890703666,-0.396734554231592,1.02835560775153,1.11682229128624,-0.101588601107621,-0.956887946114289,0.0432831746581241,-0.587220013569642,-0.747220281789135,-0.467603445108014,0.345542650928055,0.487933202982003,0.818412369098578,0.49079357053121,-0.14298067713854,0.198083817124016,-0.0194927776607758,-0.177150058645027,0.241203519344181,-0.0683998870042038,0.40553472731649,-0.322012257100359,0.182993753175155,-0.148515869050584,0.603092031017604,-0.892540328042336,0.67348682210324,0.666957195837794,-0.474097426211349,0.227841513261324,-0.799456849787822,-0.244490604630838,0.0355257036787366,-0.911943847303075,-0.25969938240508,-0.238411482219674,0.511680010479833,0.250540513714521,-0.568890422644024,0.821407224167975,-0.228570932780255
"C175",-0.523951715734371,-0.166108955034373,0.0826244156416874,0.17171979656645,0.143265992932005,0.384714231150801,-0.652043383535331,1.11503919255335,-0.446217483950788,-0.121801831719856,0.000742543217858091,0.593911460117681,-0.900587935970722,-0.052115299689499,-0.397686605831619,0.312544577120782,-0.29255572210042,-0.534133608632804,0.709757992398907,0.721509398229484,-0.215563390572586,0.218579525051086,-0.0363577433995271,0.0686655848171039,-0.191984623690664,-1.10145828912873,0.0198042345982153,0.85141678626811,0.466635783835029,0.421009182999023,0.426354490782452,0.457826048640578,-0.448635528236503,-0.609981766342055,-0.199018356101738,0.597584886117987,0.8538719687548,-1.21513961607073,-0.120996598849523,-0.474445198735409,-1.43254092748425,0.910589812929576,0.0788854955912013,0.694423605669361,0.22373984599262,-0.756973338548388,1.49334399199591,-0.553505886984406,-0.47565101088797,-0.267502306231581
"C176",0.125141885653122,0.301870426694596,-0.0218158671374556,-0.539339509135498,0.658678875220185,0.198802896784332,-0.497939406531586,0.292336843449171,1.12721394706137,0.391014049308268,0.193712044020305,-0.0308319617079533,-0.388433875532202,-0.673127029088577,0.0595246660313949,-0.172000532650558,-0.969122622326293,-1.39128826408952,0.440278819913379,0.737840492698367,0.853759245385961,-2.27646715698356,-0.427808568650716,-0.427203303088539,0.617651322008624,0.537371673568258,-0.753991374282614,0.425729933308586,0.740828219978873,-0.743188579616857,0.138866057471758,0.0347578329840918,1.04873616834758,-0.404215911096544,0.982227545126842,0.0886942664687943,0.165899448429783,-0.793979976206459,0.0235922935161035,1.03692659079863,-0.126390736585067,-0.67605143691921,-0.301154123413253,-0.0104972661379463,0.698791665044797,-0.829021224482756,0.0347652922591134,0.285003973492157,0.283991439151558,0.406806521792262
"C177",0.573832164887305,0.0284488153647745,-0.108911865797155,0.624909718497809,0.0277800821566877,0.36871286046751,-0.760333206183841,0.773811553292603,-0.156092798111771,-0.208263590192446,1.01897487757808,-0.403970804443252,-0.49134358155785,0.865800309097798,-0.0267134429592756,-0.429524255591906,-0.646889183102128,-0.122342349410064,-0.241204124964834,0.226877671713069,1.4099885935237,-0.628534429751391,-0.593480053147108,0.526527860880377,0.344483877752853,0.0500947604293376,-0.0500376570988319,0.961484961526567,1.47500777367717,-1.03657655367169,1.14940942429179,-0.0547868023391686,0.133207257261218,-1.16363135425681,-0.152823163411218,0.221770249578624,-0.395257181911616,0.338999406519744,-0.568965076953587,-1.05432452164009,0.756876640519825,-0.769988491644497,-0.0850592559718422,-0.351133687791378,0.215041695603398,-0.440094184090435,-0.351108161600157,-0.130011221944786,-0.620230924049213,-0.402167344902636
"C178",-0.630643346741331,1.23942076812255,0.0413864836848364,0.211634455919106,-0.305772774408301,-0.566417497387499,-0.555130897232825,0.760833378778413,-0.385340422608471,0.0252947444013753,-0.00804253878194305,0.518912031898563,-0.475789266754202,0.443111652928309,0.526944902312017,0.366630955182406,0.768585193837056,-0.449308115679658,0.169469645149388,0.022908861888437,-0.253646045616853,-0.160488234808626,0.0292230076889478,0.813650633765331,0.199131791738066,0.0169056082846641,-0.0784562165708889,0.0281900220857636,-1.47859727663236,-0.620858260454936,0.536032709431677,0.00887307821375219,-0.0397831484356435,1.65528278877407,-0.00119880567816515,0.640613348409976,0.206318423499474,-0.369450067480616,0.346857251151649,-0.429703576813434,-0.167543874821766,-0.390213021887284,0.353191278402171,-0.562416915051036,0.177147055680043,0.85124048969853,0.949530424321689,-0.055496097618132,0.682982139405762,1.97711318589733
"C179",-1.18540727375098,-1.35765503253859,0.714669238895315,-0.727564452790608,0.564879237630341,-0.0278589254997502,-0.465491917749081,0.0886136252952072,-0.351333389160313,0.949921829816441,0.968669228000403,-0.472500429377876,-0.115014403968018,0.404096794479898,-0.568833701300012,-0.23508432074119,-0.173021170642134,-0.286925521932145,0.629881202386273,-0.654761827890075,-0.488577989872242,0.645353605159456,-0.658814973881018,-0.843298929251858,0.151516027040995,-0.702036744744992,0.207894004807294,0.105806460066969,-0.20579827552624,0.301213467239596,-0.833592216734366,0.386448665076964,-0.13970629174098,0.458527380821428,0.140555060670319,-0.909944954799312,-0.604585423458688,-0.673027483719849,0.339872725623874,-0.28651437807412,0.324170317090854,-0.186076275480015,-0.449335430765066,0.0514891342268908,-0.763965989325895,1.06976025920787,-1.32295743688106,-0.935943523143267,1.20262993446044,-0.150487106719506
"C180",0.074506232534801,-0.19245904980105,-0.53831903355508,-1.16207193700976,-0.100311877648828,-0.226495086359306,-0.493510488308651,0.802373727208083,0.565371135775329,-0.366194249011676,-0.799193690166508,0.35253833390842,-2.10638754262219,-0.527183760278206,1.14704628073085,-0.0427291249568925,0.46307958864871,0.0520248458579778,-1.04409522701603,-0.868966914172533,1.43230191790275,-1.1783135609459,-0.664140357999721,-0.062620125766541,1.08398128637073,1.19726536087585,-0.624042087568647,0.208500917694698,0.950480914892115,0.442448126304253,0.100502344028682,0.111239593263772,-0.787776091737876,-1.15077008074013,0.504743985822957,-0.483121573191337,0.30022454292596,-0.707392700533649,-0.463508068163573,-0.647406260849848,0.214267938889129,1.42386226946958,0.347370107025653,0.330523243788849,0.0782498325899801,-0.0237501214921398,0.447319924901441,0.791046051752612,0.183682944041328,0.662729242262983
"C181",0.570983999944702,0.627975920379858,0.540010625685104,1.29762532548699,1.12352720886775,1.54336273466188,-0.699439593018318,-0.859840681136389,-0.0982704469390688,-0.462526010502861,0.450031025374167,-0.174952725080401,-0.125154179974169,0.434315775035576,-0.76818092013702,0.0696995902285611,0.291163895602372,-0.194329853479065,-0.0838528925179593,-0.935536242591661,-1.097545126731,1.20567613130822,0.850320807515995,0.0368246825066228,-0.532174675683287,0.607885194987658,1.64847879312869,-0.189444986442894,-0.446385903099925,1.54159116355609,-0.129150476589524,-0.28925030531678,-1.460095348676,0.714017601509748,-0.461001281564238,0.384748292474299,0.310704244295831,-0.198452381364011,-0.476154750811025,0.392793594016242,1.07118941392518,-1.47650987207803,0.154675425031357,-0.115791779882893,-0.533897266349878,0.930999469904448,-0.371693432202388,-0.0630244492319983,0.826450867557063,-0.115877626463815
"C182",0.486545344442984,0.0544897423031723,-0.863909033266377,0.0907578928567646,1.22934125151158,-0.421159826116376,-0.552487845009856,-0.295371752231586,0.0322919741192902,-1.35245229850399,-0.534631023084024,-0.687787002215335,0.0519615507290181,0.339326186945071,1.8234329871238,-0.82442954100909,0.236384719861023,0.679006490177418,0.331278526014507,0.330742124740944,0.948774706025652,-0.687792018648922,-0.12313221374026,0.273938484689127,0.389362990068848,-1.08958772783495,-1.46674992797297,0.382513768210331,0.0560995464797341,-0.395201774709452,-0.535987866864141,-0.652270047206426,0.129622455532763,-1.84638023515323,1.24028787073055,-1.00443198425933,-0.293535494761838,-1.44614647991148,0.660287156705602,0.410165907903496,-0.294800519624761,2.16752988511218,-0.249795554521892,1.58529522099808,-0.309061230515702,-0.973910265010605,1.01889437770531,0.293517231965636,-1.16094120918314,-0.547574709740646
"C183",0.55129047931908,0.0631995591585047,-1.27387282304995,0.345624325745047,0.540931782873476,-0.401482690052774,0.556444608913298,0.044509076815062,0.0372846794983605,0.314359493040191,-0.143609982257403,-0.00355192388109007,-0.839102559841847,0.337525986238159,0.410089449140551,0.516999866491956,-0.196568974384946,0.219564954422734,0.497481958713085,0.40344782870194,0.576170240468847,-0.314551279992077,0.131478974420733,0.172768641052096,0.296756053520641,-0.0415158834129291,0.133163573613655,-0.500152198605323,0.0469903675578155,0.109386392840715,-0.219952708073742,0.0786183408739518,-0.185643526055485,0.255192368748672,0.0728171909036154,0.0420314428009529,0.428781177628448,-0.478982321916361,0.147657730945072,-0.658636611707435,0.475417460277176,-0.541646097578168,-1.124211712352,0.874596191244118,-0.305540807737878,-0.0208092504549722,1.02857041427201,1.60400549426002,-0.529275085883197,-0.0397357165492889
"C184",-0.319220325633701,-0.768836224517148,0.678749897584505,0.340270745663211,0.466518719528824,-0.328735618768589,0.122566829613065,1.07328985194781,0.310652159331134,-0.213260848509734,0.420294751802081,0.299850829618444,0.592555299135214,-1.25730134600365,1.09483869133482,-0.211138351296305,0.251842212380252,0.297590807551749,-0.427867095664853,-0.106038171320794,-0.278574788898866,0.1259340810135,-0.64132715319487,0.0655636114128174,-0.0551847889981737,-0.0840212081857943,-0.0728459517520673,-0.748149381333441,-0.172389865571739,-0.581046155066487,0.370521358092384,-0.46021272143449,-0.976091759245329,0.347440813088123,0.927667452737821,1.43615195475936,0.968261496859519,-0.304505080085363,-0.558180803939838,0.234393999274524,-0.486386693603834,0.704253399889154,-0.180082780989779,-0.242985284999141,-0.399022326742223,-0.122055359579058,0.692224713245178,1.42813458648155,-0.153305601719954,-0.0922276013762351
"C185",0.184159389639137,0.236874743109519,0.308677046829217,-0.40751781966086,-0.353114232808102,0.913736041384265,-0.0535745577037893,1.19824119192208,-0.187311154002975,0.442617381222187,-0.519121425700188,0.686372553195309,0.173138217294133,-0.38900189136359,-0.178612697378401,0.0951078735815895,-1.1375084412602,-0.435390051472861,0.897173385628831,0.3472021700152,-0.0970204326566423,-0.182621373093841,-0.500643294930947,-0.687181307035466,-1.92169984781225,-0.199228150021198,-0.202170405638465,0.562462719239015,0.652368923261726,-0.253971257043115,-0.448451604896245,-0.303729834048964,-0.0118753675600684,0.266744827049456,-0.334120713629209,0.210209497035591,-0.286627226947171,-0.785152279659313,0.336851224250458,-0.595070522833764,0.0964558244146296,-0.622383445298854,-1.31326468883823,-0.0808024892257799,0.74318439629621,0.268013086504562,0.955594289816628,0.472754761166394,-0.0566669664330076,0.0966112409354471
"C186",2.01185719351199,-0.0894069326686076,0.200063533322176,0.0737020335016172,0.0996798057251137,-0.0475154733060444,0.356999108030602,-0.062245541981334,0.890980035539728,0.382558023792016,0.0437382705650784,0.215253307308109,-0.906962230438058,-0.820982736939869,-0.170159861045027,-0.892409657600355,-0.761053871534454,0.451099019856003,-0.322042019883564,0.00203260562834148,0.703933874379857,0.0344674802787135,0.540707536783971,-0.560109829239165,-0.123861058055631,0.336973801508443,0.173734493264802,0.493717510853804,0.617385104317178,-0.152199077699747,-0.885232604488488,0.500556360358185,-0.757012915809192,-0.56695997886136,-0.70587802273601,0.194457107766137,0.19929013447795,-0.254658974123634,-0.148368713860605,-0.0665803342452781,0.895511760781468,-0.619905837349194,0.372733937653876,-0.279750779191403,0.677744846652989,-0.570230247238824,-0.322396201244662,-1.58336842817502,-1.10770504356031,-0.470259227693885
"C187",0.187359247687069,-0.560608397450497,1.25979212713624,0.749414626011722,0.506359389097493,-0.931978707680933,0.198500887096439,0.059080088453735,0.0737276055652703,0.265735370127474,-0.745655520976395,-0.227007577928134,0.12317873663232,-0.45035776274017,-0.883103842850196,0.377262130538905,-0.0636000780785418,-0.654558492704178,0.0307650841921558,-0.304096592861688,0.207048362916751,-0.185421982090486,0.166905132764422,-0.112731129813772,-0.715295589422613,0.438420128772098,0.724342309623116,-0.362226102062624,-0.101890792979773,-1.069601451985,-0.120372077669708,1.108105364403,1.14969780771882,-0.276248286731127,0.351992251499374,0.177032434639482,0.168572049878079,0.895705012431677,-0.0584344178845446,-0.335640967857551,0.800158380654015,-0.682209878825708,0.121322817355803,-0.44085870309027,0.99163780759647,0.657869839093708,-0.345916712757873,-1.04981255211174,0.60629429967179,-0.25895530901986
"C188",0.47718671257274,0.727860535078726,0.905793166047526,-0.564870495560182,-0.238313295997211,-1.00026272260715,0.411823731629495,-0.0698253453942108,-0.216826933179062,-0.563934679861068,-0.904895221576197,-0.752243762022603,0.0204133944529076,-0.324667384257547,-0.234031115507246,-0.382103635343701,0.296491193219399,0.933039351525881,0.368112201145417,0.0688244048679275,-0.864637975272245,1.34491977108696,0.599159848656957,-0.437846021461836,-0.483808712115533,-0.749976102135212,0.774972858497031,-0.0440981671883546,-0.0752791914157139,0.288971418247835,0.377532824939775,-0.34448520709059,0.159560317251801,1.21384432803488,-0.468577823871435,0.222122417565005,-0.059372549284121,-0.415123600890568,0.696027875656447,0.411148071631483,0.143911041955635,0.474949406348176,0.0381021293984711,-0.570515172369605,1.00673940088154,-0.435076065622785,0.556978175946072,0.616170631966054,0.383942746672957,0.64609097948957
"C189",0.650297033285351,-0.740094113017462,-0.181675577219986,1.32926862836432,-0.229032130846094,0.590765573926015,-0.409229041170529,1.50926868770634,-0.617304951884841,0.354024642312863,0.554606478805118,0.0258359143671246,0.624907051257632,0.0458688358177691,0.149859971389754,-0.0865070500289627,-0.314088259087077,0.726621721596595,0.185033448793211,0.898198745948937,0.270542129544552,1.34885072161819,0.179255027892247,0.62917959857545,0.508529484972544,0.176278628591731,0.83214662402115,-0.290693169636613,0.745352962525425,-0.423678428497878,-0.581425082488404,0.753273908179165,0.881218969005282,-0.145252152520806,-0.636833062720649,0.239945113512374,-0.178092274202644,-0.875636595561956,0.222781556739524,-0.780549693003141,0.407033976907694,-0.197198292327896,-0.33221792470849,-0.989424610441779,0.249728957563813,1.70031531058346,0.4425803481811,2.49539349652017,0.617942784239946,0.507820205502045
"C190",-0.334345953423226,0.192292552399982,-0.902273142817247,0.583384419056648,0.188720922736072,0.563833278963195,0.0344738528418055,0.21560834530434,-0.183119247167393,0.454938271685097,0.362438962925116,0.185277331565022,0.237392815290225,0.838690246109378,-0.853136901880508,0.312490844318114,0.214902364518277,-0.0468277855686922,0.499665244902331,-0.545147420075109,0.915823466732603,0.372635093491714,0.584550884231047,-0.906007375759565,-0.34605796712514,0.829199653317675,0.910425279958477,-0.600689376447348,-0.368444696882729,0.0632887264089871,-0.493457925230906,-0.462236916458377,0.865738382604184,-0.653038772732988,0.108187681311729,0.615328254587123,-0.271832066573617,-0.756587445340532,-0.329202549844953,-0.353074099999522,-0.470477701761639,-0.115348655026613,-0.704709715090066,-0.139351058797378,-0.349333712153247,-1.1389800369011,-0.168693258775727,-0.935878708538738,-0.80703682253728,0.820095959112594
"C191",0.0681417683835914,-0.309034546267052,0.747295973469536,-0.178546799622949,0.252427582442216,-0.990581570595605,0.95110394918425,0.207257478505558,-0.950839252654441,0.748969346250795,1.18459781146324,0.698289331092282,0.653417863158129,0.0680992810769399,0.830946934267943,-0.363165405928694,0.424359246185156,0.104560439665323,-0.294244001832959,-0.101959117761976,-0.755958480877583,0.436646502311336,-0.597892114060923,-0.284680990283187,-0.529939915670312,-0.153943223545238,0.791616109973176,-0.816722939475254,0.42843826520189,0.00655936381641226,0.204264547776469,-0.0535321185128078,0.375673806538529,0.398505321163666,-0.0702717040065294,0.138605826683958,1.62151468645034,-0.409289783125123,-0.775086648893668,-0.466226134942463,0.304508518142693,0.991349456911024,-0.0837537253530048,0.580178330542781,-1.07682111515138,0.063403043728393,-0.392532563680633,0.657507755745876,-0.123194055299177,-0.251297234496685
"C192",0.239722544145826,-0.26107439706359,-0.218690895971572,-0.496452819901882,-0.132866813430388,0.360195327176196,-0.386560120349127,-0.207875671732399,0.604043732160678,0.0180430344996241,-0.424855381759968,0.195134149088205,0.442617852377906,-0.479509920761223,-0.55857767733131,-0.106046408583814,0.272082254636027,-0.268042896374883,-0.368159181444139,0.432093340457856,0.257555772630051,0.280474171942069,-0.0865923629446838,-0.59572809698275,-0.143229799199933,-0.197112398731242,-0.00590109118350124,0.212610284295768,-0.597067848104916,-1.13446563895671,0.305138149343437,-0.095997677654927,-0.370657822041724,-0.298438021567471,0.227169899010301,0.517238232521129,0.640906675295009,-0.0986759938739893,0.425670583315064,0.238851548193716,-0.84706867797586,0.117389998631175,0.0990624793967525,1.07721921020418,0.071015851962023,1.1838337121232,-0.88992451912926,-0.201882025825543,0.214074247164962,0.942327924932132
"C193",0.0878665339924948,0.243491243763753,0.959593280866433,-0.974314873275532,-0.112838216461382,-0.0525767157533991,-0.318900431103339,-0.76102434895177,0.21583897711705,0.975413679002037,0.795427989064357,0.914077857500041,-0.807442387812856,-0.581881602256014,0.076214068904497,0.375549259434975,0.363457354647287,-0.328257949644486,0.192110662026939,-0.741708432408817,0.0152489781922797,0.565246133991507,0.0860922390558032,-0.630964968069067,-0.916280500515427,-0.370115377938612,0.498109175431239,-0.247673488223441,-0.136811318730669,0.89299752845101,-0.218493152346235,-0.228518579178235,-0.120219616202126,0.465842607628534,-0.0815550341216764,-0.208904381225422,-0.542786996952808,0.805123659254795,-0.538595913550322,-0.684788971910464,1.53239616913572,-0.604844743614815,0.0931028441848172,-0.285832312378484,-0.670108396072496,-0.75537203366628,-1.59277677060052,-1.23137498208361,-0.495293166768311,-0.356735367155091
"C194",-0.745008104828141,-0.460021852935084,-0.329760082174615,0.794434435492834,-0.167390715697558,-0.833767635432402,1.24478777470764,-0.521832208081185,-0.662206312208337,-0.254886549091487,-0.0740440568527214,-0.19521143303178,-0.0696504631323541,-0.629695324468388,0.382333577593801,0.346621295439972,-0.256445510270604,-0.86466486151956,-0.830183564454627,-0.420878454081481,0.821328459494825,-0.765076321598525,0.151313495429949,-0.154075839096934,-1.01980385729423,0.503371944264353,-0.451781792761623,0.428149715461416,-0.797849265362995,-0.810615237434283,0.237290807458904,-1.25769179749192,0.0147173810506866,-0.838798073164218,-1.15226894317433,-0.0582599516380357,0.616856369831807,0.752793439033892,-0.376413958648395,-0.514092477726278,-0.22591858650923,0.288279825167941,-0.0794197219077702,-0.272762215860743,0.250217003377614,-0.185529833100243,-0.310733714379487,-0.193121462746057,-0.411626221688802,-0.454148709893241
"C195",-0.225863189182,1.04810060626193,-0.16652543245168,0.282211191427878,0.256001746827133,0.475516477972729,-0.0776320707537703,1.90367422494678,0.196017905214465,0.0687799908982096,0.239588461837418,0.0696129519862213,-0.108874838708529,-1.08290022614519,0.28486603266669,-0.966230133061973,-0.269275222089901,-0.240964295376086,-0.475514122060608,0.899027202618751,-0.717878168802625,0.806169943289732,-0.511156350101541,0.188796221076149,-0.334529170321955,0.031354702545308,-0.0329680239612632,-0.154723454671164,-0.434256897450805,-2.07790899128422,-0.0753306762501235,-0.20447258387049,0.353220263202975,1.51736173122897,0.0444247633792078,1.50469765574556,-0.382876576066782,-0.740074083551857,0.504950090773787,-0.393188035930698,-0.229120241193148,0.189268506283351,-0.918914937170131,0.641052646804118,-1.33379105521877,-1.99143942715756,0.563593819861471,-0.0140595520198858,-0.694052229537062,1.02009420004253
"C196",-0.35385692563191,-0.41210258623922,-0.380666933143431,-0.360033333332463,-0.92171921511686,-0.754864515499071,-1.67446548463848,-1.07147366514648,0.326266756685242,0.279558566641222,0.590490063246279,0.39202071872672,-0.934670265523846,-0.503289681163466,-0.613164543052661,-0.255698589154191,0.041364848729026,0.118208855262957,0.168388318320038,0.582958458692778,-1.12606431090798,0.233799613097253,0.130066683677644,0.033154291161357,-0.275792336276319,-0.929596638366565,-0.121413167979848,0.34417828969553,-0.279843118061776,0.0537545943834592,0.796882584172018,-0.4345725299959,-0.181255669890124,1.21660406507208,0.470773348982969,-0.265723368487385,-1.61826799908641,-0.473675269673427,-1.40957032467323,-0.0952759680443321,-0.456234047764478,-0.176103496629497,1.04101972556673,0.351782438863382,-0.91294710195794,-0.236510761089653,0.301896751600318,-1.28606112104532,0.382186362431303,-0.792439939229954
"C197",-0.562148061217322,0.242234803393268,-0.400208363840142,-0.41250685470734,-0.766032005444462,0.356513705841302,-0.614616295013034,-1.45508111541751,-0.500501448581311,-0.193945884752811,-1.27431576256317,1.11436697624459,-0.904974567040683,-0.102124438644851,-0.0609921363509569,-0.0399679518599357,0.37418178840341,-0.0496453303294856,0.156331697194211,0.566643792697158,0.0726671272861631,-0.100016595736987,0.438502492945281,0.164131646659294,0.167799009464637,0.465916224783094,-0.330612269727219,1.42659970879427,0.640086292900968,-0.119487477122897,-0.396868239526746,0.57002960421551,-0.955914479322781,-0.904439135449757,0.0830039900638858,-1.26129103814463,-1.35294714205951,0.814253022519712,0.4304477977875,0.266415125973551,0.572030790008231,0.464420876970998,0.41269962566092,0.419916330081592,0.384909920376856,0.274810443774295,-0.074589117248149,0.913149507578896,0.488030453104378,0.71600872377542
"C198",0.220216549504474,-0.808399433386886,-0.263962318913575,0.197128070024006,-0.395303284647901,-0.723780883842778,-0.108583082420066,-0.0191869228798446,1.31877277413005,1.30349148252053,1.23868216809137,-0.88617739594933,0.87708442695264,-0.0846509483019293,1.05264635251668,0.338168308305812,0.840443754891476,-0.630039050970106,-0.95866885831931,0.580237403017946,0.934403313852744,0.173255075262019,-0.0468196498203754,0.190166813721378,-0.73816640954776,-1.20756961379219,0.969625459867045,-0.758712269585655,-1.76598307544066,-0.279224773335175,-0.678887033378249,-0.960034092643391,0.894076531307356,-0.109986134982695,-0.432038952110558,-0.482476450838253,-0.763802683899845,0.748270528325012,-0.20753971919542,-0.644326636475704,-0.488437850164151,0.972379445777448,-0.175717915298426,0.0660217656219973,-0.650141533655011,-0.38557184009831,-0.879598518104984,-0.32364521908671,-0.616236206851163,-1.1771971868593
"C199",-0.0585629011791529,-0.999448364443978,-0.674307736371345,-0.860019598098378,-0.29630058590046,0.0682686626102313,0.480567795515318,0.166380330140648,0.290230842677479,-0.439101630692548,-1.22746078106136,-0.0560535083688725,-0.328010941070362,1.0436648977278,0.165113064867149,-1.32449434270179,-1.21621617230926,0.784492000350502,0.23769391000794,0.654798503313717,0.727612690594385,-0.918200770977826,0.556060078920683,0.109660703861615,0.090154583902393,1.10848655008037,-0.127490782400521,-0.425922111169912,0.491146686596612,-0.00687587440443405,-0.38658903325359,-0.0424842986847449,-0.0106013701901866,0.211007755541223,-0.248397953977615,-0.0639017093302188,0.689753740757957,-0.369113010767167,1.08639204384103,-1.00034630923452,-0.8335731769168,0.805106194943276,-0.295130587284751,1.97917934843934,0.33949023907562,0.210932844648384,0.452814528097921,-0.318772039646805,0.733146530941141,0.00142987605405094
"C200",-0.132303041207976,-0.974145148421661,-0.62118717630212,-0.895336713866913,0.545090326687185,-0.166758782432243,-0.399377122643105,0.677864605574317,0.038679153366491,0.111512332394916,-0.0349637734723027,0.51305583303383,0.00986771210908484,0.495473081055253,-0.730216496710555,0.562371356398331,-0.604911865979514,-1.01308918048162,0.669287498628983,0.343012247906176,-0.57080065755354,-0.197739702740344,-0.144051351904381,-0.6533210466843,-0.238720938989259,-0.463360425910017,-0.254846065110311,0.0120023048119843,-1.11466508857973,0.0102488085590105,0.890034083961484,0.0736758485146659,-0.520832009085843,0.74281474722172,0.722687277351953,0.687899485914617,0.672457828592793,0.0894552513256301,0.687136631392379,-0.843174331609939,0.522367531555593,-0.0978561487736482,-0.899684122903782,0.965976329071844,0.175117616894607,-0.884776164715374,0.493346211812135,1.01121880603198,0.00825478593172225,-0.63313975810577
"C201",-0.874838333991453,-0.56758031684857,-0.273181979118447,0.188754835750007,0.033056021093592,-1.03257176838446,-0.272561031225415,0.702668908787466,0.698018398016216,0.0652787628851908,0.982462983121064,-0.412365225339967,0.210178766700785,-0.116002853901584,-0.116328218957395,-0.250243592891601,0.503613673185907,-0.194356636444874,-0.148733028550137,0.649652892287534,0.906830050916874,-0.806425134670389,-0.0173440419349178,0.637223296406789,-0.900191323434672,0.833358478025163,-0.134207207013467,1.45653445020918,0.56407243924241,0.537368350752659,-1.03148261860412,0.0882213874702706,0.716824768583037,0.143576268558619,1.100445761063,0.702948823400113,0.610755358078506,0.365285829292514,0.782401759002945,-0.886981033180953,-0.101884686230842,-0.584458177827235,-0.0734235504860368,-0.253569702990533,1.00784719080637,0.589253888382516,-0.676141107399281,0.921126466863905,0.88185222110875,0.185130107084212
"C202",-0.943058205982,-0.716734063972483,0.181077324521765,-0.455507571575059,-0.644906572572311,-0.760933679563448,-0.132907300505032,0.502823959912568,-0.233823475077585,0.139983555153743,-0.447415370913968,0.0119549027668655,0.0105301575558034,-0.878135442785254,0.154263463354269,-0.281195317013315,1.06220770647934,-0.882010829784187,-0.514896225641656,-0.0134986251549366,0.0778728957866097,-0.48874972806116,-0.902242208373249,0.0595662554811635,-0.780451447887137,-0.484930711631834,0.797124175136107,-0.0335741648063662,-0.92559870039988,-0.474786815594003,0.21285820136648,-0.942258981633936,0.330402791728716,1.37347980964018,1.03631818208695,0.452659169962006,-0.122053661491707,0.21237038399485,0.262776502610044,0.180565762574645,-0.215425814923349,0.334373221149075,0.467464526186835,-0.346170880650272,1.82378403512081,-0.360514666480195,0.744854820768097,1.68696018718723,0.875013885037121,-0.725367427010347
"C203",-0.685988913637496,-0.960036148043297,0.091340743633914,0.191311088032529,0.248193452954107,-0.179699481807972,0.441839023955985,-0.559705637059906,-1.03259589021373,0.275372300700359,-0.143153558771852,0.960854603266529,-0.601317215821033,0.366481597163995,0.114226323678813,-0.0177724160750363,0.506442907956505,-0.359859879003028,-0.274672683249363,0.824914059760005,-0.230988074807239,-0.0254389844002622,-0.00134036992584384,0.0832842589007656,-0.5036998991277,0.507906468632542,-0.363629029600245,0.218010202283813,-0.814475521261041,-0.908503270819601,0.579757181547691,0.0730967250943566,0.364474441769301,-0.500250779376249,-0.0165820610331718,-0.670680866389901,-0.571093036176286,1.29990157905888,-0.300560845308788,-0.0179909517295365,-0.00050322423219511,0.288369072471622,0.302077727845497,-0.757672523978598,0.157576758131022,0.490872573470902,-0.636673606474401,-0.423834582435779,0.431743204670027,0.1645307584668
"C204",1.00922525240521,0.0172096776918343,0.935223919989704,0.294995665132308,0.358907846241337,-0.655407560592711,0.88919711513581,-0.340705865816457,0.145452852662296,1.23087804390038,0.000484579251862606,-0.634562682077894,-0.2445923662317,-0.943743349700859,-1.00446312361139,-0.729289573382072,-1.36345495186045,-0.895373752419493,0.299402860047299,0.078466109396415,-1.70090989338537,0.945152224344923,-0.00294252632931511,-0.0284761005261359,-1.207224651105,0.735811593083523,1.65783925936428,-0.625723841317687,0.292369933571635,-0.421939856611893,-0.330629478543062,0.0316582377602969,-0.520250533394723,1.99461628221213,0.374297416094855,0.376586923129966,-0.630711000869391,0.350144737370545,0.298661527254614,-0.645804753411351,-0.21516247109779,-0.442775289529004,0.0729477729176143,0.188776827157884,-1.04447764262779,0.933225862858622,-0.130874294587577,-0.646787883504826,1.32031119300823,-0.060034795287676
"C205",-0.55019443438107,-0.883441392658821,-0.32770175349247,-0.394538353631326,-0.221441861245289,-1.23166872729413,-0.628302683803602,-1.05776701551452,0.0181071385499937,-1.32699634339495,0.653785051837345,-0.494071084152912,0.516227071914045,-0.00767929160716588,-0.118596752665438,0.00907763510113897,0.304040499969469,0.467745125228083,0.308531099447588,0.0129083082621968,0.015928875778225,0.0541492324332986,0.461751418082449,-0.744246471439129,1.1098973220849,-0.716828135648725,-0.0933653650989322,0.168588657203656,0.0565617377391018,-0.0369513035086534,-0.351869223900887,-1.07885165046195,-0.875537633338889,-0.900445447743793,-0.638682728607488,-1.35766997047779,-0.582166902039532,-1.40892718415472,-0.0762884142215942,0.298033181325147,0.241103756346432,-0.0643241991215352,0.61986283962668,0.324208899571829,0.312072969425931,-0.0346241982638058,1.04147994297807,-0.6803159356413,-0.384943058273388,-1.28390057580811
"C206",0.210724245218205,1.32686294651884,0.0396325045028878,-0.974498712250532,-0.165944754660372,-0.357382567073953,1.27910462839974,0.197886227914261,-0.37628561758874,0.137668657143365,0.5738682594385,0.511837043544175,-0.486466902197683,-0.751794544798826,0.321919430896409,0.55671995915476,-1.0949010599135,0.226020981266014,0.0243453771422685,-0.488139182171016,-2.26170115367211,1.19955925651596,0.4300175938746,-0.551588205636781,-0.567150884889564,0.252195813798465,1.79558985613787,-1.7887741681388,-0.684602253657942,0.196649154653493,0.291426620512932,0.110514025552525,1.46782486989514,1.84106903539805,0.908611487282267,0.212886503025451,-0.986908622451606,-0.00302605930349913,1.0466105990094,0.246351443208521,0.0197618433740075,-0.82607128801547,0.692049839082975,-0.135201622308788,-1.23810439471278,-0.308972935176512,0.0374671061969644,-0.558782336853976,0.21183993354464,0.692261093819199
"C207",0.259362940256968,0.0603915735433943,-0.66670882130665,0.594308350755135,-0.0693607002502555,-0.375426295212505,0.565730321517957,-0.768733975334092,-0.148177948639492,0.0842383128546256,-1.0397292228496,0.978941435575636,-0.647772325263367,-0.595928468841828,1.33225769846119,-0.879732964423938,-0.292927286693029,0.423242003251125,-0.96276248050442,1.14129347499327,0.17621009917205,-1.34183400936382,0.357356472012698,-0.293591246839714,0.252596419850354,-0.443199762614648,-1.77293176650603,0.971573814682018,-0.456710600692625,0.425172381186461,-0.721569254067563,0.051535571924499,-0.375666235963942,-1.24201277175327,0.541836811321708,-0.762332136841386,-0.247294330850163,0.292800908597227,0.294357514529258,0.868060041701414,1.10180012153938,1.6397408420502,-0.235022556204829,-0.630861035703387,-0.417732877838055,-0.870867394657925,-0.405820261191984,0.390699266391092,-0.677589654321151,-0.517101076846031
"C208",-0.0522091314836907,-0.694989362382846,0.795449523982525,0.92871945530235,0.380213134261089,-0.0609929230352624,-0.00784641908134446,-0.546464379934496,0.508480946109151,1.60628025958242,0.841145994181192,0.357055482525764,-0.155444000737268,0.182880509435144,-0.795306128325009,0.849623282230362,1.22081447895064,-1.01844463899786,0.447485250557922,0.551643819823535,-0.208885357130457,0.984184071513559,0.247742281762814,-0.869842500241709,0.415394430787467,0.112021526632438,1.14314301738949,-1.95820435799054,-1.07269799292126,0.965324365531875,0.72441315713499,0.0500149581237461,0.818055239922178,1.30021260318343,0.0293646804837818,0.384778044600658,1.13516179187239,-0.266113410377164,-0.357704360840925,0.156681289016325,1.3106890143314,-0.526624537470371,0.0176500234905834,-1.16622067877042,-0.426834717508254,1.11554253075237,-0.170695256612884,-0.243957034068577,0.726538131700926,-0.866798627171559
"C209",-0.0602109294032332,0.390917430292914,-1.13659229511781,-0.0398521260783179,0.76713105127393,0.179940491608976,0.573324084129236,1.00867310028767,-0.0875082620633853,0.352300771768006,-0.538866616630694,0.288917000483756,-0.674601067746185,0.153179488509963,0.730854227290991,-0.024956656149196,-0.394833030252862,0.415741640315903,-1.61619897959072,0.335757467532508,1.5064354223382,-0.649456324852014,0.487097464471427,0.927924108649764,1.17335264123193,-0.926472328373714,-0.292066018669068,-0.752945961337948,-0.818042154512083,-0.0349107935580501,1.37162078493411,-1.18813920890648,0.0327760438353819,-0.1038901484552,-0.0423674765864645,0.899233056412955,0.281549258684725,0.0394463033659452,0.0862746092470517,-1.01689435387534,-0.471555911810004,0.391743248863953,-0.40919707443461,-0.415870665131664,0.957264294794774,-0.0800260251230606,-0.528037488972396,0.560184390298941,-0.623419137063946,0.0483815027639448
"C210",-0.398040578540341,-0.60111648340293,-0.402859784727243,-0.0646643935872797,1.10404618487326,1.1445579004585,0.0146684724946625,0.366737171214242,0.542140622996083,0.262763271066789,0.112434291069922,0.0100032363524104,0.512715784158469,-0.263603096336379,-0.421452867407787,1.18497369739236,0.153175426043852,0.199285341167486,-1.29568692189245,-1.03711472355048,0.140729171241065,0.365220897346842,-0.515226043320597,1.31888423580645,0.575037523862625,0.299500558273877,-1.19766183165748,1.08543237795584,0.00306022663876687,-0.549242277909415,-0.236759405655681,-1.09821341946208,0.543453712551516,-1.1044615955584,-0.405936775700271,-0.493948702069621,-0.41971907108115,-0.246168590535226,-1.01522597837884,-0.105975743200342,0.260695875503367,0.78316926015269,-0.173657441879537,1.01835479225153,-0.829095888034967,-0.939140358030951,-0.0768229802909078,0.821110381410875,-0.159410431902104,-1.08726739938994
"C211",-0.206375510659888,-0.346613846343131,-0.536458974738833,0.393402709185227,-0.412631100652623,0.0895017449815619,-0.203945247953955,-0.0160465504104106,-0.0877098996491783,0.0752927459156116,-0.755742705063419,-0.590286476873102,0.935114550595636,0.198104341611255,0.324757676172561,0.542868061259331,-0.187462132160203,-0.902170003793087,0.856181868516957,-0.0882598931731911,0.260327469268213,-1.33717586827421,-0.220358490790786,0.0648745110269216,-0.0151023803792544,-0.673222507534486,-0.850634751488688,0.722508369009162,0.196624100288295,0.298021159460194,1.59658692118763,0.0906296610014253,0.493901145868353,-0.48316644782469,0.157776373154776,1.63801013242114,-0.241232846535039,-0.527599323745374,-0.360238748021933,0.299299987531759,0.168748772367406,0.66518053976046,0.189838519109241,-0.499291036715001,-0.246676284057428,-0.250712624625201,-0.126882971178472,-0.386973004512148,-0.198905465000785,-0.308116765182143
"C212",-0.0290491290046629,0.879935650633351,-0.245118784682568,0.0927281027516181,0.522525173764899,-0.561484974091351,0.697295938875336,1.09544562841933,0.187745426533998,0.671953569037403,-0.127978462043292,0.449993643590584,-0.409927462037081,-0.633918015986913,0.641814130684244,0.232103694136913,0.0848508300517219,-0.15598799219099,0.152428552702058,-0.450743900678546,-0.816097173687019,-0.579985834491132,-0.677829780786885,-0.000876976513062773,-1.22294052819879,0.29641250296134,0.332227362920905,-1.15182705931491,-1.30561001438873,-0.811950354419132,0.439205252059296,-0.291803679268053,-0.291698479665328,0.615008605982214,-0.431734463637749,0.890553834849345,0.335870431878708,0.717620633451352,-0.448842375601076,-0.992829453426646,0.399486123863058,0.318463736979687,-0.0371663154160865,0.0416737930995641,-0.398575653722331,0.505110766156126,0.821270238250499,0.266548402543463,0.0743494863432346,0.166343376815147
"C213",0.0609146245420332,0.279301570917339,0.902367911762076,0.534140059890287,0.29988932353936,0.556861642109473,0.788782702924566,0.161331960685946,0.957338870223256,0.296340677180465,0.924899003997146,-1.09268683571759,-0.638578341767374,-0.379481643500678,-0.233987131368114,0.474466421479168,0.50718854003899,0.302180961238018,0.879689671027044,-0.541771370014021,-1.19029900058956,1.02128120840745,-0.304796407732158,0.586567423114929,-0.581112428918481,0.122354586279463,0.159026193566858,-0.35779469263419,-0.709653397555253,0.200426848603577,-0.616833322943172,-0.232727154699534,0.724674582509132,0.046159104616496,-1.02639670123174,0.384911389475147,-0.165808533263876,1.50676560635518,0.233228761046309,-0.261834761354659,0.316416901975954,-0.298835682284813,-0.664128504599669,-0.81374887209906,-0.280709063560749,-0.126243946218437,-0.49361719839929,-0.549563346299805,-0.448552567991835,-0.236337462707635
"C214",-0.15515602943475,-0.485236093255065,-0.251896166204688,-0.213283893723613,-0.100190520108835,0.143951723168128,-0.0120919220279084,0.695322149575471,0.504914049343032,0.400863918212256,1.26723593103443,0.0947383828873908,-0.220898877515949,0.0535357133147463,-1.7634028938406,-0.0623910486143813,-0.246964419731686,-0.442809247586966,0.394398998759813,-0.810344750665521,-0.547173438923802,1.0326347663228,1.17355856433683,1.21957313409167,-0.795590979756082,0.192158334366017,0.490884197999599,-1.3430465039217,-0.0274769269832435,0.689456193292767,-0.418946487287745,-0.227226933303184,0.0436282994481097,-0.121118015864692,-0.522437412151386,-0.593928339513009,0.422324302967336,0.2278061201319,-0.215905303201908,-0.73023374075327,1.02607082686741,-1.30621469197844,-0.648613556442926,0.15966712681009,-0.518510408571566,0.789237134645283,0.175275874433538,-0.337561900870546,-0.037664938654479,-0.039620539217096
"C215",-0.827003324249177,-0.361761118157217,0.192449730585919,-0.0351732352656436,0.806827868825848,0.942150739022311,-0.66815843778056,0.669776786402909,-0.578783451218818,-0.725279357373912,-0.675447518684454,-0.0845941330172004,0.392558478355789,-1.05345304041265,-0.653054314418407,-1.12562866029053,-0.813067173393735,1.42813895783583,0.304724147896805,-0.3263042583083,-0.326902263647336,0.443439188544669,0.289971915115769,-0.194716923640817,0.472986552970101,-0.216842663443079,-0.135179274642967,0.590877517084916,0.618547157414118,0.134891130739308,0.176656375934086,-0.259514818668406,0.183335160967033,0.0558450677287219,0.817994663559756,-0.696802311607373,-0.18961899930724,-0.342254733291946,-0.824304175613388,0.154361909723632,-0.21670780209679,0.0205197282726425,-0.230024496351332,0.811525423816721,-0.770419288576453,0.770736307723666,-0.10261229966531,-0.315209932253443,0.803354019896258,-0.712053189452509
"C216",-0.773048923370533,-0.70119408873385,-0.479529811140232,-0.25682909973606,-0.164077782652832,-0.759557273089988,-0.288424439978615,-0.803663066561868,0.0533075073613185,-0.748184399270532,-0.0854357100697715,-1.24104609051998,0.861650928271429,0.952678639424081,-0.074613303241571,-0.551642864520051,-0.0783239719130568,-0.138820808492818,0.224983863797654,-0.114343797521414,0.393952390470191,0.500895604459035,-0.264563934835882,-0.603189393847771,1.2069321004574,-0.699983268047455,-1.10201116010764,-0.0231053209164602,0.515037721866647,0.960313647454303,-0.0111817265860124,-0.421466738295202,-0.00775778081616903,-0.885079824451874,0.0937136102825396,-0.237984766329573,-0.460391483062575,0.298796082230746,-0.329503605688246,1.4104910665714,0.78753463773604,0.225367890790301,-0.402872798530002,-0.726134835159427,-1.0332647619809,0.0981977991054067,0.779115120407841,0.0828437691697459,0.197911656551152,0.770131114915716
"C217",0.774841054672977,-0.271766620303558,-0.873097707062014,0.257193328362313,0.236469983487283,0.569181533805958,-0.339830608861451,1.73393493043419,0.308543427843911,-0.368903759053572,0.892417150541783,-0.346118955352612,0.27131862977727,0.416947664380411,1.09623789839613,-0.437468283382976,-0.0414058472791985,0.640233633549132,1.66895661537347,0.0695103407306584,-0.164226027598495,-0.349580569092227,-0.336978692223065,1.48445138362694,0.734051627106354,0.715475234954581,-0.774289135181286,0.539979935285454,0.364533665122385,0.759235342951114,-0.687465346635408,-0.676462141820984,-0.272067434623726,-0.130307375825752,0.306565572718893,-0.0672860584203743,-1.41118865552899,-0.155256865874378,-0.634214456831615,0.63468949828741,-0.127680587927537,0.83138462972726,-1.10390353531556,-0.999498361532209,0.370138041568464,-0.735126349151763,-0.80566214693874,-0.688113906133286,-0.40422714521172,-0.390390913507242
"C218",-0.861207310854647,0.972758722755529,-0.28124556018277,0.0437961429620858,-0.338957924093194,-0.261152188723323,0.0997561295008466,1.15663547890543,0.672290168138345,0.493219652409019,0.238971738805162,-0.306557089063884,-0.03885815846309,-0.1020685390636,-0.250326402686641,-0.324319807416232,-0.0935113291947084,0.24507097930462,0.0417115429779751,0.802818806794869,-0.676696400662839,0.933036931913019,0.584867446476644,-0.0266925293070241,0.347470363728212,-0.671735346422395,0.123732814430746,-0.567175267827325,-0.944202831635367,-0.494654610916824,-0.717738401037838,0.29815004875254,0.32045070693884,-0.0960672734992467,-0.921300049451487,0.512180374431602,0.617639751709799,-0.734168538630444,-0.236423771065618,0.279075415618627,-1.09778518471271,-0.0845382957879314,-0.710666950419866,-0.126110354090471,-0.0913399589483267,-0.695759886969534,-0.503396064037423,-0.0059561276500037,0.274299506584142,0.0421304398010272
"C219",-0.318356224382906,0.0491512962386488,-1.02348998726365,0.30927315448412,0.865460490252375,0.336523304058647,0.731896927726205,0.0959877653924589,-0.548107092954124,-1.60072378582471,-0.925402505365297,0.116138017441084,0.629642314437557,0.812343526302148,1.70275353773331,0.971859076503313,-0.82764152615222,0.466234904157853,-0.801681448996677,-0.140017182992192,0.209733100194647,-0.212018616947455,-0.438428284419183,0.865553981595778,1.51393109612692,-0.905659595090122,-1.34759409771737,0.0117071470033169,0.0381138144003842,-1.03548655171733,-0.0258619918649395,1.22057800391563,0.289994630197483,-0.499458383459405,0.787820159600879,-0.421848048346786,0.468412580181233,0.554229849283187,-0.306543414866567,0.616941575375848,0.372229696982123,0.89752326991946,-0.302936979427688,-0.0269070067520129,0.37465993499834,0.336411477417474,-0.616308933286338,-0.847007574498047,0.125191835378939,0.264616213362549
"C220",0.33653321908221,0.0615404139448082,0.012426423747597,-0.596442883371067,-0.0131253521257148,-0.791807712965218,0.101800848993411,1.41469279089519,0.275424827423853,0.699308559028271,0.469653368691586,-0.934244654105315,-0.0981125602016444,-0.41445168293949,-0.211970793783711,0.366311183081483,0.129751383097433,-1.14448649836306,0.492515188683636,-0.60523727480845,-0.563065337618382,0.776536197789877,-0.0456788046661716,-0.544513886806742,0.212118784225262,0.075659910616996,0.596112948251828,-0.909731265196639,-0.83508135073712,0.874343405443006,0.577097982446381,0.253178585934088,0.394012642742362,1.63764984737875,-1.02258055999933,-0.376856476738576,0.0435646595719647,1.86298333239853,0.0234733282753341,0.29077139408078,0.0489647778811678,-0.527546504579432,-0.0282274439468669,-1.07040322993553,-0.979902693155295,-0.0590215603072286,-1.30186192711395,-0.261213908718699,0.424902828593803,-1.05434856106926
"C221",-0.130434661210901,0.442564150330721,-0.477208755463023,0.770281175881756,-0.0671362563379636,0.58244945888192,-0.645713096359204,-0.0167967470418327,0.652343156669054,0.489866523102819,-0.569830594410693,0.628917969757853,0.90261285618281,0.738589364860497,-0.121018206165632,0.140456627171214,0.0703172808813875,0.191043636900794,-0.0717997304679015,1.25230034026697,-0.287258729856481,-0.650695736904227,-1.02899568001269,0.00901998398101597,0.330696886877223,1.34377107914395,-0.327106955811806,0.14406776086828,-0.00962366350911246,0.056694701503516,-0.314442904434598,0.13682175032295,0.270674445386506,0.565471655101321,-0.604208694080589,0.0528121204022813,0.459364927696375,-0.358717088165976,-0.842738777014261,-0.155232600231361,1.00594155203058,-0.701831341345164,0.199497242002032,0.270916961464272,0.687659546172076,-0.310689624252483,0.0111733198338133,0.706728787868516,0.459693893769863,0.274024133737082
"C222",0.357982779967049,0.816795849653664,0.843534546624375,-0.127712477179446,0.569748469623548,0.251662071389845,0.254687148493277,-0.634046677056671,0.632099956294228,-0.879719983016901,-0.157441204111436,-0.42388594211059,0.214125524604822,-1.00395522654958,0.573349307794964,0.300019742033863,0.748257302361063,-0.119731448054258,-0.441904653322554,0.298740164076014,-0.785968533756002,0.192127755257393,1.27031774039553,-0.172468283678802,-0.775788538708906,-0.276624661283243,0.5780486085426,-0.418999531076458,-0.275993960684413,-0.946660045153078,0.209760268447549,0.246751877790122,0.454322309069863,0.601312879039841,-0.498969415958341,0.991103993643403,-0.0470268208552108,-0.0547853851890601,0.994223423215167,-0.48386559446908,0.319191875211008,0.290220763848908,0.582172942337407,-1.18798093571745,0.902176892708053,-0.519339430175278,-0.155201459389133,-0.400597624436335,-0.0969018198967901,-0.321553586129663
"C223",-1.20407437771383,-1.66978734827439,-0.0946239111136333,-0.0351779328318115,0.202768919729334,-0.592230016114546,0.486145177285514,0.395757808831721,0.104024483905419,-1.17288897342683,0.237949581690841,0.65112827034897,-0.00988870275379536,-0.267804426821105,-0.0440321575604186,0.226021903262118,-0.0904178379135383,0.00175512397523415,-0.51883953073102,0.290241219543987,0.0083584072181765,-0.97346516811047,-0.354620129847491,0.650866334206868,0.08638727929733,-0.122802904203536,-0.859712691367272,-0.920850502153196,-0.122549990199185,-0.443696241896177,-0.29561964781151,0.414492284653007,0.597454826437139,-0.566988591143568,0.183326028330265,-1.06246379615182,-0.719003453196091,0.610530050115017,0.936316632903061,0.0676063859995684,0.656569237506971,0.269042878239243,-0.44422300014444,-0.186398862525716,-0.196222169751398,1.20749247124346,-0.144619577049424,-1.24711622220707,0.347496029929433,-0.849781716389162
"C224",0.566675621442267,0.137211790219158,0.315058927068575,0.234506105447544,-1.0019513745289,-0.596768519290026,-0.630145198281159,-0.126602347231433,-0.295487132670247,0.888865671163955,1.54865532547524,0.802687773352272,-0.355604875053454,0.418711641990436,0.0888304025221945,0.436664283562991,0.219512448769851,0.710666407285152,0.823441841593546,-0.0952623820807493,-0.361535079394467,-0.425384375977038,-0.138969552177029,1.05077290224252,1.0084042363267,-0.808936011380722,0.250999485831412,-0.171847874916414,-0.418119530381755,0.450034683968899,0.364137681151482,1.17908716847269,0.244969679231125,0.74820109334292,-1.03645876990796,0.558124831034906,-0.333644381359117,-0.625954663955534,-0.672293530979693,0.36715598981893,0.0993154012944725,0.56941971797646,0.0442130190231125,-0.369328085806974,0.195062042323394,0.122834007410524,0.0270147261143394,0.133166614877712,-0.128659831106655,-1.54145622345127
"C225",0.545171123370777,0.313228914838771,0.122711884893779,0.680815469683832,1.21407971110271,-0.259719728154026,0.149862018258201,-0.0606523757603745,-0.926839260718547,-1.04640180317743,0.157412752604628,0.47387320426237,0.0559953815743568,0.650820342594412,-0.693611858965684,-0.375195376411341,0.515691672382015,-0.194893067896456,0.862071780941399,-0.969412415894958,-0.170042624931638,-0.402490223332193,-0.0455543763075194,0.161263163092043,0.694204119717082,0.928105167936161,0.794051483961114,0.208495558875605,0.409668520003851,1.12744849242694,-0.323617210981943,0.372252942233221,-0.217195784555141,-0.62717757386007,-0.223528114990253,-0.779826853316158,-0.496354101323667,1.96424937338303,-1.02505889983591,0.235279181564333,0.184392667179088,-1.11137584065386,-0.127728542864301,-0.686633719103302,-1.33289580433858,0.881889086335245,-0.583909077091125,0.286676003264178,0.388643275868017,-0.48150519767171
"C226",0.431851345877857,0.565664046144202,-0.566193570437649,0.0690196847957962,-0.753348523502213,-0.239017949094183,0.108285708241779,0.354940038369757,-0.394843397839741,1.13035521525591,1.74701335817901,-0.514361086350958,-0.286419568037774,-0.955361465104036,0.360441069929745,-0.589906479990661,0.218403728310336,0.212982140196717,-0.0268041827893686,-0.731566832381975,0.288107799183192,0.0465582832975628,-0.914998450306656,-0.893154425625674,-1.03359275338807,0.483174638854363,-1.2291246469507,0.00854500412930179,-0.838460095228212,-0.8015021560978,0.829983730250231,0.168819903501213,0.566552012489963,0.340623006161263,0.509112839169005,-0.849168059768611,-0.22694226366758,1.31474715576275,-0.150610847507225,0.0263461992694822,-0.0233307297509873,-0.0592239457683058,0.15665820715999,-1.33506047466863,-0.151990340094486,1.20274459982134,-0.522065383789702,0.137646967609063,0.417343441995137,-0.614534234321417
"C227",1.0337158235215,0.155881312295923,-0.896166750480833,0.0199742612022454,-0.165447552491489,-0.476631070220463,0.76045984923331,0.508823274827929,0.179422158396051,0.0426448867387545,-0.117547906616623,-0.0116416953267808,-0.191385580580449,0.0622082933822944,1.07724291571683,-0.328088630988123,-0.0502097065458498,0.788074989560653,-0.473444944959042,0.365680309204713,-0.166555545454891,0.287019205128941,-0.692557764216056,0.415588723748161,-0.873224150361687,-0.260710527310386,0.0157759624826775,-1.16543206818142,0.49837722086848,-0.814141371635103,0.0617757969085702,-0.716360457397382,-0.0882652193072356,0.379936413506264,0.522451919969376,0.193636943399769,0.313358419014601,1.20223580412641,-0.871264975423384,1.61972901759782,-0.274612555548428,0.94032863331797,0.327757659196508,-0.200497347171356,0.302443339630568,-1.4803052463788,-0.0814512614185577,-0.0705929689830413,-1.78301264387689,-0.00370471695043842
"C228",0.627675584939583,-0.446010789612223,0.791445546335147,-0.251782692495039,0.435510204239,0.814006953927306,0.748772295322786,0.865993575130394,-0.588406761934089,-0.254039295683462,-0.650134203862324,-0.107095148924091,-0.149022367291208,-0.877469872820739,-0.322660445948732,-0.335059165692871,-0.721561743725018,0.496063369891793,-0.345184670332124,0.0981852204744336,0.302777402097282,-0.340460709300958,0.980938226405467,0.331774723040981,-0.695650735520719,0.480249243188166,-0.249756529771167,-0.200890601769773,0.427786697747931,-0.19137492927539,-0.252958170881509,-0.119381912574524,1.658150396312,0.971025545210409,-1.13468878654191,0.913802530963864,1.13323961763272,0.00705503821559227,-0.924832630344895,-0.439799974734284,0.318814166218279,-0.347507644920157,-1.2385766690586,0.020374919719745,0.375413923930466,-0.391091302923712,-0.608405255801178,0.076838161536844,-0.257065102915537,0.204224891331029
"C229",0.146431000769371,-0.457504762603612,-0.306951862896332,-1.29308555880636,0.235079171634259,-0.184641177762765,0.0222504800231747,-0.871725038299056,0.316394268680868,-0.12238327010069,0.345432518549898,-0.523389783878249,0.0890097711681042,0.229976504009578,0.149708142681294,0.554694958769606,-0.225256675504443,0.519944835916288,-0.366690753192773,-1.37312561807325,0.207144206582155,0.619744897820905,-0.413804102176476,-0.260735109320473,-0.24365253193872,-0.0537867524523805,-0.342196628928073,-1.23312788680154,-0.347976270354028,-0.902051100801593,-0.314374194632041,-0.285023304543495,0.772878245494016,-0.305594952111135,0.644360900475155,-0.460229173183846,0.0582140516930487,-0.547314625270674,-0.424461545725128,0.500143047875507,-0.0976470214838378,-0.306803163706879,0.0483777119061288,-0.06440257590119,0.459852637351734,-0.0128786390613929,0.14440380064484,-0.207408965636978,-0.865925519034935,-0.288084990354674
"C230",-0.618506288317003,-0.823800599167024,0.0523968548322655,0.0963737625217162,0.0831315396359602,-0.898368872059076,0.0470064242926017,0.179252505719011,1.21135062096636,-1.24519568570522,-0.356699878591059,-1.16816548975993,-0.333509698766326,-0.349896076748381,0.32882019496186,-0.290283725023085,-0.672589484846582,-0.141697362643876,-1.78199196263665,0.313111903429379,0.246222636484005,-0.127067626767734,-0.216749175781863,-0.209012206276842,-0.429279957424173,0.845048288183264,0.678293494092852,0.639053889521148,1.08338691920477,-0.0693625658523239,-0.855315132515853,-0.383430144714244,-0.533131085245317,-0.331110079181965,0.641162533063535,0.315103348577583,-0.553165536978838,-0.355557563275344,-1.14571985900033,0.182108007065889,0.0135269750653631,0.0201683390164654,0.675081091274112,0.0484857321776039,0.0926222108571437,-0.777509009051908,1.24259885174521,-0.529604781650339,0.530716152406913,0.489553983848241
"C231",0.0101852403344994,0.192337320533839,-0.643732690349081,-0.58853557683225,0.56201370245115,-0.304423661318983,0.772939756593656,0.299736825925866,-0.0266188537543664,-0.120726833598868,0.861583842567082,0.0431129010048091,-0.189457420472301,0.0750152957919748,-0.926833615728967,-0.654364676942891,-0.156107112834154,0.260570362266231,0.922434179930758,-0.0826109192015062,-2.35230742002081,1.45200251091797,0.187042889808966,-0.826208800330482,0.607657996737355,-1.34810081313883,0.40000957652334,0.166451896416918,-0.0851472313319457,-0.850813417733569,-0.329917527622253,-0.134154427352611,-0.147725834407911,0.445598727294084,0.246917060831962,-1.30322398075827,-0.448678739247318,0.440998528638637,0.188933098695765,0.902408505057605,0.479547808405678,-0.0470218061145395,0.307028186851547,-1.2004696537519,-1.07776644258564,-0.619420991137369,-0.482440639850144,-0.662133897234205,-0.489143051542798,0.462308172865025
"C232",-0.312614484450069,0.828847002184666,0.728533718994423,0.573237856545137,0.189142274455577,-1.56220617062096,-1.35555265202995,-0.39243951994195,-0.591166385989525,0.99314010185527,0.806587036635296,1.3154996861642,0.464706912491895,0.463404724134215,-0.193024428450459,0.230514199024499,0.00378541780015401,0.0985038807910319,-1.42300035468642,0.247544270790475,0.025225800846607,-0.0867790222116037,0.0136611262591648,0.565672653283153,-0.795963938754738,-0.595405143429226,0.210270334424961,0.038461669352258,0.710881210287552,0.47988012966259,0.569396686267626,-0.841327954521336,-0.62608690245732,1.16412709312969,-0.297086321995703,0.859784408317013,1.3823490729414,-1.46047438983106,-0.00624936377020554,-0.349296233909797,-0.148646931901311,1.32379470483899,-0.194981935874931,1.11124713376442,0.721597408119984,-0.397933992950047,-0.17790609285554,0.362346552321829,0.356948112418111,-0.132316717328136
"C233",0.155171914962735,-0.0627750595275224,-0.811950584785298,-0.149292810586896,0.4402703650097,-0.564730407547004,-0.79111628528548,-0.466224615797828,-1.25022884223736,-2.16038191458917,-0.990589569709851,0.243673706759757,0.29067372478387,1.19266292747488,-0.155105487894312,0.134651934262413,0.516940461475248,-1.14702222044563,-0.167378477028328,0.675178017131641,-0.304750784380826,-1.09397310549944,-0.206706557634978,0.250448985701078,1.13010442526004,0.397511093903095,-1.5817043167767,0.085006351293654,-0.886606749952695,0.654402806072966,0.0751922778579236,-1.24884864266955,0.628095532849114,-1.70325419425442,0.342713972822308,-0.177396716543002,-0.177017101939635,0.27914614897319,0.325119062814711,0.0345640282614885,-0.827981107049871,-0.425737121913707,-0.006931344061183,0.749781075557829,-0.453411098015777,0.523390316847406,0.84166550434698,1.01302392594933,-1.33003470293616,0.220785367565418
"C234",0.0540010321095213,0.356105445681847,-0.103124798112691,0.352471373694813,0.553034925791124,-0.656726020918727,0.870120091612623,-0.366523762564562,0.694418807932496,-1.01326523528834,-0.231237039498196,-0.20557854347824,0.534776775914207,0.460767730837551,1.24927538799544,-0.177437463300058,0.291333789254779,0.24795194733313,0.537517303097726,0.259784229903334,-1.18764148544624,1.18308743301175,0.401111300893792,0.211973649929287,0.29561015012016,-0.356448863080966,-0.708066071672023,-0.207269806550713,0.022139816873167,-0.930166107517101,-0.765624896231929,0.529044442380211,-0.326893869503961,-0.303438729310107,0.66154620800254,-0.759941703519906,0.0961927952844648,0.736982429846727,-0.165794493792661,0.766101748017495,-0.440124266749181,0.219683941564252,-0.257951330118852,0.41137106713054,-0.285005844437392,0.313020967887811,0.503851728814489,-0.058763454860091,-0.745584502234485,-0.0352861138853917
"C235",0.586594367179769,-0.533915228926919,0.949974310750892,-0.406824547703172,1.04051188301459,-0.212935829986552,0.662257150193613,0.00720752694393512,-0.125791850523347,-0.21860919205283,-0.165290268191121,-0.405756393272104,-0.557971674603813,-0.607287279711256,0.305112642043907,-0.0484329759414454,-0.207626143823602,-0.249359392855626,-0.0534313189181892,-0.153292903067248,-0.840912434602421,1.48481429079246,-1.09276697573997,-1.10872664974658,-0.5259968622087,-0.172819310444545,1.0698590176337,-1.97642505150479,-0.154589722114111,0.300250044253359,-0.447735552759074,0.357369452349722,0.0342958506040282,0.335115179455019,0.646348201842356,-0.727980995414475,-0.454600238736733,-1.00390980030616,1.41428206368068,-0.467527516291578,-0.342134989081551,0.159820767523701,-0.45825648689732,0.370438757237627,-0.544609861725705,-0.324229092667306,0.539956967382422,-0.305806975036873,0.259620237346456,0.331361046207979
"C236",1.06785348193749,-0.113924870743243,-0.349341084693757,-0.500204814473308,0.0841260748625632,-0.684023714966851,0.117227354334933,0.387133411995244,0.518174822095356,0.402173358192902,0.192240766076706,0.4332397588523,-0.371677249081769,-0.883496851908781,1.27680049797774,-0.251121382685603,0.722060836807253,0.0967389188923345,0.462452821312674,0.343039462616519,-0.341744634011208,0.382720237232685,0.347408401959077,0.277774034440325,0.346018791227496,0.106127338551172,-0.348293147187104,-0.355662191631367,-0.217698514324925,-0.406452252921142,0.446890712136986,-1.13307217771567,-0.141419918755587,-0.0423194167076943,0.453632735194912,1.16204934979611,-0.850529325274202,0.346299761160427,-0.591103970871002,0.263181308514354,-0.768180111608294,0.897279210634347,0.632087708810243,0.173021042269473,-1.12769779709279,-1.27760261166295,0.415747529921927,-0.373847070541992,0.315855291918018,1.04156713958512
"C237",-0.0719722113937093,-1.47280794506468,0.287252107949892,-0.384454111660608,0.0762088246820232,-0.388413483668373,-0.00649545931589512,0.712891015661023,-0.0411116637427335,-1.19379639402866,0.0539288701708161,-0.24402182466335,0.245675691790766,0.686000898704016,-0.694052396536976,-1.01114077966296,0.758495192932329,0.116928755365043,-0.711829125081405,-0.0561033495530422,-0.967975504086521,0.723485721241131,0.452037950215179,-0.0769488282271197,0.489634174295058,-0.122913382091717,1.00882514894566,-0.448372751206542,-0.01598873706224,1.20266604385754,0.244809595597244,-0.0817395495699454,0.0334122589519824,-0.325935750986755,1.12802732413707,-0.955237267518509,-0.868304012168438,-0.199271329996051,-0.719553461536122,0.679694582112635,-0.16364475570846,0.0449447566354243,-0.762273334053868,0.175810400363854,0.552345945532096,0.0155797605800153,0.0765738219529193,-0.715996125037016,-0.699760913299966,-0.392341363824642
"C238",-0.350561658635119,1.17306889527467,-0.1297517268339,0.504783840481859,0.115720978564718,0.41300254244864,-0.300536834267432,-0.808029124730471,0.343820230081302,-0.243142402702479,0.129734977039668,0.114727535293695,0.77064505424817,0.0617455309798764,1.38240283836682,0.0852938215270129,-0.651696670452986,0.375167509461386,-1.11493701091366,0.822025376206593,-0.0410903755392862,0.306378138204636,-0.450510620970915,0.786422159307715,-0.393900683424725,-1.10410393380782,-0.358512094365392,-0.432997823580139,0.0487482143043565,0.0812505748740752,0.185653661612461,-0.113064906347305,-0.106426947393775,-0.0929583407936951,-0.217055084838982,-0.194012707034046,0.241535639926274,-0.928554511860217,0.0800610401024422,-0.26657479734659,-0.656011826088059,0.560887226912094,0.0666520775498104,0.488919764360589,-0.936361964906185,-1.21806673987147,-0.19390476358827,-0.0316744281068637,-0.768760575420795,0.11284342831038
"C239",-0.15435386344412,-0.0240367393500632,0.310315682792185,0.282386714423315,0.423175724883831,0.0644665418092383,-0.267496201832723,0.453149240174859,-0.29746415197989,1.08357083185833,-0.0283141576043316,0.192709594325476,0.944405777855757,0.636601072891553,0.343434073275431,-0.65147975610533,0.821136895849704,0.60280227867896,-0.545555944497774,1.18946632438279,0.238807377605998,0.184505302231322,-1.18283676831157,0.102820440647046,0.141519869748208,0.728673028048443,-0.117960247893164,0.0444909384876547,1.00873765108278,-0.644392449838306,-0.95880212815834,0.370968881560686,0.861100872245382,0.404820755497587,0.0121324614004817,-0.105240159961505,0.186276775328534,0.694089234399186,-0.13398090342344,-0.656626554961216,-0.0571372796410314,0.753742600661827,-0.903752044878935,0.634663811716921,-0.487143431453314,0.540026979298477,0.494259764826634,-0.0659573249613076,0.877221908017213,-0.402652877673844
"C240",-0.458679852731195,0.58748718037714,-0.649794857627429,0.444195749928787,0.186518069085565,-0.238492214882148,-0.735373835806409,-0.666370035638438,-0.687678584542737,-0.226718943209414,1.37511633850667,-0.440204771363377,-0.0196065959272326,-0.107724444979046,-1.08666127344662,-0.299094806356033,1.22631903505612,0.639034787594641,0.279876883696846,-0.76780405743985,1.75674749846235,-1.25413975869967,-0.454188442337688,1.04692062974713,0.388246343311225,0.305458643431217,0.396746734991945,-0.802651815682023,1.29417218932488,0.401849967839141,1.25310667501615,-0.381068357162901,-0.952373675067174,-0.217257951616565,0.645923088380465,-0.695562534344193,-0.847640923837342,-1.86026946480578,-0.231951507585346,-1.06127527480799,0.17406200216832,-0.269579102678304,0.423637872082568,0.246558433577441,0.876574166302604,0.434874304884765,-0.342259087742859,-0.620457266412601,0.94763055225033,-1.02010336773225
"C241",0.654465278985873,-0.596363537220788,0.0810497557699106,-0.574476440433922,-0.290425961232349,-0.765137320714264,0.2346201937975,0.345899449565527,1.05785716171813,0.221997459064513,1.67738250808365,-0.050981051950469,1.3684139522919,0.293578927459962,0.263316655347449,0.800489852724746,0.70341482050211,0.276491671344482,-0.601394641315527,-0.135316992322387,-0.326284636089059,0.718890366910463,-0.0155568274965872,0.349091754585224,1.20148786456329,-2.54132745822999,0.186374365107336,-0.988461893679816,-1.52614304323949,0.107307053652752,-0.124245839948319,1.36601220013829,1.01384419125202,0.318505148261803,1.15899051927932,0.229878766631643,-0.606597929107389,-0.211767954451232,0.461967603964335,0.562505658949989,-0.41565218836814,1.60340635353505,0.182123217433284,-1.20853161401517,-0.246852724293184,-1.08451255139851,0.641620646735772,0.345485999321086,-0.334445231866517,0.0209785699259266
"C242",0.278881346697905,-0.605241776943061,-0.0145347287805345,0.00787103279754303,0.122318250250383,-0.229388531399845,-0.05494227327063,-0.276931402792953,0.289746966357614,-0.687892594599349,-0.69909164210175,-0.226057158898298,0.034258049278036,-0.539174162861862,0.584732912830548,-0.222406775920672,-0.438947034301054,1.12030593980875,-0.647655681364314,-0.135770387329569,0.162547116917498,0.355486253564423,0.496890008309282,0.0982335570847913,-0.232842116401117,-0.108811361609152,-1.11037267378778,0.717807857328604,-0.142271441467928,0.438676948358496,-0.246662208832549,-1.16570460216214,0.655725922252082,-1.65281992522733,0.333844336235619,-2.04640537350059,-0.0440232140122195,-0.368813496045964,-0.114070735138114,-0.280127663462082,-0.532055376718813,0.950872223001657,-0.81274549088872,0.112837686164982,0.233726379618406,-0.370614720640828,-0.648859597810385,-0.342578788071096,-1.49339010923567,0.531086426480458
"C243",-0.608903281316608,0.140914276334321,0.0406768780112849,0.219872692115063,-0.0834277606304037,1.17591678207614,-1.18309161407587,0.575730880852691,-0.955695801351687,-0.23800039049464,0.342223985035107,0.525500262417069,0.0672205363651497,-0.250596922880732,0.891143717262696,0.840612332029134,0.344157228712337,-0.0754018957791865,0.0442267285581764,-0.623983080250388,1.02238310279857,0.463403764268045,-0.739422603484444,-0.0966188294524409,0.39430900841622,1.12968049107859,1.28413958289325,0.414536766742479,0.836413055030523,-0.207660409349299,1.05662669023308,0.234510671325969,0.206372374839778,0.496824603681287,-0.34904446914598,0.519063347834711,-0.0637379003393419,0.312284994148796,-0.0972618228847127,0.0952171810856155,0.465063851695774,-0.424065050487003,-1.70962489748933,0.30625575260296,0.177865154037333,-0.299726550678162,0.0203165515754328,-0.227960234786645,0.832924003931598,-0.248748713616058
"C244",0.298066473154246,-0.0588782687205384,0.484219188420273,0.410171817100556,0.420245628192946,0.814604830008079,1.37307849603107,0.623146820489861,-1.28286132983184,-0.175376722657167,0.764011993058462,0.334029476317933,-0.0504989534627713,-0.475959647393772,-0.329206370433414,-0.543679913445665,-1.13916042184192,0.101143320343161,-0.514721171640712,0.0522614335764033,-0.751070175886093,0.340909974736688,-1.39529553347275,-0.881936893521388,-0.51832281094355,0.404746051682465,0.332718305864913,-0.655963943335172,0.814159234781466,0.143141440808393,0.211162411798088,0.356854538476541,0.281048235468324,0.934243762660296,-0.88459075702231,-0.52193691649977,0.58527452231362,1.01538225180087,-0.201041136838019,-1.49106274546337,0.084055296909671,-0.598179046370511,-0.867942893377119,-0.587643842296421,-1.35145020888179,0.356896246184999,-0.586602008322409,1.02452085772391,-0.374916614163815,1.08370850373865
"C245",-0.831024513716071,0.566334992237372,0.0235561195478904,-0.125105836371234,-0.736551167794393,0.228363952026472,0.752343044570408,-0.00333974889855322,0.425462919206641,0.607060015942535,1.18162833855953,-0.762855676623684,-0.29574335073677,-0.164722680801769,-0.407192546565758,-0.228909999922936,-0.168194658687862,0.343265270871375,-0.155702469173213,-0.203285706707613,0.0794377665068422,0.305342973074627,-0.120644445937212,-0.293109297525601,-0.978887356725432,0.135286839481404,0.108300406406759,-0.751341811846709,-0.240946326293782,-0.0206475607676976,-0.0144276676771207,0.271928091240426,0.848994824481332,-0.845697066229744,-0.513366195390174,-0.869283273605039,0.730704238044141,-0.896832096520408,0.432699491115277,-0.681646162539861,-0.748610466461862,0.886695236977091,-0.123161014013611,0.494782753783215,-0.881446352660474,-0.589011869085741,0.818540930131006,-1.12224921710819,-0.695087573861562,0.281054683010473
"C246",0.183323289331933,0.665018632822812,-0.0700586133610778,1.32017370136462,0.0916787012480921,-0.137406156057262,-0.715005146726472,1.75336005076915,0.00782971358566551,-0.397280875101191,-0.228211437805294,0.332390773643507,0.0658677631644426,0.34143006553822,0.68566435777292,-0.75254532788218,0.0926108792404009,0.579731496664968,0.885359024430351,-1.10414323697828,0.0907524752657756,-0.951170455870177,0.549961781421187,0.36050686947847,0.918230702634681,0.477012608366193,-1.24435519685377,0.903294472692872,-0.191191157202412,0.585361005561531,0.175843785472349,-0.159214086928635,0.488216190630321,-0.502052099050356,0.552001669505193,-0.962989355386069,-0.24246312512337,-1.04163418705368,-0.885011232487359,0.0716897077231031,-0.940381547844565,0.0465282786928051,-1.00310223681127,-0.218530756185936,-0.855796954032483,0.217044310556884,0.441929480896993,0.496670071567647,-1.16387064993512,-0.541725057899213
"C247",0.615187765919165,1.34901110657592,-0.36801210908524,-0.409949775816702,-0.0933325321110812,-2.16667718233625,-0.00234151884396366,0.232667392682107,-0.30590117178647,-0.811945580931025,-0.422351259026812,-0.437187298764208,-0.208241620584067,-0.570965863983707,0.238436084114876,-0.880360238352214,0.444245595948538,0.401284179985796,-0.401286712394972,0.389446926869146,-0.584932634677099,0.79149784369811,0.806283531123602,-0.371845854883107,-0.410723865823426,-1.13413688895206,0.0519486959745442,-0.10585973997107,-0.388475367015253,-0.766574749429853,-0.116589107864114,0.2049037474156,0.607653639478781,0.539427244287536,0.241774584626503,0.31117773382116,-0.988113653010208,-0.32971172398887,0.23506629820135,-0.344489507875629,0.327933913110964,0.858087434088636,1.12575644004092,0.341321551061322,0.0307263961626001,-1.06729277809937,-0.505488573206793,1.02728300603016,-1.04293035618386,0.515251381502264
"C248",0.129007413919048,-0.149518729489532,-0.300214284317403,-0.0961905568653662,0.386200522063923,-0.27968276111332,-0.705308894423674,0.7506796104602,0.588368303010632,0.0609994764873399,0.897181457575433,-0.64658678132169,-0.0431028962742358,0.560538392754812,1.08791320279882,0.308633338667024,-0.02027354702525,-0.226348154049982,0.0793645330543187,0.988609419150538,0.161453961259163,-0.934519243451187,0.198184485346327,0.477678920221302,-0.0440380149965256,0.316225920706184,-0.647804569804001,0.847126685095799,0.100935854780583,-0.592849819987987,0.306919051032452,0.99782583348218,0.53966749839807,0.133168652476438,0.752868352766365,-0.0898694246433318,-0.305486194934523,-0.179748218716506,-0.12706375463923,0.307153728972341,-0.473687492304097,0.54992589814454,-0.769261950383639,-0.256649534489152,0.630721050425623,0.0734651598952477,-0.251562686812449,-1.18781211135607,-1.38175310700861,0.409497178448954
"C249",-0.212452676441118,-0.181563888269643,0.0889615618339843,1.11631140118566,-0.247826168537258,-0.0121693980231631,0.729222514143095,0.718928437053562,-1.78353792581864,1.49990684768157,0.831353218597724,0.38239004395471,-0.870062349276275,0.0787621948813827,0.662483014855283,-0.623139064787406,-0.459303879621891,-0.123408007186479,-0.415323540414258,0.890266879269669,0.0493469854191906,-0.671955334110453,-0.120104736388481,-0.262112571436842,-0.828681058790701,1.13342287671807,0.130628525326283,0.134498645938942,0.429819278141514,-0.657631123305631,0.627820170998583,-0.0086798912107869,0.334046826048641,-0.336198407416814,-1.01549247318912,0.536615200097489,-0.113972952033493,-0.0141711241604635,0.430712424163748,0.194875986542012,-0.289361644146038,0.971421749408446,-0.308384219931321,-0.617498204697763,-1.05900749549671,0.320954438227031,-0.225986438609045,0.200075722127904,0.184755406748233,0.194347715551891
"C250",0.293029086609339,-0.0804998445286449,1.07561975170721,-0.233415697816307,0.258027650269331,0.920252051168309,1.8993826942314,-0.0297375870068848,-0.531755801460562,0.713817320719422,-0.226859752360988,0.112414552030215,-0.738267361382253,-0.415506677553033,-0.282708404225513,-0.613606600791113,-0.177894071637984,0.643079894201,0.169552391460458,0.79202873548503,-1.70595431285568,0.0407848955197734,0.218430941173097,-0.194589668539178,-0.972774948619303,1.55832960598552,1.02273743217317,-0.70662654764874,-1.21242347360847,0.450574045591868,-0.228084443923668,-0.0920051790410137,-0.0587728584482518,1.10139652022901,-0.676998060263474,0.377844058447837,-0.0312171279931783,1.31708799316569,0.106185376308493,-0.604417803515947,0.870188270793241,-0.867996902194868,-1.11716315361005,-1.26540576540521,-0.468224946724967,0.902557336680282,0.0616192133900693,0.0211330784159604,0.451231684059798,0.176015012255702
"C251",-0.93834227501205,0.0803076002238818,-1.6617331895774,0.14315656348643,0.383880931085781,0.76482689673711,0.225696879578007,1.33649633629824,0.640607340815437,-0.20206164101719,0.142836147440184,-1.01937886257459,-0.258552667604283,-0.0866915230807577,0.700834484633444,0.299240873863352,-0.818938666071638,-0.595135939314278,-1.38376014964976,1.65596549260936,0.368399604651728,-0.736822762512157,-0.269625503904177,-0.267931697035946,0.0828270196307051,-0.0529071084638241,-0.878006770092645,-0.794981926130184,0.0825581983159767,-0.330510964611404,0.316202671651516,0.0273512126228499,-0.156712324988211,-0.488989652844134,0.139901963438841,-0.108764095737565,-1.06457783281164,0.451841057792297,-0.137232878296443,0.621493001091183,-1.25694683061978,0.470636279722085,0.206664451856638,0.0730655139120787,-0.766569225826474,-0.399595727049535,-0.38114774912459,0.964558906215552,-0.0515588947042977,-0.427153803124996
"C252",0.02244248398121,0.60907614597004,-0.441104570929226,0.697074358310053,0.215809902836791,-0.256472015822485,0.461074294924748,-1.24171926860663,0.131948459259245,0.794942189856144,1.01485227866541,0.143588814168913,0.652018852345463,1.51675678511616,0.690657846331476,-0.0845529068236758,0.302896753722546,0.257433464340736,1.03977289674877,0.339841950055624,-0.901826948532459,-0.826102551624591,0.0630588466611192,1.05807093292136,0.786392194932827,-1.58988920328791,-1.54427695885099,0.0864816398691138,-2.17748300315997,-0.973400401307849,-0.438309681082875,1.22145063507465,0.0395823419234403,1.38878392176077,-0.264714050807428,0.47311005747431,0.987716850893297,-0.274682322588175,0.474726783652866,0.567281627335973,0.221920946400001,-0.256918224028221,0.62446440754714,-0.300248372028532,-1.36978293928393,-0.13297407253912,0.254124478184405,-0.1212850347477,0.875810522744818,0.985927053492246
"C253",0.139526425110411,-0.282272093176332,-0.385980526199999,0.151307684504697,-0.354484723323966,0.12830625700903,-0.366730219937032,-0.424260772724091,-0.346833135880881,-0.29610934445655,-0.352546197484458,-0.145359858819557,-0.296808150272326,-1.28316661996651,-1.01552982676533,-0.536514964707079,-0.250741679392347,-0.00943460510740474,0.671455078821237,0.0717070586941251,0.712609665361962,0.941553116071743,0.53158965680481,-0.448352872550677,-0.698703543290995,1.28149164935065,0.987321222331418,1.18287511340603,1.20912911902293,0.679519354929112,0.0545202205086007,-1.13842392459648,-0.69875560844018,-0.549075344812803,0.394158231599243,-0.0735101020202415,-1.57134224165131,0.186480130145172,-0.0409719370963957,-0.413771433565895,0.597178066345592,-1.57082808590729,0.713798705186375,-0.480174886277636,-0.418890953572973,0.322846528425495,-0.292653757659784,-0.284924954537224,0.112255932305405,-1.40772032495754
"C254",1.03545760822092,0.0037251942458125,-0.103102545458492,-1.4650705495035,-0.169603375847864,-0.147286277210671,0.0164358621162125,-0.515744352023045,0.943283218391523,0.761223797284412,0.269336494940944,-0.541464088693341,0.350000251122141,-1.27712924351572,-0.223284573141587,-1.17365800411013,-0.1456925948205,-0.0674360669663943,-0.557417998759295,-0.146565302754001,-1.59768560583259,0.597084906589675,0.171465881817324,-0.173245228132195,-0.305040276360465,0.0678166465671626,0.547142361515637,-0.246636622429436,-1.31613076177309,0.345683317970418,-1.32390209547761,0.254006554756131,0.162245068373996,0.157075464934415,0.335393046777457,0.233529046421558,0.0729231118518483,0.565671465061155,-0.589032008997415,0.0407754812498167,0.63018897045495,-0.276854056031377,0.654481855627617,0.420310694914118,-1.05805989423485,-0.793807197698104,0.706112765404347,0.23874451996985,-0.119811247997152,0.114650378535446
"C255",0.224930520315424,-0.385932694142365,-0.211264886298007,-0.420516957805165,0.414534225923168,0.375974660166936,0.430764686652008,-1.03588497791027,0.782525022416687,-0.884230892067488,-0.656376356926751,-0.811995369355104,0.907285161067291,-0.352756091357809,0.265549838087108,0.443925013190511,-0.988915554915332,0.00356630606011608,-0.723951680473881,0.508576843817589,0.599818370757936,-0.284709886530286,-0.142572034752031,-0.577366819488294,0.357417858141277,-0.844721883069205,-0.742811233444146,1.71710597092176,-0.264582411557968,-0.560710351790078,-0.139001892024809,0.380274260225069,-0.0739753369774054,-1.16506495335229,0.428464706323199,-0.396925744700531,1.14401536279305,-0.855724866565811,0.322358854690035,-0.0845310403615613,-0.413625557152386,1.13728345442337,0.174924582215301,0.335549000232098,-0.207414887440379,0.808777215615877,0.192870477702616,1.21471167292725,-0.963535688298967,0.156735649439393
"C256",-1.15233442281005,0.0437645191895875,1.06302780120976,1.10110032618285,-0.402607161323062,0.652236533732882,-0.455975600987396,0.904841347277212,-1.52891198344005,0.958983465962455,0.680992391897389,0.918267705750577,-0.596543393425468,1.24282997152097,-0.632410335923642,-0.0719307146404577,0.626553084283838,-1.57681585319755,0.442663359169359,-0.352924161571884,-1.69588540765408,0.368684127586386,-0.532355330814007,0.0728279755624277,-1.08381054846671,1.79022819743776,1.08196934649299,-0.513582392524122,0.223359705466393,0.112433087417494,0.422600581229211,-0.257205245595931,0.639762726643258,2.10466308902031,-0.00737962619462396,0.927576896041006,-0.0526282987836359,0.326987141082656,0.219657476644846,0.695989012849931,0.88370352008287,-1.23811523508612,0.234305285942624,-0.187729495697273,0.0593977205462854,1.49501620677111,-0.694394450581292,-0.0383801696832947,1.29802808099968,-0.899551431226934
"C257",0.22323525286231,0.435798330918364,-0.313170507909173,0.130109885375718,0.444378754616041,1.06395823067002,0.868031554168792,0.324603699463738,-0.0188934057196765,0.160618010793914,0.0536011601239997,-0.697045549364407,-0.245466658683901,-0.474814644471512,0.111170230390263,0.0701057261644377,1.28139862257478,0.705357281238457,0.195207917759921,-0.198473363367372,0.388282693989486,-0.088587256390055,0.015448584129531,-0.206836612153952,0.00781518223034546,0.69189046721754,0.355710566950782,-0.281887503510711,0.310980128061804,-0.294158137037336,0.221961763944033,-0.984291212559355,-0.0121223752312483,-0.29002487055629,-0.534398899761752,-0.385615339237946,-0.656755711193271,1.30305532840718,-0.555982184058039,0.240430935515393,0.938794944203366,-0.921287646975676,-1.21156384637373,-0.866172781483993,0.208586155692289,-0.0936097439541676,0.160593519762968,0.956890055811743,-0.783276754725908,1.00589353164415
"C258",0.527021563140062,-0.896306815662269,1.10625901710317,-1.0703671100256,0.900635277854423,1.13187602667906,0.287848233903457,-1.75008365630577,0.952820056416364,-0.535870154443468,-0.400245475748626,0.433702286676603,-1.35300171580794,-0.753252160785471,-0.431763368762988,-0.0438955467336584,0.0646909424094697,1.30637789491396,-0.343036039920877,0.194424903652932,0.355882191056091,1.43171459675272,-0.400584394195705,-0.814113708881826,-0.443432763964899,0.80392121721222,1.57487231290061,0.188274063433177,-0.588302140703568,0.452407709525414,0.171762825680026,1.69423560160118,-0.1775640641576,-0.765901303797862,0.269137068035331,-0.727693126464285,0.329814691873208,0.678165440715186,-0.210347515360957,0.361119822424323,0.0967863575989158,-0.556083417964954,0.242111210870926,-1.16838549384386,-1.02053858129162,-0.36317727419957,-0.47098180407593,0.261868247710129,0.174528816919512,-0.199775217762944
"C259",0.155615662660352,0.244385328642901,1.54570565345893,-0.0416242232144114,0.976985636652984,-0.885621786742748,1.29574829578284,0.158722691160459,0.598243314478175,-1.22161969689292,-0.249517052554218,0.194162060767048,0.124605947646933,0.161173506046378,0.335684247243503,-0.854147681753478,0.708759642687832,-0.0182554414691666,0.148164017772004,-0.57265421801075,-1.19589913984394,1.13095313717793,-0.00146171942973112,0.704261244875149,1.0172102697699,-1.39026843692596,0.315651999635356,-0.407823685053839,-1.05044944813964,0.117096247833658,-0.312403043168754,-0.640273720054097,0.26581783188424,-0.34617082945341,1.28765143062318,-0.44206022135502,0.5020236844936,-0.684526858482964,-0.956285208365301,1.65457314910118,-0.490666102632767,0.0784129407584429,1.32152202242682,-0.0214468664317825,0.787612148544557,-1.10255065958117,0.582775249759058,0.546703528386113,-1.06535198671582,-0.626489508172975
"C260",-0.166704996783149,-0.483650712135882,-1.95703426103932,1.01518086403701,0.124254227770454,-0.355298445225397,-0.498207489208367,-0.965142237137959,-0.0550957430559476,-1.21945920220765,-0.35506547001152,1.11015272443503,0.268807637873845,0.0182036465456602,0.893083998171557,-0.442963714296557,-0.195437667332885,-0.867964921527622,-0.408407379149525,0.789112311097555,0.347797414931159,-0.941935053843704,-0.117649386967732,0.601248323209458,1.29589929334691,-0.0147122637080776,-1.07962554095288,1.04408551343198,0.218408093477974,0.291033277290888,-0.887149638018328,0.512231722581503,-0.638200774285498,-2.01240368644857,0.318846611459195,-0.467980380893403,-0.469354613771204,-0.597726430615336,0.450749663133362,0.752301847540762,0.38955127558131,1.31695765365847,1.57287229030995,0.808510159770014,0.700489179805708,-0.591924171950206,-0.630518578098595,1.08947238616724,-0.217100374974676,-0.453537485369565
"C261",0.477515361257561,-0.492821209837104,-0.120751568420607,0.143688826602375,-0.310438127831951,-0.0393522064270232,1.17419290557461,-0.19553611970975,0.639396787318288,0.746107894711054,-0.532500107088495,-0.725177823669238,0.277251172292784,-0.428706477383591,-0.726619388868288,0.414520594428376,-0.410983847248685,-0.177305429533124,0.855781403764043,-0.0829934811237704,-0.494564077048008,-0.0476560528199096,0.776819528644817,-0.209793499561587,-0.319751658553956,-0.335095902052852,1.14828998348783,0.554434398575677,-0.619494633084254,-0.265086684777353,0.649791326159202,-0.0951441270708197,0.448411576895197,-0.542607240398539,-0.519558884356028,-0.115365380631178,0.610080253049909,0.388679300055362,0.468437738813559,0.996558317815148,0.285094991223122,-0.762596858364169,-0.597223010104561,-0.351399730687081,-1.0386165770976,-0.991870289905116,-0.475484097527611,0.6082565983577,-0.488028415268394,-0.628134152608018
"C262",1.03353228038708,-0.626300168610628,0.864776776371003,1.71432255122821,0.345540901619348,1.09820072219788,0.363981609845521,-0.14843269362322,-1.75575910996171,0.291384497403204,0.782224870843868,0.697369817832684,0.201699039261481,0.123291830858128,-2.09880160268323,0.819818249231408,-0.267095601611003,-0.197458435195375,0.165919270147845,-0.361317646825495,-1.49121373413228,1.59577531353002,0.885603424272005,0.903923693981942,-0.656482946394304,-0.107339868762272,1.05112569041715,-0.24297029616905,-0.572301172818091,0.0931498128466381,0.0764096646810958,0.477609521614625,0.534986147431817,0.840270995815912,-1.08950626979937,-0.276091450967995,0.430519931696333,0.917468162685199,-0.763338472392097,0.492206296850565,0.140590679150971,-1.07547582724691,0.596895630792441,-1.4318170403482,-0.732513235062862,0.348059274867599,-0.716168269050485,0.877075716265234,0.88092279942215,-0.929879792101423
"C263",0.625484211523063,-0.523929114485578,1.04849494322429,0.314655060953841,0.509982728573387,0.325240936136067,1.60505641829681,-0.0986578143211263,0.793719455755762,0.0897967181417002,0.904670991250096,0.281155790011867,-0.1220107675403,-0.922023561727528,1.32501417753648,-0.140999009525959,0.561174576291097,0.612372289694866,-0.369398982718653,0.0807948864516209,-0.757028474367112,0.180680164264057,0.344964290171548,-0.791960103334757,-0.917444698869126,0.220977935873151,0.223313992621667,-1.78027775074125,-1.53803687995178,-0.62978147299149,-0.571585466180752,-0.652710867907187,0.282413014702565,1.17488331705177,0.334750346378049,0.0829575631282116,0.662051840316114,0.301671746657525,-0.100609423149535,0.411455487214654,-0.693019304787813,-0.126430755503835,0.559507694609528,-0.112646755652277,-0.172744021953495,-0.187010041109764,0.02022875803466,-0.8597537487965,0.0154239801866805,1.47370912852032
"C264",-0.329914252014343,-0.0588016714102339,0.148046048859943,0.268023312862405,0.116965092621681,-0.842620469758615,-1.01370353553999,0.585680505562444,0.169808450402988,-0.147868711978087,0.780012999900182,-0.190922057700861,-0.767246343770761,-0.134128977387623,0.415240922514289,-0.785151163860345,0.318788192142854,0.717061184741917,-0.992182852223186,0.0839551129896066,0.440908035464577,0.456889945840855,-0.194050498666714,-1.38599245672041,-0.0774669993695473,0.708476292906397,-0.280174599343668,-0.293253224818245,2.18435026865303,0.318727614308727,0.21164200300623,0.478464535850416,0.403882782215539,-0.279354375641421,0.911762218165518,-0.33421718991991,-0.751663985483271,-0.488563912161624,-1.2826487546191,-0.975524850733323,-0.231461016774546,0.126683301592946,0.297862732339943,1.31727329409116,0.242918196235826,-0.101299893125656,0.406718256458355,0.777893105044857,-0.246019821282256,-0.943800256115869
"C265",-0.447714854561143,-0.144271276074982,-0.380822694969683,0.699081448617357,-0.774932466691829,0.627119664427726,-0.16458780448831,0.341252342036948,-0.60540397824806,-0.458741773253645,-0.288804030461146,0.103404247792787,-0.216052181698887,0.610713759061917,0.53581739411221,-0.379844116979476,0.270422039945012,0.0207846510874669,-0.769190177381837,1.09409687596099,0.462679359890673,-0.627580622479305,-0.539201609177337,0.792686652042815,0.128721361769849,0.138046775838449,-0.554352567559708,0.774029482462245,-0.254044368917853,0.397396317424996,-0.682286783631213,-0.00548451388866887,-0.170350314234432,-0.350239569953096,0.0703670212853981,-0.425921622114433,-0.578748896210861,0.044839375602734,0.395595805387409,0.203329035454998,0.163636455640565,-0.259375538870918,0.398037650348593,0.149692728563157,0.472400848716531,1.11053385906095,-0.339496000848541,-0.283257129529448,-0.223933606450033,-0.847825077498337
"C266",-0.000158198888641492,-0.48898271238055,0.552568764293468,-1.68238355846244,0.710333380093916,-0.423428281405744,0.501825551584767,-1.02830931978185,0.758455526404708,0.47568938621902,-0.0360900412675925,0.0718226473208652,-0.235780706507741,0.0166499563167426,-0.773070884872873,1.61769258031368,-0.552550239961811,-0.316888906176265,1.04995818520611,-0.0666669727697789,-1.14507073042618,1.13432980338912,1.68832989289831,-0.106988068707482,-0.145088138818174,0.207739561387916,0.598678855994767,-0.327151331635822,0.295701314790735,0.414565323914731,0.232925110773758,0.235000051450793,0.0395872149435579,0.954377059308383,0.23991634324785,-0.519659874682913,-0.752019984948862,-0.796647820463011,-0.412382415073063,0.198838917111837,-0.967420423324792,-0.8322732051663,-0.14537380503711,0.514547770130478,-1.01634534776161,-0.00263231139179441,-0.00679168327016453,0.642821936073179,0.0729648050704179,-0.573501574154095
"C267",0.530574970635226,-0.169004309372457,-0.836788610566567,-0.473107481676344,-0.00631528759038778,-0.190380363214737,0.464417102649595,0.496640989189125,0.608646435766657,-0.937977991900286,-0.0975594496495061,-0.57451288112155,-0.281779417748001,0.00913243148924027,0.369161198827369,0.309619839277776,-0.321990452275332,0.443120641068304,-0.383920935598707,-0.270275919926368,-0.624841929766015,0.717238665444571,-0.674467666796497,0.20948261298862,1.03631540397917,-0.763535101987633,-0.305001033229958,0.191482506759172,-0.955396075118427,-0.694851582223281,-0.805431689587304,-0.327712129657314,-0.867921960762453,-1.12427122475667,-0.0647837817940108,-1.02408363956849,-0.374657110922616,0.157780095918491,-0.614568596922324,0.457621510764643,-0.816297876012506,0.785472035992995,0.268096499029587,-0.107855760422,0.151761246036662,-0.483953872497173,-0.432100329240343,0.0288260448158256,0.21763931309672,1.0087586235522
"C268",-0.568066377659294,0.602239991864368,-0.246973575645894,0.10402715742881,-0.0564739588076394,0.935621620097331,0.529087430251672,0.328216954310947,-0.677273271576426,0.711744296984929,-0.667687184006847,1.01471882583776,0.134082709545922,-0.650816413102912,0.570790283788401,0.110861566140647,0.611209287720422,0.589583435486232,-1.40936231944178,1.07900233931899,0.712027633152453,0.975968107872121,0.157717962504292,-1.04717222994113,-0.727906556447167,1.06307803378731,0.379111367887921,-1.44108161681353,-0.382691240992693,0.360487951280327,0.0901552116104994,0.589194784463489,0.290649401886282,-0.462813092607553,0.496034228798683,-0.22417526291027,-0.752193369890488,0.315172019103497,-0.094925457985834,-0.993585514785723,-1.70643403606351,0.38763211433031,0.604532454366976,-0.324873863653748,-0.580437438206245,0.427256689610908,0.529511893966666,1.1101045450446,-0.296272378506847,0.206986539660175
"C269",0.287123585504104,0.589108512231934,-0.873135904293056,0.346755176666644,0.3485324102377,1.27799799323506,0.452834507579621,-0.389459039639144,-0.0481137098338854,0.308266484687431,1.12188152316158,-0.424157838191193,0.22365500516016,-0.0708340746939725,1.07419687619643,0.156025179646701,-0.16295308211416,-0.636352071610141,0.325180549314836,-0.247579905928201,1.26180504702063,-1.2493617374166,-0.421778506090163,-0.107956861517922,0.0313422350410648,1.23372937264878,-0.0096385446878182,-0.154582369889874,0.182360747615384,-0.178848711377832,0.230564307826242,-0.484707898551455,-0.136477808711101,-0.037457232646759,-0.539416113506295,0.55045852251134,-0.474942073889623,0.706616780758862,-0.887207542930604,-0.809817001635952,-1.04564461854948,0.251114241330419,-0.595674771001615,0.302406137872557,0.838782446922416,-0.657494163686214,0.0849887731291069,-0.210722159062539,-1.40493403891788,-0.126192480460486
"C270",0.310160923182635,-0.335812879938029,0.259836784885066,0.631697051061323,0.120941882328729,-0.722668031620604,-0.0309012462430717,-0.318138265911613,-0.634002220110134,-0.262983110909544,0.300259723003096,0.54845108965999,0.412855714687513,1.03616816142088,-0.905648243365942,-0.955647579141759,0.185648252872711,0.924715762097638,1.31266304543087,0.140041982764755,0.125149151516235,1.44995533050259,0.304407979555557,-0.438286276867516,0.361676031276739,-1.29751360032676,0.629541251319874,-0.110869848039279,-1.62194897214482,-0.0675052833825344,-0.0442020735978798,0.0893035791850087,-1.14060624839781,-0.557886571426091,1.06856725609932,-0.236553474896953,-0.264041057283682,0.474246435259547,-0.343664490921606,0.0595341870221967,0.00394173580149866,-0.796621294558292,0.776100139534678,-0.623707342237941,-0.478313006807893,-0.143655768650674,-1.05509079815854,-0.252439338310326,-1.07127163394149,0.169393830505297
"C271",0.21093929873659,0.710642925248676,-0.913619617772867,0.134953680419751,0.665219416875233,-0.397414650533642,0.464577337270512,0.124669464715071,0.4822544168478,-0.0544972195106519,-0.10823015169599,-0.215170120966836,0.788139716775094,0.464101046150012,0.730103595272075,-0.934171414815092,-0.402855078510713,-0.847660659082786,-0.750190607074271,-0.118370993584896,0.327765400954717,0.162763151537132,0.19411282065059,-0.745947447842055,0.263496363225589,-0.57528104111307,0.0109238407266933,-0.95176905461618,-0.325541648837743,0.312388889762151,0.905684732640291,-0.151085083576525,0.614337005135837,-0.0339960789731446,0.243825721887401,0.59949332721587,0.265186505196387,0.132052856744042,-0.178320768737897,-0.311392325005672,-0.807823504058105,0.32071502999278,0.271707407209494,-0.080837149823248,0.162046658430884,-1.21282589452811,0.631965767218901,0.389484297516961,-0.573923003788388,-0.817838875267163
"C272",-0.242272418729742,-0.527148920791027,-0.877373655267472,0.093868583890136,0.0713411290373172,0.321604191716783,0.0611166508953014,-0.896245561401795,0.323177326010915,-1.02242723572728,0.204395361682402,-0.0524655871868673,0.612564435505642,-0.694620509246991,0.320876295467322,-0.455433893734267,0.817042756993333,0.0312368120625474,-1.26189407423015,-0.195749852516264,0.741803624338368,-0.584682249862343,0.220796296106873,-0.100889603300221,0.167339156261502,-0.812751113135081,-1.3099869625974,-0.264270124593963,-0.739896962784245,0.801499685564721,-0.457020992828123,0.0308049209220745,-0.159704820704732,-2.0668446273635,-0.58450388236949,-1.02097773203011,0.0602584436902365,1.23272641620986,0.101109274601376,-0.688439393247572,-1.08844144735574,2.14623395708364,-0.405538308278001,-0.170584345716887,-0.145612381138941,-0.634545941188968,0.231435118844494,0.023820524178794,-0.452486547130457,0.309980631150011
"C273",0.730997862408447,0.269840418269077,-0.26324860361525,0.296454589235913,-0.121961399371738,0.630975693097779,0.572260984599231,-1.54232050072264,0.600473973084558,-0.00867829320372744,-0.629477190665413,0.0854271843430913,-1.15723294773064,0.251880764231958,-0.296402322277691,0.374062394822771,-0.305072789797376,0.0754317848285011,1.106003511456,0.213020498812197,-0.413761844705913,-1.59258286724939,-0.494840338774967,-0.321944739126573,1.04169434144952,0.368742475453884,-0.940002965015444,-0.373807119803705,-0.0317694784882244,-0.398814198494011,-0.284026102922629,-0.571296681386364,-0.10337739060234,-0.00361555184074508,-0.150052115175655,0.573626228067719,-0.039803983733652,0.489598892093416,-0.409308884015708,-1.00048798438503,0.32522047374278,-0.0458506545596163,0.83840848169816,-0.89698533345804,-0.0983411155837823,-0.221936438412883,-0.783756966628472,0.553442605873377,-0.167844989372642,-0.568735648827202
"C274",-0.0207825597607836,0.990350715483555,0.291704215959393,-0.79108140882852,-0.369431717277567,-0.129215615435762,-0.294907897188563,0.566061775580124,-1.19565812707886,-0.949229845863843,1.1494645230867,-0.434224831043596,0.65075554267251,0.542391815216042,-0.530497651864502,0.14538798056188,-0.700167639302462,0.623050969022856,-0.183487932405928,-0.050780280007112,-0.309220414764152,1.29713996473136,0.170168313591787,0.00404043812440857,-1.23414357040259,-0.499906004735715,0.48079971917157,-1.11553090094614,-0.546314683361318,0.365946282113348,0.444864418433476,-0.0817043581547707,-0.639119468789711,-1.22071025259383,0.929071804780936,-1.04518379419482,0.0783290476050479,-0.90844025075421,-0.08692725174224,-0.134823131325251,-0.553481590401599,0.236221287718171,0.130332513682694,-0.533593234948523,-0.363171577940767,0.476637829543335,-0.631447787682231,-0.685803239783741,-0.504266522423067,-0.39395906978408
"C275",0.983927850086399,0.602013859007704,0.200044100982439,-0.39207431931819,-1.26393777255417,0.500086756796275,0.986376129942964,0.009103084648274,-0.298702238341894,0.698599688766566,0.297317341282538,-0.227110259619857,-0.296399479927155,-1.68220346707542,-0.783547318998727,-0.831268152588678,-0.534207416471681,-0.974720903840045,0.220637573640033,0.216147506417927,0.857321636333257,0.680633596686035,-0.386259788581049,-0.656549008745689,-0.45285380096957,-0.0876524348127964,0.61904605277538,-0.150192689021664,-0.213266943712014,-0.402038019002386,-0.244699437798427,-0.503200540717143,0.0755528034116962,0.398491917849706,-0.362618543524871,0.393762135102453,-0.372227550386552,-0.0466095173651955,0.943236838285033,-1.00049093489891,-0.053535462518672,0.862041861743585,-0.776883032643834,0.553856870016787,-0.147333900906962,-0.527252624848178,-0.116173389543131,-0.954466991518201,0.2754982217645,1.24339894496321
"C276",0.134113041965858,0.284693823828606,-0.0568626224668307,0.65273308910627,0.192669700401059,-0.305615184569863,0.831796365936881,-0.735757248315084,-0.850618273057587,0.463637363534508,-0.722606764435466,0.308294993303556,0.0197604175416338,-0.211628063273723,-0.420442808103272,-0.652037466308787,-0.8546672701125,-0.272434473073293,1.02905130461215,-0.143778774700517,-0.367098377546544,0.959285833153595,0.70164393638577,0.105606320557822,-1.74020118106995,-0.207271615628976,1.95967196651395,-0.510136127146179,0.580226702609111,0.235182916628737,0.310271326042985,0.0102821509691167,-0.684016754106565,0.30603449248529,0.911472824009504,-1.06434549078632,-0.202845411290071,0.136250193544672,-0.562216164256073,-0.60598637974293,-0.764581639230691,-0.996091616109999,0.381647329780131,-0.81706492342308,0.468801210597274,0.382767162275227,0.282603110973077,-0.898721006156381,0.849251602325483,0.81069694935467
"C277",-0.214949129876175,-0.283637723577147,-0.614507979444256,-2.02785012614201,-0.180987335563725,-0.924067273008371,-1.4065951017704,0.292532696225343,1.11970521019594,0.5911986111904,-0.303464550771456,0.899761893114975,0.37002330865222,-0.550636766970643,-0.302066194359284,-0.162476693802427,-1.10446239969389,-0.659209530939657,-0.0459332603549475,0.120652041259684,-0.337865766870212,0.246659649317402,0.217923848023306,-0.825382470269345,-0.125995188436039,-0.458314553216059,-0.426342252062434,0.901089935074098,0.887547327515102,0.809805680595294,0.269328362071249,0.451060285355728,0.1374913454461,-0.156674661057888,0.187645310014974,0.116332791946085,0.0559793145310137,-0.884660111792595,-0.570632772442608,0.44206864336838,0.319534256663335,-0.376981789920361,-0.782077704505448,0.252679416726132,-0.851929092979879,-0.473678014484468,-0.357499615348704,0.780787451370748,-0.568013232725481,0.0192686169493725
"C278",0.655805802380357,0.66161030959726,0.230096273504414,0.363418197239598,-0.474157348100665,1.01251300063022,1.24690110342591,0.489194705641647,0.0273408646512201,1.14280903378173,0.575920003157081,-0.831930989772819,0.0166602377162908,-0.930292403078629,0.215517041384127,-0.610746576793517,-0.274595590527235,0.0890492607390063,0.835089485148297,0.918203532840857,-0.169688533609756,-0.0231321058415423,0.0984448977458676,-0.384027864812384,-1.48614325569136,1.25379398453967,-0.75340079274038,-0.175238725752823,0.439865081416732,1.3410345839141,-0.653689768527197,0.680162150930135,0.0785408602733657,0.410887351601784,-0.160340149768461,1.52717746559051,0.00584311570651584,0.248906333263171,-0.215387835810585,-0.59954481041139,0.80057515569369,-0.65536301149475,-0.519573716474452,-0.167749809058458,0.631861308700011,0.326163149258871,-0.387430993046758,-0.349219149302005,-0.186339452014024,-0.628042010643165
"C279",0.133279818720307,-0.952275068259863,-1.27678303116759,1.67954416953311,-1.1016661134143,0.12971430759334,0.27067751920141,-1.35155850678915,1.31955122829457,1.24847310439047,0.769279079341886,-0.289137105957081,-0.624906810994284,0.407294459522864,0.696284716979989,0.544853424188297,0.557578857944416,1.34648071091727,0.633914616655028,-0.460218139984069,1.48406042790825,-1.55778938688605,-0.773486430944257,0.926901694603873,1.01432719850607,0.410524489021831,-0.928600460541046,-1.07433980823601,0.0304322623635675,0.113204017298688,0.20793892935817,0.00776663482376094,1.15469690888864,-1.06022702452413,-0.664914403119714,0.73234152809657,0.962408494718654,0.742572659444143,0.55836094681031,-0.000100259118492096,-1.20066980940088,0.704196454574703,-0.448846773570801,-1.46151463492042,1.20513013800207,-0.0850680102120744,-0.324145060840399,-0.0883839923680447,0.364561121218236,-0.406643483333875
"C280",-1.23373778207249,0.0140324477406653,-0.578501317304769,0.249962315231914,-0.572852495789032,1.13711763563073,0.0461618684577576,0.0781755042438231,-0.425228559393554,0.167610335583854,-0.662593413303546,-0.91203034199182,0.194280790623034,0.177628802581789,0.887567016543008,0.426265808001519,0.680157131513636,0.0934472322784861,0.192159060068034,0.00990981820769812,-0.216947453245046,-0.955592563923386,-0.489800605511209,0.760427855011026,1.07472549811436,-0.200514156123068,-0.500040323549506,1.11685549613815,0.868319073925701,0.0682034206653776,0.661957451879892,0.566514504008509,0.272228852806788,0.877749737576188,-0.0342762383566068,-0.378842961107484,-0.905344713309044,-0.425177460885212,-0.310294294851937,0.165257259390938,-1.08935846075064,0.885850022910114,0.391291663014106,0.330938866473326,-0.223056241403841,-0.288426763141144,0.579017385157748,0.275823997508368,0.538578059372527,1.01519061157684
"C281",-0.263590830261825,-0.0723507727693226,0.492521248912056,0.664893093834951,0.0396861711394322,-0.283765649222243,-0.858470055354274,0.597170000361013,0.246327471340187,0.88042537769186,-0.191652943065844,0.163203470541718,-0.0670374126488873,0.686253188627888,-1.06233779324668,-0.684500699762218,0.640788204757106,-0.025701376816169,1.00797435439892,-0.424192056741284,0.588561312766051,-0.194678046883933,0.942045781631705,0.867633981177316,0.214645699054579,1.26437047439559,-0.194058131545778,0.55670418137797,0.334476832477824,-0.454284891825346,-0.103188025011039,0.762044667156713,0.838017615717195,1.80442550079678,-1.03760109294742,1.10147553112711,0.720185477694587,0.770900915463675,0.530865566076516,-1.00799659831997,1.57119288788617,-0.540063443551303,0.345449822710672,-0.906554266917034,0.280868181597954,0.701086830737177,-0.597988624636984,0.140709449046567,0.584367647311122,1.11624178192411
"C282",0.401479447345469,-0.17466814663996,1.10252350059409,0.118263779188665,-0.289924464595397,-0.555347266147469,-0.0866991317813658,0.417109514113632,-0.0745246044455102,0.643148425980056,-0.0685057577441489,0.0862013880344209,0.420006114573949,0.810343813352779,-0.260113051500721,0.0350388214759448,-0.146103602983492,-0.516690374527085,0.322239413901561,-0.592142741300466,-0.81982473267659,0.636464093098609,0.186421493625762,0.588617760205683,-0.101083398397616,0.0630879069141434,1.24390386002622,-0.12265713296067,-0.627560603939589,0.491027661023168,-0.112897873741828,-0.0347085889038648,0.00558332150673084,1.35284064647665,-0.346230698694118,0.674553435459397,0.254609862319082,0.0506070871536315,-0.0775656049522802,-0.460712060807768,-1.29491508664986,0.624423967661611,0.164419153422717,-0.534791564146913,0.513526860375735,0.287296703413402,0.368296942886985,-0.0577462546052123,0.471788240566006,-0.357149238622518
"C283",-0.311938963848315,-0.0533842349021335,-0.216030417781377,0.445699445563899,0.553126982660511,0.343158920683868,-0.717511886213335,-1.8321004854221,-0.579821655887233,0.0275364514271988,-0.0987441833990164,-0.0675682521302286,-0.552188522084492,0.919205201433643,-2.32272703469832,-0.37409250862151,0.302889776017043,-0.665842259578588,1.25960008429812,0.433212550437546,0.116917335839395,0.182678617936036,1.40356104879622,0.166980618959,-0.378204227074616,1.12022199409634,0.883264418775421,0.561731958526826,1.10421733076493,-0.0903943995077989,0.159771140192661,0.318233468226498,-0.595445634745328,-1.03606724558863,0.496873488760533,-0.83441579832443,0.0438946363158154,-1.53224513892391,0.769213357225508,0.00545649261810945,-0.884969171446431,-1.20608029177335,-0.287737390520245,0.331057758192468,0.24174074892616,1.23716614120073,0.123053658152717,-0.0822984913842694,1.05307333392082,0.0345400692213602
"C284",-0.257152127996445,-0.0832896183643685,1.72260170292534,0.435602042561374,0.44604492309929,0.274150932305516,-0.0221427366853554,-0.190915573416669,-0.879370495700653,-0.159288279086989,-0.0484798365599167,-0.324748330256842,-0.0657352211208631,0.140656153687226,-0.337880942344534,0.879571218592589,0.279766205992997,-0.371353289203245,0.656636075859913,-0.153813436769604,0.0257237456758034,0.888831148806773,0.849298209930681,1.43489060218095,-0.221061616138062,0.937195262129784,-0.220526189232728,-0.649346501195954,0.183735688442712,1.04100476920141,-0.23506835099254,-0.355963565594371,1.44343665701297,0.624617356832351,-1.87838353309804,-0.754633732382023,1.57499114757067,1.17558177530021,-0.304448643668889,0.188548285586706,1.8220059044038,-1.90194034739494,1.27366361584075,-1.45437360261475,0.0593641112867874,0.371275767820816,-1.28882194247781,-0.206865322539507,0.817012315414913,-0.0621653010121231
"C285",0.388877491912416,-0.17335527778705,-0.0930861735834202,0.170600258846092,0.689767688511954,0.892326058922589,-0.184763085633222,1.25619953541203,0.766910263830583,-0.929684036450677,0.541022021866531,0.160076442137536,0.616659526725252,-0.40253524781042,0.546650971525609,-0.352539849124019,-0.243357712861615,-0.875610194202519,-0.369338234165176,0.192608165807946,-0.218189375317412,0.154539135570615,0.408430908396484,-1.55594682303228,-0.88917496099038,-0.745433629446916,-0.778122986338267,0.170968678215672,0.576054092718646,0.832658402714474,0.765157980854093,1.23406142028102,0.297098578520202,-0.577397040251388,-0.0592783859447687,0.700962174346517,0.93217342476875,-0.465719867082692,0.316316235655889,-0.0690424903408776,-0.957555124196028,0.338901460465505,-1.05202883745746,-0.0580834734786406,-0.197242637998395,0.200580118846247,0.653998866062268,0.395687696683297,-1.12424375246114,-0.0444595208455631
"C286",0.533981943489843,0.0681471988176219,0.778028075833087,-0.3264474901304,0.183028172008443,-0.214135080575013,-0.703115473373207,0.100424751014919,-0.844664591509011,-0.105489538563328,-0.317340671698084,-0.735387355257174,-0.241368605503287,-0.778660134329454,0.987864895911824,0.453975351484053,-0.779118111664814,0.176834078114219,-0.574083333220997,0.771955447048324,0.918465627799495,0.279709950152763,0.296115279192923,0.217021790151705,0.444196081578036,-0.0242963250880574,-1.51038946682552,0.55537389681252,0.680194959234631,0.192721024198279,0.415022645140173,-0.344756859787504,-0.270011777239198,-0.386316799146686,-0.289824712550358,0.0887642980166896,0.36136272946274,0.205079191894682,-0.204953854233114,-0.236386934280401,-0.78464761610331,1.82662289129967,-0.672356592856037,0.358514774620256,1.14947498770513,0.331689004777585,-0.0818092937184292,-0.611366751586669,0.26447332819474,0.858247466767281
"C287",0.0758789214315502,0.479106245702473,0.656509541721883,0.402866710585642,-0.671719703677651,0.132904144361698,-0.438876300698079,0.828794355205649,-0.102794934297551,1.65800176965402,0.834959438375491,0.372281499704267,-0.753135377807168,1.3691412017953,-1.14591173850284,0.269630424797208,0.0200360020368326,-0.134618851887245,-1.04156911385718,-0.681355784588289,-0.903469780125042,0.6074822989239,0.22891781259906,-0.0489121487472233,-0.593066469798047,0.65335427104126,0.633594621340739,0.328225304018171,-0.131451455376243,0.518928748081624,-0.208074939421019,0.424797398136937,0.61128329089346,0.171833564950122,0.684190142380391,-0.790203564160278,-0.464838264349731,-0.270523890153063,-0.0507031556240687,-0.0881883348315485,-0.564068144686349,-0.534769388499571,-0.346296569846099,0.823229577562353,-0.284812162468479,0.618812959203245,-0.0875221455570834,-0.232469579945394,0.606003359346536,1.00113593604698
"C288",0.217336176951763,0.0342002182946491,-0.26609050112322,-0.560104365210506,0.0361222822768631,0.166125916943774,0.819099391509191,-0.444978599589378,0.568799185522249,0.00418040691990604,0.225633763357927,-0.697043535327815,-0.825233046399849,-0.564041969216302,-0.29627511485565,-0.259701009651627,0.183868854133162,0.161854667274695,-0.133262054667419,0.157640474579697,-0.327631971430618,0.637696294137,0.31632695224653,-0.888357067542334,0.216587697162588,0.206814688842289,0.968916528132101,-0.250859023848829,0.383510996040991,0.663269183704011,0.920185384809432,-1.02146749209506,0.607527080018304,0.417129345201158,-1.23751489922946,0.319642173056574,-0.427367954500964,-0.445270950936219,-0.360859234123391,0.452432694853101,-0.22748678279507,-0.377255900686524,-0.607912797237915,0.505264564770041,-0.769533432420722,0.369915696978267,1.01899012525512,-0.186744104380374,0.0999794271603876,-0.64657002110323
"C289",-0.291295715739843,0.0297431118610083,0.0219415130514659,-0.167273826604255,-1.18368686110072,-0.107995561217677,0.45878387350944,0.09934917126405,-0.181676841757218,-0.000354671162428849,1.21631169550848,0.859064918675583,1.09978176999616,-0.698230789179127,0.907465348564486,0.618858399889413,-0.379372971554273,0.0573476301687314,-1.11355118620186,-0.222137578200297,0.164808779439261,-0.487582403602635,0.112889799900215,-0.320351921232851,-0.209672492747116,0.442567566408944,-0.978197673160582,-0.692973526104319,-0.0344578055699612,-0.734032150506557,0.278384792154479,0.125103887860967,0.774275119103432,-0.57001960049463,-0.671872250735292,1.40742920155939,0.212013454018887,-0.0313674261737443,1.5434551954174,-1.15647425043574,0.202239910660461,0.231685834352481,-0.172192843192839,0.546045719297172,0.296204025300448,0.285493646263221,0.382685993971898,0.3011107570718,-0.474012795021651,0.668628297989944
"C290",0.697424940333477,0.0301751620138394,1.12876727933919,-0.0294908617013244,-0.421977798355364,-0.47083446804207,0.292546048657845,0.405409342897015,-0.795404151459208,1.20469974606702,0.624929674521545,-0.585780312961985,0.696563344757489,0.356780639814542,-1.39843543201372,-0.0523426930896183,-0.140344302787006,0.904112330512057,0.14862860079665,0.611420896651857,-1.43082180256417,1.25982015618423,-0.115532785500023,0.406738980215401,-0.308369060091385,0.0989955441809358,1.02363407066452,-2.13518177593046,0.711425856334953,0.740508304882538,0.264441345775351,0.822927837348237,0.66674302987115,0.358508131140519,0.0324954970505892,-1.51329004350051,-0.22765610485664,0.207777057573803,-0.539793510022385,0.106590407188573,0.843300811530514,-0.00807800518849558,0.224582232148325,-0.105201064370939,-1.01906215512865,0.225828742649061,-1.59306397582892,-0.372372454004108,0.29948534361942,0.386157777113855
"C291",0.352210995743677,-0.142867339714436,-0.161647886736071,0.4937416061607,-0.331211352527291,-0.0225628313142099,0.050175902504922,-0.456747928305343,-0.940265949687245,0.884466906819588,-0.0919854980220341,-0.461990764260155,-0.971817042021092,0.316966827887857,-0.588627892642486,0.269474937619265,0.72527589085568,0.624201283644168,0.147979761198821,-1.36959124460605,0.172922534695982,-0.0619801397302162,-0.574778549532466,0.582570924233624,-0.761036565211076,-0.0262059922342476,0.546771203673007,-0.831623475057232,0.0240089416580856,0.269504481708533,0.0697415616147297,-0.291130597042486,-0.318689245004102,-0.164824312700324,-0.81003749664897,0.0813181608695564,0.281082845985988,0.553719546791573,0.989772455054478,0.201572019188204,0.0632018652716736,-0.953590389629396,0.00841687133028977,-1.39102308996712,-0.577036772655938,-0.295818149563535,0.190119020060536,0.338284036563586,0.414339099384782,0.0351612500599031
"C292",0.413390338622562,-0.0259912150207076,0.759645226634574,-0.271584649355456,0.59047189640437,0.113970615645483,0.738596418433742,0.0801477285963276,-0.358180164524166,0.800347968400913,0.497952736505172,-0.384300047798871,0.459438112834653,-0.700088704402453,0.0167353349516935,0.626420478728216,-0.794772450990733,-1.10845437395565,-0.103834037333469,0.0834718027063706,0.00117672651990947,1.34310539058141,0.479851337799556,-0.71065424266901,-1.45641765600473,-0.211122365818326,0.383221634407129,-0.472699588733695,0.397992045936437,0.238825484926025,0.695051458809148,-0.29940158819261,1.08912024093907,1.52051697985291,-1.03035983562447,0.541810875966957,1.10820139295354,1.17053820068956,-0.316302489464225,-0.387908027844188,-0.179783371712763,0.45163878239138,-0.516386604102684,-0.217638504749433,0.540321074989187,-0.922759436261,-1.06013195705931,0.0189180286617851,-0.0151787794432341,-0.523397097389128
"C293",-0.360947711710315,0.793983306755179,0.717120174822989,0.753286108517302,0.197997129915053,-0.618049705451776,1.61589686729009,-0.231430196015631,0.956099431955193,0.53566994879439,-0.783486929142619,-0.253928623787807,0.36563002000105,-0.578767811112511,-0.859021499839133,-0.156998755124703,0.741755711188924,-1.27673789773951,-0.0270104116574618,0.88409793714202,-0.404342228487153,0.0398238224418365,-0.647312797182907,-0.14554810092808,0.081430136906395,-1.0972112031024,1.30499270373924,-0.985558025163731,-0.400740236489481,-0.221909047112362,0.204566327769081,0.238911205287771,0.403458070501476,1.70470478305275,0.480208116245924,0.121197315023779,-0.775371760569949,1.6266332930603,0.438037294417257,0.582626733992718,0.300898581100247,0.0953149087801611,0.131579919127904,-0.285148472812958,-0.214131047861077,0.317286117506458,-0.76970026632246,-0.133498534269568,0.937599297228003,0.401543179569222
"C294",-1.13705450991474,-0.734095165542121,-1.29285448543555,0.815996196611396,-0.122257836042027,-0.722152348420112,-0.25969084606602,0.123916318044644,0.319487262287018,-0.735779280338268,-0.561941578157324,-0.0369639258608036,0.27348618453695,-0.227906407127496,0.147274578765595,0.527871989808351,-0.401225246445224,0.436746730529759,-0.0385023303107496,-0.0722202546622366,0.513444484249855,-0.688277717687897,0.374191256485794,0.146696562902398,0.209778775946195,-0.534958415949735,0.249472549468754,1.4394594906601,0.559918727952535,0.779875925427734,0.14695820150667,-0.0215152643824086,-0.303295560627514,-0.860608842585286,1.00156105942583,-0.857731836811435,-0.442463148401369,-0.358246159315434,0.0870902714909777,-0.928345853115009,0.0481090435541513,-0.250828780692111,1.01466454651498,0.387390060535664,0.0793565395252982,-0.732830485357646,0.244478996605666,0.279192831398934,-1.36398979139674,-1.05201274176612
"C295",-0.922180461313513,-0.904509499083576,0.250398573972252,0.495489870205817,0.676582363343295,-0.492872478352743,-0.894423044316587,0.2345502742487,-0.114010797696554,-0.0626099825822417,-1.02277454434626,-0.118123484810302,-0.209320198195085,0.125294498417152,-0.629420242686534,0.0459488608621904,0.172315448404321,0.402286118301576,0.930526074518445,-0.295804708852395,-0.24188869936666,-0.589985458195917,-0.200369209832936,0.251160923572367,1.00766566559141,-0.35372559564134,0.775533848040876,0.192935234584797,-0.69169588406807,0.809518298199937,-0.14887859547411,0.436599956668702,0.71090172761568,0.666264237598976,-0.165134861973279,0.978162366249347,-0.836750859386641,0.285997632489646,0.658400540284918,1.06510190712532,-0.115172292185301,-0.192810230784461,-0.55464100992541,-1.03535632114019,0.156605004551205,0.216330036419106,-0.26168320941746,0.641787987463527,0.381061278575902,-1.06373462150569
"C296",0.744710370382671,-0.859111777059041,0.705194168253692,-0.635942758405052,-0.95289675854441,0.71605602933629,-0.11823701399848,0.334932612361343,0.0855030493061247,1.32050231645357,-0.319336267557734,0.265886771647122,-0.898169536636752,0.537496001027875,0.00865628761521985,-0.9848000776063,-0.375434327592773,-1.29955111884437,-0.100777496723651,-0.663202884722662,0.210861661900324,1.02270836708424,0.65314588277244,-0.448857092718922,0.115425577956833,1.01375249967993,0.244338765755174,-0.741366273277703,-0.116003075555694,-0.830139610088742,0.254857675882658,0.0943122438467518,-0.00984361105665138,1.47007631386495,-0.529875941468028,0.907096004879153,-0.480555656806976,0.228202879327221,0.748329580187235,-0.152201403115135,0.652060146202917,-1.55985294858787,-1.11582506168636,-0.00573124408172977,0.125484157487243,0.493822697772781,-1.92482776745793,0.0891902636067646,0.162370909893223,-0.939318686596937
"C297",-0.00102388767290746,-0.13943018700536,0.0635486402780773,0.392292171207151,-0.471060774008886,0.348506929425325,-0.288316187114851,-1.1322508313173,0.440497020742063,0.0634773438873659,-1.33580635306874,-1.74123859565033,-0.101949820650165,0.429976560854719,-1.90372904295869,0.46134109134756,0.825047261286779,0.414471826826014,0.0521660645440645,-0.526180394328153,0.0414482431106586,-0.824574433946273,0.0182074737455837,1.145822084771,-0.550237610039898,-0.323780780687434,0.0208756990660284,1.20186325550273,0.78513727318912,0.799489467701687,0.218462651636431,-0.334701174874177,-0.0773419648737772,-0.523911250017605,-0.395768218651559,-0.217892418464704,-0.347047572440406,-0.24005147677792,-0.349148134751474,-0.375585433409752,0.731476410264976,-0.147807805409911,0.223415960894927,-0.20950210629297,0.344876848915551,-0.148682251462296,-0.384366989087432,-0.109422009261462,-0.369956936203569,-0.299626995189562
"C298",0.470275288187913,0.29524640768401,0.413259136274842,0.492155746837592,1.10780818542751,-0.137814494420614,0.446445139100296,-0.360664839214778,0.000129073472841857,-1.01117666027133,-1.04680530679097,-0.481638564408707,-0.0134339372437878,-0.273213140736433,-0.330257225732092,-0.184303028858827,-0.509947695705937,-0.268099826879504,1.28675720948757,0.793755216092222,-0.324231128150693,-0.0474899790021341,0.51206900752368,-0.286639070165766,-0.107487436141896,-0.41229720692537,-0.421424821714009,-0.313951611688608,-0.957588100117133,-0.53903020794533,0.186372908975775,0.222529230569266,0.770426235410841,0.326283347975371,-0.0785964300630033,0.514618956455308,0.899912044185284,-0.137401157153801,-0.108170624182401,-0.974162068275839,-0.132071200321244,-1.34506999106393,-0.253978233682221,0.644169918505813,0.542724078785964,0.151872105709322,-0.450336554839042,-0.196912780470964,1.04880830373143,-0.594732229924728
"C299",-0.694802829988837,-1.46233897939474,0.287772120982381,-0.443795931398354,-0.840559074736103,-1.08269800600137,0.898733654339705,1.04163849366724,0.994870529112167,-0.407162501120383,-0.0785480776993107,0.172592673835025,0.243521583298052,-0.200252371452395,-0.391518114561735,-0.281574231295634,-0.686594785803911,0.83709418523571,-0.75064666618404,0.461222693328667,0.778552421622733,-0.264002070652393,-0.135698877889903,-0.802914489469504,-0.767493299209334,-0.521737527798689,0.908945767107821,-0.330030861790465,-0.948410963924019,0.543660711148732,0.123543966492745,-1.01378926427469,0.33899982563142,1.33559874212435,0.228288538292831,0.964614009546545,-0.591499793866899,0.243214916814007,0.185569806346402,-0.587336760521306,-0.850351235766151,0.298067525796823,-1.01032705853532,0.722299985847306,0.130763546899079,-1.4805114751562,0.298283816624843,0.0473671286076616,1.07538158685802,-1.06274753971865
"C300",0.00319136500149396,-0.147617215579057,0.308632926203139,0.428215116522275,-0.38039487378956,-0.0306770688312652,1.25264030293641,-0.0420471194642811,0.272832015505992,0.205256288910034,0.458772932514031,0.157754574743344,0.954365398867224,-0.317309860240298,0.489860921208005,-0.973222038385807,0.248816206154206,0.608886509814865,-0.416298571921295,-0.524425090067315,-0.185364305464384,0.317870447468484,0.747890632178808,0.746226567214605,0.520050615239763,-1.37725534194465,-1.22646316723925,0.0818281512454332,-0.63544413740735,0.159270482404602,-0.6754136826797,0.746192736009138,-0.6293342998468,0.913116107021665,0.0455298162919805,-0.470661706975118,0.336548623384557,0.60525410153878,0.0742002126262959,0.162733469579005,0.181702575036043,-0.173831389993569,0.380993693627886,-0.486057541906893,-0.064087169159565,-1.10343908445671,-0.443555830670714,0.0524571942401851,-0.070237712041438,-0.617222676753175
"C301",-0.678798458613726,0.528151447200321,-0.0180071373285018,0.373492040408651,-0.480704626919928,1.15513830681579,-0.234264351103419,-0.234981271243431,-0.733442245029059,-0.315691576016467,-0.822694323133058,0.459326214610027,-0.812621495468314,-0.236939855180706,0.557140204230395,-0.520482252814227,0.22853318593276,0.322657487719929,0.280034768381604,-0.484374314261679,0.956634506162541,-0.687303425272711,-0.0265265930054691,-0.161923632100389,-0.344146696486209,-0.192875308570044,0.303285647211859,0.190847150818133,0.749218103440393,0.846878362460976,-0.0707161573341098,-0.0837713727156799,-0.591689814212297,-0.833032929640711,0.647441389311833,1.3493757056638,-0.834612766964475,-0.690762410541038,-0.0522269989840437,-0.254260077664447,-0.41200633059935,-0.944422789211311,0.1898162982049,-0.526025965483169,0.443417907904604,0.648832993586653,-0.219983869756173,0.745374542749539,-0.201001748625626,0.650268143126596
"C302",1.02317605392585,-0.114714066106001,0.983697400601979,-0.297446317487045,-0.734614952969266,0.102819516328975,-0.152811618948896,0.692667159091258,-0.989900729023666,-0.231425565266081,0.298136164864679,0.377372790858783,-0.065731719503295,0.310376066134025,0.808425485600875,-0.309663423230643,-0.313197403887416,-0.111884933420721,0.0284209399012987,0.0277525793468555,0.449306049365402,-0.577476103875612,0.226512949285558,0.0033665718601401,1.36133904764051,0.823971161522077,-1.00794191907439,-1.30035466817721,1.15150662600875,0.570191880769302,-0.57108412704403,0.159561936013447,0.842012762032702,0.0859616721825831,1.35763546603826,0.813055739069495,0.81861764142314,-0.419748572836891,0.736496997014398,-0.0803276416820424,-0.7367628419458,-0.14583860939394,0.218668628462795,-0.0428969580417007,1.3267654155213,0.734675897954626,1.34815085700663,-0.547899327154827,-0.0754309066095524,-0.172585461928513
"C303",0.0486654233256094,-0.548456594827136,-0.464427907905819,-0.0913823253009049,-0.111419906274962,0.481239217489796,-0.516396416695673,-0.391232772481748,0.231174359821768,-0.084252487065113,1.04334099503554,-0.0892278250068705,-0.402913206547794,-0.271338584917789,-0.293564828573507,0.363373390660957,-0.751560660538558,-1.06529086488729,0.334719337556358,-0.0469675795673886,1.03652659469639,-1.10731987471546,0.14879598175301,0.348579847384112,0.687582229853366,0.0546618652719128,-0.616772685540962,0.0621099292685041,0.554834523838658,-0.773725876456314,-0.215774736079868,0.0383958970825172,0.315328076152918,-0.0594402360444693,-0.711337112464317,0.860948960225189,0.521909654222658,-1.22433015319322,-0.604891568606899,-0.266760778130838,-0.276499343185651,0.688107177974234,0.0895713517933669,0.0197858975736654,0.0223140864902618,-0.0733857031070545,0.849361381418955,0.808403386297201,-0.508263617643164,-0.354662339326424
"C304",-0.0594504593890983,0.239190840983363,0.615011454350649,-0.446007496533997,-0.0295209043787993,0.567694737522008,0.256231583259735,-0.0791891074720104,-0.0867519117059435,1.21176585709107,0.626982485242668,-0.0971309679829456,0.416824985894973,-0.114243806150865,0.376510828198259,1.28361211294256,-0.769511470002329,0.627709341629446,-0.111756142437097,1.21283566765848,-0.105214375769827,0.87987392703799,0.547401866696222,-0.750197777200847,-0.738341014745836,-0.20664209019696,-0.208018695221892,-0.5093183431957,0.149683034876541,-0.393949052085873,-0.25752584665052,-0.777829026964152,-0.08092190471188,0.515520744779185,-0.392089484825272,0.264625093968441,0.845428314199954,0.313427677719599,1.23843870814551,0.477465896323513,-0.180098708897498,0.139710420285137,-0.772914804361922,0.606289155150455,0.131892798559458,-0.272460486519535,0.184949805664696,-0.544276231008502,1.07024988220055,-0.0550242302823099
"C305",0.799364325469094,0.39103212020552,-0.499455336711058,-1.24111418923513,0.314601132080679,0.284547828992572,0.0861314007330717,0.0493393580218563,0.408727880500103,-0.234348869652711,-0.00747352334257825,0.926083381718079,-0.872206344728382,0.0100946694279248,0.426152959397942,-0.0844278602892177,0.0489889930276739,0.0637810376870689,-0.32506636551423,0.0493565923667357,1.49380479346541,-0.164960748188297,0.244910503899972,-0.705029030723868,-0.552305505563146,0.182083450256981,0.0682151348380988,-0.262668345710059,-0.0945970049330838,0.167123412902535,1.1694425679663,0.210670806127949,0.335287061856367,-0.534260834243047,0.829731433271169,0.125560726300095,-0.546678363076603,0.41090631538491,-0.883028113876412,-0.408394499134945,0.157990603008456,0.0134383221428676,-0.126174803683843,-0.475185042022304,-0.0392447613656229,0.20270409500855,0.504531661925993,-0.644420810937904,-1.00949692289667,0.0216821787125987
"C306",-0.0638061591644613,0.113199240166183,0.685253482628219,-0.505045327282846,-0.609756587375181,-0.782613768703214,-0.22107364710217,-0.0759067876933637,-0.593444423220679,-0.526487491695967,-1.08551116885545,-0.487903836197451,0.614588764375203,-0.121733484353817,1.33430494068012,-0.717267188788427,-0.961693477170107,-0.0476112064489443,1.20175787113229,0.599832007111104,-0.846960850588495,0.301784979869121,-1.77440132245138,0.0297372423488749,0.0958920895542212,-1.92392581658739,-1.06159911130705,0.306181397968755,0.789285185603895,-1.14386072410381,0.232905041193689,-0.199673938355107,-1.32551350060567,0.559028647360823,0.904022214466357,-0.199137981546498,0.0157667784255976,-0.272989618921073,0.212747778962979,0.405624766482111,-0.834658231041146,1.71168900117637,0.489650164029105,-0.531412272099965,0.0157647777987516,-1.13767279119485,0.976754682061723,-0.499070239560555,-0.602569969040541,0.126364752253877
"C307",0.131298712873644,0.921786199065213,-0.451930394812656,0.0435977574972121,0.0438559325344472,0.309269495167781,-0.538866373041259,0.692916036912245,-0.659968740974608,-0.711923440624186,-0.616696019190716,0.314314650790909,-0.167268897876763,1.3504091415999,0.425916165067257,0.261821245191653,0.153878938029399,-0.219739398930038,0.666180878710809,-0.186106795836513,0.0449811361567419,-0.627805115664438,0.664609776883263,0.581271321309526,0.600223671055683,0.719860294120108,-0.596473812066576,0.349397804398683,0.303637161424088,-0.129008048573236,0.620806900201827,-0.497383535087511,0.726629974832548,0.480903015104195,0.868259509913219,-0.142243470027474,-0.660196515406645,0.293345476856937,0.330251924278648,0.388479425292513,0.627850332365179,0.016844081745015,-0.153716735583742,0.266070205982494,-0.407457316492223,-0.603565506797356,0.139848052810632,0.512865399046999,-0.353851974438186,1.25256783038428
"C308",0.619141266600853,0.435865857066887,0.0116217552873402,0.635199650399128,-1.14736076294169,0.801242783714849,0.11669047359672,-1.31284219680179,0.155554235509819,0.863922407571832,0.70424315001721,0.223730176607006,-0.159290975872586,-1.64317434134682,-0.0552793906195414,-0.0768577922031935,-0.0413017360709733,-0.974015805308674,0.42182506856429,1.01846900092814,-0.243683926945992,0.02744566620835,-0.350863832013291,-0.165469990599645,-0.191869102734287,-0.0650450129246742,-0.831471528676481,-0.588266534269133,-0.444312829676866,0.328560117816718,-0.507599552674857,0.0814791388436468,-0.507689765146522,0.788952611939511,-0.0022299332071222,0.226531257634412,-0.839560285645391,0.939065274853745,0.5774720559851,-0.336512225083914,0.0985059709126635,0.542967583912666,0.300179863234588,0.152566687386519,0.519840400405857,1.64184840682024,0.359118476663207,-0.989186574019776,1.42989459499853,-0.578243831212724
"C309",0.238227341745692,-0.0343277109541299,0.513037736681634,-0.728950466731896,-0.549388010762976,0.122364324013383,0.497371671328974,-1.66091550841743,0.229878437261104,0.107692752946001,0.496541300682841,0.528757298936321,0.30772043774035,-0.640401386960557,1.51987270772411,-0.754878323934798,0.120615838227812,0.291267202306925,0.0345159418269674,-0.0787913209203209,1.14221900459816,-0.105587837049915,0.551640473625567,-0.351129875414409,0.44291383167814,-0.329475747335654,-0.637811739014704,0.429250240949701,-0.819259027305101,0.640829033178892,0.946157057085377,0.369362684656989,-0.425053151862112,-1.45790605942687,0.554888063317775,-0.942802195085393,-0.796231397070682,1.1028042592734,0.184554979699202,-0.698850032416555,0.155990769831444,0.451678853978594,0.128213182650759,-0.327225090530538,0.426267632695029,-1.39834867794619,-0.0724183211321179,0.186838947115023,0.581800593938725,-0.826631168880005
"C310",-1.04503817720958,0.147459624630807,0.322092773905281,-0.093092834899467,0.555832723548195,1.44561206862932,0.91404666925309,0.260741308958992,-0.28648012250604,0.799277149113808,-0.222459149367722,-0.374287698571807,-0.503949539951365,-0.935465200284884,0.831981683770524,0.171875789919507,0.0318316875571034,-0.05861848262546,-0.060057292843201,0.80190113680725,-0.728266901401011,-0.285830098465825,-0.0552527477391481,-0.906424130762202,-0.0872664008128517,1.4171290024816,-0.124642206124409,-0.270297319433779,0.689213188703668,-0.287013684262217,-0.145461752488069,-0.148626017812975,0.310909886810089,1.39702332018131,-0.644893137588547,0.930729203457169,0.472287223972839,0.811240977077899,0.374690419757159,-0.322552011544086,-0.799505692139877,-0.353811674991673,-0.679759835500978,-0.671330482309641,-1.12160234782823,0.997574345410281,0.0633675789428015,0.461091480352539,-0.223226410151059,0.0717474685293636
"C311",-0.840638836792808,-1.61339454095844,-1.01683926508341,0.064486411408323,0.826638760325608,-0.631989720413326,-0.76939660280285,-0.0824293181978591,0.812475372781495,-1.68822982587555,-0.381555135973235,-0.205140971333905,0.06478639498369,0.111135325643283,1.07642217535267,-0.477300888634887,-0.180625635105118,0.109666109464093,-0.411771924504937,-0.185205199837641,1.33675270910035,-1.30909384695115,-0.0850247122149622,-0.0122456536315701,-0.098200653599283,-1.12109805384151,-0.894910236484253,0.530330562903625,0.616859303906228,1.1448067148399,0.0529209669178169,-0.347846137259144,0.732026568848036,-1.07458448523823,0.019877310142925,-1.06613340557532,-0.480976912692272,-0.542664568646115,-0.663423242437833,-0.0118277488286741,1.07222292449533,1.43000985175225,-0.297324632526045,-0.362085283186637,0.613758337022218,-0.00711185363079433,-0.389944627138304,0.196303368094911,-1.08211675798813,-1.0201416067787
"C312",-0.558237160634382,-0.178113499334529,-0.391888124118366,-0.0510314889246503,-0.0087843003007628,0.169193965968711,-0.251461508918989,0.611552337335824,0.14155571725759,0.0841485500440378,0.224368052244143,-0.171127951768188,-0.597083486589915,-0.725918305451232,0.19919521828305,0.305653580371233,0.680775311960639,-2.02062912550888,0.178593163493505,0.00382900593636252,0.229931885604558,0.328347442207669,0.0721487624997096,-0.281034250486163,0.473795972614266,1.71131099595625,-0.092225351624067,0.565586448093896,0.535458641227323,0.576829458860389,-0.155316911733127,0.609681406483526,0.0392124402008055,-0.127547650752418,1.01768039213369,-0.230686804718534,-0.531185819651997,0.316587250561267,0.470542582141994,-0.585732229182545,0.213963056263569,-0.458949077963336,-0.507885013373764,-0.763037381200201,1.02513093061162,1.28312448616033,-0.154919263677068,1.07995983438101,-0.0546371469019936,-0.911064440304861
"C313",0.158158637582648,0.0697746939925954,-0.784289028788777,-0.587100224204638,-1.17363870817397,0.510227452564649,0.596766025527721,0.563308888500306,-0.526584523655459,0.149239551326576,0.250030222440602,-0.193499478741636,1.06081590329271,-0.0915774960873239,0.801845398405866,-0.534335364483023,0.51464847494375,-0.760568024031313,0.0103331167940453,1.49521390410254,0.144122271650182,-1.28811432130413,-0.0616863904962863,-0.755162841200885,-0.291142450820484,-0.458876602486336,-1.31506027203741,0.914310737179032,0.693964422584532,-1.1846032233636,0.352562969128,-1.46874444701189,-0.578143139343866,-0.280518059065493,-0.406324054541641,2.17502577402867,0.577501530258006,-1.10365637576112,-1.08062510246359,-0.0882482688388708,-0.672866981445393,1.06575241788421,0.116409853871953,-0.567209382986789,-0.104919880922197,0.30740362803813,-0.402572437863458,-0.690707058838118,0.184743194288904,0.489934321353562
"C314",-0.00196748035437577,-0.400527018703799,0.169262904488813,1.30400468343537,-0.158720083069291,1.0574622019055,-1.89596873228738,-0.346558529684995,-0.332484647021967,-0.684052728024663,-0.315012710590701,-0.304689162883508,-0.60684920567136,0.547574436661309,-0.188525656080593,-0.989130130539857,-0.544769371254597,0.446871296435515,0.565395301333127,-0.369486730169612,0.368330451114843,-0.424608711727311,0.613677821469929,-0.187047360403496,0.421968874048514,1.30348177763215,-1.26239814478643,1.23802121411554,-0.428918214550648,-1.26403081889636,0.850074992245638,0.140145342374161,-0.193931778639882,-1.24214421723597,0.178693010419406,-0.240141021815372,0.458872144203461,-0.329733632457275,-0.444749210861279,-0.579937337035693,-0.236921739363111,0.466623978783464,-0.521671500376543,-0.346808940792509,-0.313592304808751,0.271455880871184,0.489891181663287,-0.0620120513468214,-1.20660173011705,-0.274738875371652
"C315",-0.677907815218115,0.663602258595559,-0.53299723074045,0.780933404069966,-0.518202114436652,0.660840738825417,-0.980090741156576,-0.517494293480002,0.310618714586656,0.698063101694898,1.62204725872894,0.0976158414816911,0.509816306497821,-0.61208774403715,-0.824839924488873,0.627451532734958,-1.52156674474791,0.659956017719671,0.158676047137804,-0.168925592744166,0.207579659005243,-0.332114897037268,0.279442544634646,0.0890436613130148,-1.2103959887924,0.944372498887974,0.520707710619362,1.07452824835789,1.36534303589156,0.815554492389373,0.405812612226729,-0.22354966625267,0.24505294719596,-0.294233985799937,-0.29605387094859,0.530988892908881,0.83385026954562,-0.0257836103610552,0.685708956627854,0.0576714424199689,-0.469912833614081,1.07096959576143,-0.921018194785911,0.675348454320897,-0.381411737869574,0.877387052387131,0.0675796246385651,0.439428444148832,0.371383814084004,-0.386442012945872
"C316",0.497588008269537,-0.580767555390945,0.835026633039538,0.697617870670131,-0.017173551667037,-0.825372956567388,0.53997238537058,-1.0821816356575,0.951681501976735,0.394782336672538,0.592416465358754,-1.01552409569091,-0.22012627259539,-1.09296848266736,-0.257294956389242,1.07768785281348,0.750355609823862,0.21922567649682,-0.654566758410014,0.337275814226202,-1.35170555586397,-0.208023098051712,-1.17833242725142,-0.0840500314490555,-0.290730833390962,-0.867009142404781,0.5675368919172,0.63434424966415,1.03369347301121,0.207063135429762,-0.0398459252158073,-0.134620620813508,-0.44082190704407,0.603115405993009,-0.224791522585025,0.0161047709171976,-0.646727926604663,0.467009699724204,-1.00843688686606,0.224671335207114,0.623659080133529,0.0495491563085378,1.36105227679256,-0.52161221003543,-0.215569554565975,-0.389349244463714,0.109027196733078,0.727858360980921,-0.000962686154076714,0.306183841073
"C317",-0.313978348439562,-0.601886597620494,0.518876093866521,-0.249716562569017,0.320219756808501,0.040729492077254,0.499082083205979,0.0603950600958807,-0.374853328877967,-0.559548154529768,0.187874878484886,-0.135110582479008,0.883816587917831,0.213416437873236,0.155850852940153,-0.901993322217845,0.0876930756516466,0.80146171984868,-0.32014402541995,-0.421687880326867,-0.66596910340444,0.893217813274952,-0.186383096403746,0.995633845826481,0.43733288197172,0.0372737352836423,0.431923494785351,0.722929592133975,0.46325110350602,-1.20431736019715,-0.509237459581053,0.438048318175713,0.153941627075746,0.230574174153904,-0.198438014225808,0.00685709654026742,-0.198255982151103,-0.266886511048594,-0.614509968381114,0.433705496908073,-0.311596615397319,-0.04354738590604,-0.995320794578037,0.453252023940077,-0.341447080156789,0.454423087614831,0.583921885532414,-0.0720002560214831,-0.460770365398535,0.345043083586945
"C318",1.25882673661715,0.631567099672746,0.358400056954011,0.606235108769441,0.607145891632802,0.0879061771204235,0.724954277549586,1.35447555918074,-0.756406522621735,1.1511517573151,0.652008018230478,0.385022291984999,0.197917911255437,-1.08985858916634,-0.707459211160266,0.357416980027543,-0.0679503025226674,0.815137273281547,0.449423190850208,-0.784359363165119,-0.530508499043098,0.569525390399798,-0.329663703821291,0.355379389761924,-1.22096116867685,-1.15947254644118,0.332171300187218,0.152000197905638,-0.718021494704292,0.616361256283828,0.797657765648608,-0.197350868317447,1.30122848488189,0.229144535113134,-0.606848231799905,-0.99247749552904,0.421332286035804,-0.839104972175189,-0.978707295669069,-0.770061205262231,0.089294632586482,-0.620688670379913,-0.402094561691561,0.421713719337045,0.158077244510589,-0.217453572486224,0.185430614514418,0.34820232773501,-0.293874569113286,0.00400347565820498
"C319",-0.634998165154664,-0.788934369660101,-0.213362227724344,-0.0459698889207028,-0.619778642084911,0.0208471586578292,0.733137834133282,-0.455752740615984,0.555834557723469,0.567178482686342,0.0535847618475378,-0.356769793965692,0.893097451511674,-1.25033090449331,0.424074369851086,-0.648214765417801,0.198804987658202,0.282886432889913,0.775879039365452,0.260381746188132,-0.53804225439537,0.517837418662447,0.216829346604639,-0.402771508781043,0.0458305755041387,-0.216657670659383,-0.247208932919287,-0.221766419297924,-0.677988464639396,0.479310118065434,0.0485943082201388,0.136580219147207,-0.318903685541932,0.0439559093548154,-0.867644095376394,-0.518934076899925,-0.350356636812906,0.85273276941859,0.380581144045624,-0.129916514124258,0.532609122597655,-0.540639959523337,-0.00210407415295139,-0.0487438861837319,-0.598588337478891,-0.547720308063211,-0.254401356897068,-0.0516096196717993,-0.264994454862507,-0.269829967690857
"C320",-0.19826721520586,-0.721881618598512,0.575043173431129,0.573228453009221,0.117328872135399,-0.399571836880614,0.77961927370584,-0.770385599156943,-0.861891171107296,-0.547476175255154,0.500397510470104,0.86648199654794,0.0812120997095785,0.263892117508533,0.79039553199495,0.266095639363947,0.997144769817057,0.0855535419060726,-0.420536931174152,0.405316305709309,-1.29575249075277,-0.189904288639252,-0.0453800152469656,0.650594115635987,0.603626500929051,-0.664887065726008,-0.550861042264566,-0.375363995952368,-0.196268157199838,-1.28076519234066,0.0162304744189831,0.4620433679254,-0.379034766269364,-0.458772661876587,0.228399600772693,-0.131005485922863,0.467527640840616,0.308822768880229,0.21338733508411,1.35352506382184,-0.653101230337362,0.589122995916896,0.615871460405768,0.415020631545809,-1.22845193000101,0.545532690523932,-0.439551639554259,0.261104933846513,-0.688212944523888,1.16645440444293
"C321",0.256627545450344,1.03187071756623,-0.132020291685653,1.23476799721921,-0.112935890381939,0.0389272892896886,-0.15505881099847,-0.486806554133186,-0.32611909234126,-0.486028125167552,0.501415076784289,-0.174937701898555,0.271600903294766,-0.516848304201416,0.0347971371685777,-0.238710954419548,-0.525270964077077,-0.043020890224651,0.647317211148354,0.217615782093304,0.236967721810664,-1.1144584633573,0.449181494111646,0.00302907212305123,-0.106365112721576,-0.710247051568802,-0.223210715778734,0.70215116591258,-0.756776512927098,-0.151121703537957,-0.0588462050884126,0.0436922968926751,-0.217224368626838,-0.779689824940706,-0.658295848368243,1.46258745257072,0.90239973861229,0.910941168425435,-0.564148361282269,0.123760933989208,-0.285735864139917,0.544464105733434,0.272275242017018,-0.597509779090799,-0.328370150164106,-0.661411030418146,-0.606717736182181,-0.209450591829699,-0.152609720399652,0.337081410823132
"C322",-0.0314437128755257,-0.704076337429018,-0.755102765394732,1.12154516244268,-0.0938700139216309,1.35388697116778,-0.511894421889426,-0.0593143166544249,-0.00355330894389823,-0.137079153973692,-0.374043261615786,-0.0320898355195382,-0.0280114948601815,0.216176591913072,0.982242700664852,-1.06888754923556,-0.868516070328238,-0.0536015260123246,0.351740675829054,-0.61825907902202,1.34679536150983,-0.856160802498381,-0.625398424304084,0.49170726314849,-0.340378426949592,1.26043727769002,-1.01897719226979,0.960145037604758,0.664068445236135,0.936120822039547,0.875548997172479,1.38222828583765,-0.331865576606651,-0.892807580377229,-0.18505916066681,0.547436355737197,0.0891377271376486,0.755029691245568,-0.199453243341681,-1.19659614226535,0.0723923121747974,-0.900589712503869,-0.413386647494842,-0.831415527550289,0.886774693553517,-0.133744161079523,0.401890098568668,-0.97701465475358,-0.059878703295842,-0.489122189677448
"C323",-0.329309094956091,-0.201241271637545,0.623770197226255,0.51511598906008,0.071705763778633,1.17217121514933,-1.20873687291493,-0.99112253743867,0.234858932273059,0.128353657763381,-0.0521365536362124,-0.864279526273095,0.610100148033448,-0.586880345360537,-0.357155920570343,-0.0939658418383747,-0.290832207344026,-0.171254775307589,0.512616917602775,0.467538752432028,0.140173914999212,0.435883193551645,0.181403100309736,-0.138142818069005,-1.29146607692015,-0.21872476932779,0.0132876376522899,1.20638718069994,0.52585444811102,-0.200882931588955,-0.160156725426574,-0.887990749731455,0.14717274529724,-0.0380635686087218,-0.800989536440034,-0.476192209311062,-0.691845910013993,-0.246681250823437,-0.0934794233008658,-0.937285518582041,0.22554008448681,-0.703776477229666,-1.33958192762004,-0.0914622035056645,0.289016972400625,0.292507173320827,-0.706256243394031,-1.06662885646859,0.382947335350445,0.260359432319493
"C324",0.22467334655138,-0.397052639276482,-1.01313311625837,-0.320936567540439,0.850039991350589,-1.21445228738606,-1.35901672158356,0.328854588158304,-0.633537550800566,-1.96202984525896,-0.604104580194372,0.420931804390703,-0.66861059168373,0.136280178693762,-0.0449316835720974,-0.549835507334348,-0.858230410104987,0.163482564267443,0.821504956112651,-0.730935859401315,0.770753538135694,-1.73532096428885,-0.0625597721025637,-0.428686098563662,0.380194679152941,0.856877635560735,-0.466412980689819,0.269598255554296,1.57692046980715,-0.258602008280557,0.114009577721661,-0.534637386892905,-0.489923468183194,-0.857388661248844,1.4948780288129,-1.15544883906652,-1.18171356613477,-1.62523171580255,-0.145252139352891,0.0552922692806236,1.0424762886322,-0.667012938451909,-0.200008583622067,0.248108576363629,0.135271870280926,0.768013703589605,-1.07861188633559,-0.402981876257433,0.0398228698893816,1.29634274839093
"C325",-0.350426334884786,-0.522977326851917,1.47202475265458,-0.148685560318025,-0.111600974438047,0.834924496352204,0.587725758067415,0.37786345468084,0.249320226137261,0.768498315746319,0.949785939147585,-0.151060964460166,0.787444402239144,-0.841003023977279,0.0126907113971231,-0.26315634815186,0.0526753836009174,-0.678074136441449,-0.519853821874794,0.615376672183843,0.845847126274804,0.273907618447909,-0.269575815176976,-0.161077538149836,-0.939734608950387,-0.636382392135987,0.516514427163409,-0.910195015739257,-0.418770324826382,-0.613367224963571,0.0504858219266441,0.0255064264922308,0.777415954834304,-0.771167823699087,-1.14431820499572,0.0439534523298194,0.928801890539507,0.38362856194058,-0.0868288972637746,-0.6948860549617,-0.381873897254087,0.366614465535005,-0.505096664967366,-0.624760408602767,-0.295689477332778,1.35580707482099,0.368620651847177,-0.461984562233654,-0.715804956706325,-0.418465437832405
"C326",0.243095855031689,0.121546794461996,-0.223114686991555,0.149556259764031,0.39158669314187,-0.366414565835918,1.64548884747208,0.811307015314652,1.36031232214753,-0.184758618685501,0.47461720899726,-0.0735267950860157,1.19012108129386,-0.300483062424647,-0.0254961991455691,0.0300789314398355,-0.0398984691381738,-0.114330949040179,0.316269506770911,0.791238489039386,-1.78364771561405,0.868320208733108,-0.518875620386969,0.308225277233666,0.354388405514493,-0.051057591047815,-0.130189396505411,-0.717866069645808,-1.31582534392965,-1.07700636653975,-0.447247025159609,0.898955077278142,0.287700443045924,0.991828634422737,0.249328524476521,0.192420589060879,0.605032165512747,0.287839315543634,-0.807549783936416,1.47445448610632,-0.923776885551448,0.806408991072407,-0.147639687337075,-1.36291113596456,-0.850912376675169,-1.1596294409298,1.01305425567241,0.670874828878934,-0.33437112596269,0.557657225560643
"C327",0.403364663866663,0.0759313682571583,-0.767421638266565,0.822312488767468,-0.15054522175036,-0.150549364652436,-0.200758937458166,-0.501990795923015,-0.0868139395628057,-1.02303666227406,-0.469656845549363,-0.437365910319963,1.44167761045435,0.522938391624917,0.789094366282413,-0.829215346856843,-0.540567892477701,-0.502140770176726,-0.61846236972371,-0.0336071414522289,-0.235429335843393,-1.54675593067684,-0.445025317104139,-0.575639534325356,0.285494345515253,-1.38161486947476,-1.18446328895924,1.31895777725289,0.00529379091412195,-0.467398244715197,0.127079194675457,1.08955394562386,-1.27465715434409,0.189562461075289,-0.459624530381038,0.547581437072861,0.197991454368005,-0.55699477247077,0.0901050580989873,1.21033303664573,0.0779215040165241,0.475780306410284,0.165008479443392,-0.179250674105202,-0.545619958634996,-0.0991955212921468,0.107608636999676,-0.131374888369693,0.704842608900544,0.650646161034754
"C328",-0.50563361760479,0.016099391037386,-0.326854519866752,0.489275029100316,0.749877450974477,1.13718565138946,-0.307860389881123,-0.349001440720982,-0.957545156262738,-0.520252822489923,-0.591719617532573,0.43508073190777,-0.0913223576311678,1.38113593990104,0.636436022658241,0.337165969667786,-0.918169286492013,0.0143690526777679,-0.15510016344154,0.214103802507469,-0.0728553982609959,-0.861205297374851,0.771617615955859,0.240751334286609,0.96538197891155,-0.260591684873,-0.274965711091138,-0.214709597759471,0.35281050141465,-1.09732867587765,0.383305898959639,0.829532291463403,0.487967051666971,-0.181241689779333,0.292582876800282,1.59734073381754,0.409229743104889,0.346759168336898,-0.554943332159901,0.209381175935669,-0.855428542897399,0.522552146154051,-1.60946379585714,-0.574117927365242,-0.898181596318575,-0.662987180932782,-0.243271276701082,0.0235583610928142,-0.189635815390164,0.251669620838563
"C329",-1.11892968013344,0.148193237389402,-0.0407377395048419,-0.0274781218199041,0.2989024899336,-0.544770241347074,0.267681019084445,0.704266819164963,0.821705152285325,-0.0128399490641082,-0.894056574708471,-0.997612473157612,-0.830841161563043,0.613149155395437,1.04989303614299,0.184817307025508,-0.624231309074297,0.177606956680558,-0.174968119320246,0.763914187059947,0.322976960801018,-0.0850881195720445,0.632324502045376,1.21813440971621,0.678064065286742,-0.396527376628073,0.199711894517692,-0.691950290714202,0.363900609798189,0.774030745387562,-1.34250520323703,-0.253720723745622,0.603521091620138,-0.239561400783972,1.73131349596938,-0.490901745214766,-1.65059769302022,-0.839453927510929,-0.12560748573454,0.801802867164081,0.368172752453681,0.5833353031449,-0.428316777731833,0.46142017661109,0.424715540421899,-0.767173141338225,-0.662662890942283,0.883034998247561,-0.50126202691397,-0.308193151880634
"C330",-0.697436418921723,0.750059103075348,-0.943939434345159,-0.186604013859734,0.520332206373432,0.329642980376438,-1.34538532006952,-0.130187480859787,0.196689296459948,-1.77740007297683,-0.693968156856606,-0.241796560155757,-1.76306899494173,0.0678499140093752,0.597469879117972,0.225677345220079,0.421590470514028,0.686873302551788,0.363508794622252,-0.464770605192638,-0.452099206557846,-0.496173794976837,0.445761726868554,-0.218336456255434,0.502798029418859,-0.98200964427648,0.360290838503506,0.142178025248925,0.0725394594203869,-0.792601669890748,-0.370116237674759,0.798163840970699,-0.343568797221512,-0.965480210345181,0.828390887837776,-0.333176137070039,0.0781519483045937,-0.655172321282996,-0.725202248121154,-0.209420893847911,-1.11773028606838,-0.373881235385333,-0.291255093342289,-0.113277718257638,-0.201349731722425,-0.443485306848133,1.98048839810076,0.389574611169573,-0.78481860858942,0.79247302522772
"C331",1.00224589326364,0.136554204761469,0.102555523351797,-0.107479779560859,-0.497443415511446,0.274748851888931,0.332917860163954,-1.41654335911807,-0.174438897575452,1.72628531254087,0.819586357020239,-0.423194965640949,-0.743459947015306,-0.430261652732626,-0.936543645650523,-0.576890553788467,0.873753698823488,-0.948351823014063,0.467804826321826,-0.0321389461265887,-0.446148157741839,0.0433704202898509,-0.355493433254367,-0.20049874660479,-1.20604655243248,0.275960439895198,-0.235368827186033,-0.406269785516745,1.16995447451684,-0.764851457346216,1.04502480577744,-0.618325186265659,0.0233881289890501,0.252887567243113,-1.55002852709868,0.183371980466078,0.691736951375296,1.41928417288593,-0.113594726311404,0.113978864878897,0.338490133165714,-1.16432685788904,-0.1864390971967,-1.00105496973861,0.893029153629259,1.04399655796946,0.185422497573159,-0.50319800641873,-0.613509297482958,0.281534199339948
"C332",1.06537283727294,-0.0239518278895653,-1.58969055036536,1.2774005304169,0.387408197241449,0.526001868547366,0.674112093312742,0.769403166794441,0.29777531583983,0.0593995871354545,-1.61037647886189,0.644872453484668,-0.233063319510276,-0.373066413541304,-0.866156910383572,-0.0812388583959252,0.41102689756717,0.0104408267510028,-0.0892086965146803,0.0816352371957487,-1.41800866295141,1.18952942789624,-0.0394554215235391,0.089011788108591,-0.313221316045886,0.10623138353118,1.06623601197822,-0.380282396418844,-0.228372887012281,0.74842323880696,-0.903872345110583,0.224953408054989,-0.315625660456058,0.000228017328630398,-0.500628546332089,-1.64271809205482,-0.470402712667021,0.965415049864366,-0.366036543498702,0.466171691179879,-0.653021685178507,-0.0297845802195013,0.0513630444326712,-0.824824726557878,-0.198052879642714,0.250739581062681,0.640769279316658,1.38219551685843,0.979388357328808,-0.786127989889598
"C333",-0.116509354518393,0.437310259194608,-0.421537424950987,-0.104552953985867,0.0564762004447723,-0.645305624881747,-0.508835651176247,-1.08151876057697,-0.068190897445169,0.094619210606126,-0.317627474983753,-1.34916759025593,0.974776167201784,0.000760989659371136,0.492588865317618,0.150263517898955,0.206057436485852,-0.164856006690812,-0.0972997162815152,0.509337025117785,-0.607862107066445,0.559490964315148,-0.186403731191553,0.700043598711067,-0.27690707422182,-0.0678197307574092,0.131895890744668,-0.678373007694026,0.645652339171596,-0.39309709446022,-0.0850082713178747,-0.501040395875446,0.749172790830409,-0.769665475937913,-0.895949236926665,-1.30961526325115,0.390401063128803,0.051457381008679,-0.0474314188862763,-0.939531557822033,-0.67905170879892,0.631403329037441,0.115413377652998,-0.409879851057059,-0.470749768863702,-0.0915920686158626,0.128858294089663,-1.12048237389239,0.271967483216939,0.553775932830705
"C334",-0.382945948435054,-1.18066953030438,0.867706455609938,0.413176879554104,0.712209346782933,-0.308947530318493,-1.14532100286163,-0.136132947501176,-0.552923565871838,-0.675024763515416,-0.74791312407979,0.293079652515843,0.156399275843383,0.0559327395255509,1.62171509790484,-0.417846891886078,0.186472093536604,-1.07884326041277,-0.429415153913038,-0.121684256455572,0.0408016229891262,-0.0402273773274222,-0.897097400120955,-0.07067084527743,-0.210994618535377,0.580745509895822,-0.920909635957665,0.806508022182468,0.326486061524864,-0.451809045461843,0.480365893079323,-0.0906131002915741,0.837840189781241,0.482694566840553,-0.381673351275662,-0.214478898524397,0.40511319158163,0.0530018295373222,0.371276511652526,0.0552086441056518,0.378362465524221,0.288683352813508,-0.387487168099873,-0.712886589956573,1.38838539178624,0.81206899572886,-0.0875745523124887,-0.302470619106006,-0.0988150256786419,-0.42258040861128
"C335",0.15072244967528,0.86666087405726,-0.329446050523424,-0.687428633310136,0.736838097196159,-0.684045804553963,0.371666140843066,0.427393596624222,-0.0934735450726276,0.230408738352922,0.689090992146587,1.01701427097054,-0.339983002285127,0.61424838650419,-0.527271543658446,-0.327562347804569,-0.334662061117773,-0.301568122537721,0.843484919876939,-0.680530774377643,0.0742660151431541,-0.0515611997660822,0.213971929598423,-0.174223677811034,-0.68681686105819,1.59413807912012,1.10782114236488,-0.651537423882115,0.308443552797668,-0.209516719728609,0.604819292785817,0.62169016475487,-0.4036169418017,0.0974675712503224,-0.279687030982231,0.599536384962279,-0.153043974032665,0.503477596794288,-0.0872055463596864,0.0671638388836586,1.05964672141067,-1.26416831252266,0.189958316301893,-0.60072186790024,-0.387587417996231,-0.00187037126260767,-0.619163908908447,0.210027956762601,0.109407495444273,0.534526188415362
"C336",0.441042121685462,-0.813039320656513,0.96428082782498,1.02597110122676,0.507252894844204,0.541374383237281,0.623028991076419,-0.0184815055970333,0.131232535513973,0.254437556933731,-0.066153287491649,0.948844224467371,-0.486027006490801,-0.0980118028465397,-0.287352832145649,0.243591720747095,-0.608530155007111,0.264292555774735,0.999413394994162,-0.0622666461969591,-0.411399977561326,1.73508705890069,0.472288738643103,0.288206825170613,-1.00641607858123,0.991464137957086,0.965242333015895,-0.0527424734368874,0.236619333049799,-0.039463792376415,-0.227796986318433,1.09538475249447,-0.867363467909967,0.25172455169099,-0.615468566469845,-0.765400053906085,-0.641290328746983,0.557953681640407,-0.0310775639995873,0.345828008100517,0.468904244495263,-1.46748070457469,-1.07615410162138,-0.0894184654443048,-0.154278245289334,0.229520519265602,0.0717680298247685,0.0521143579069593,0.107874058688946,-0.542773966206802
"C337",0.14306313981514,-0.565511557299969,-0.0122510430815141,-0.119311837831076,0.0660806133060801,0.667502224282307,-0.108859833894636,0.363135851604692,0.37855723587352,-0.094520276050218,-0.470959620227152,-0.412261612044467,-0.451260907558653,0.595129788549961,0.967557543485978,-0.911981387313536,0.960976864486414,0.205736550642496,-0.565038886743403,0.2662170218096,0.858162087825252,-0.210083135651673,-1.04185010291187,-0.462726819362792,-0.258898911033808,0.219609348133157,-0.897072670633496,0.475975066178038,-0.389962094889673,0.37027443808119,-0.696014212543345,0.423815604617304,0.0997271269101996,0.314975117154581,0.0468555241616184,0.0452896065127233,-0.192036308591862,-0.229586330793402,-0.684573264856254,0.224024693955951,-0.227350035640091,0.476286468826563,-0.803540920823061,1.10271203894541,0.0729315601286216,0.0638729934572375,0.992393904062015,0.197180653004276,0.286119788603412,-0.458702500618677
"C338",-0.0907471443995492,-0.217078403358352,0.719252165767276,-0.618408524085973,-0.408370268162925,0.367724930521521,0.626650398432836,-0.212091838342767,1.00451345813224,-0.47158020705199,-0.635963602871429,-0.66575178720587,1.44984652786854,0.261502816494717,-0.28917601353548,0.0246870445022439,-1.11504704756832,0.580877300640553,-0.127476512609502,0.732622658912351,0.0603168158162238,1.21356532656241,1.14704486667081,-0.419910066239154,0.271066827293602,0.878847517276972,0.126573552275406,-0.0577450120059064,-0.524514387608866,0.0855172341505835,0.188480015655125,-0.56889158025746,1.42720439970753,-0.432314788351732,-0.420638991258135,-1.8154226223276,0.553021959705941,-0.330343642225408,-0.217577798867691,1.15925615349079,0.644059500304282,0.0190455237313635,0.198764258472065,1.07308710723458,0.2677050771401,0.438002188427949,-0.343258128576644,0.0979147155223413,1.13508298538554,-0.34952728292956
"C339",1.03010990663555,-0.662867344170334,0.258066399520505,0.560891767763909,0.26266629678714,-0.543262781938186,0.49515398306663,0.189766095982573,-0.340179075202005,1.26544284614202,0.300405465127258,-0.669996069986996,-0.118172759289231,0.77665705112664,-0.9060352774047,0.46048746530785,0.530848077854508,-1.13881702571656,-0.194759926850919,-0.880340744361581,0.358041717765021,0.258670627994851,1.04657113919552,-0.135376241007386,0.236293309402332,-0.278684671379354,-0.025239856047546,-0.980092876022653,-0.569014766841978,-0.132925895954143,-0.438888113037721,0.244252123646746,-0.367397680619109,1.24972440840559,0.803214335654837,0.354094786326471,-0.385508016048377,-0.610479127629372,-0.199690315060971,-0.235769988678522,-0.563798974458113,-0.386720423726437,0.0628614512849425,-1.36823383586433,0.477299566217593,-0.0425901257528955,-0.141772030539476,-0.085067798342253,0.12343737298019,-0.283222212017831
"C340",-0.633769698554582,-0.0236532598257544,-0.0985949994344629,-1.18900558877727,-0.578130186878253,1.16742864982863,-0.135222170912623,-0.226823382290025,0.513790081281404,0.672286173562182,0.840029256288794,-0.842358173959512,0.711396628921912,0.437240670449141,-1.25185272037761,-0.0974920107945878,-0.377143550253465,0.169558225265362,0.19988155714913,0.478584320911116,-0.823407353128058,-0.0371910862651462,0.481025662214992,-0.488338055663251,-0.385028797061578,0.487463964888358,0.490952080448227,-0.615650325757782,0.0714696250728861,0.0338394730971533,0.36918294513089,-0.54245039130692,0.300630389159003,0.157714912010089,-0.901009543541033,-0.523141047772657,-0.0727220316702758,0.985675917811638,0.806311174167176,-0.326879283517875,0.819940100560877,-1.37835546911506,0.424764913878713,0.382259072634286,-0.307262371591422,-0.0819887894370221,-0.981090463189045,0.478587172937363,0.482036871267375,-0.91575648635334
"C341",-0.0681087841305307,1.31953387622817,0.612638112113669,-1.1970337566977,-0.798752051807766,-0.136311408293362,0.118399344492881,0.631410641448996,0.256590006008116,1.70073699965647,-0.0291193230158437,-0.223218698464046,0.235195987553635,0.0328396814459374,-1.65628427177535,0.836598687644187,0.762867805876305,-0.372269032166013,1.04424515746447,-1.00035151626085,-2.41053198414611,0.601454964577464,0.636738847407264,-0.331338220434087,-0.269577548063524,0.645723383744633,1.08017875364019,-0.24149335031612,-1.05780030580282,-0.261812181531183,-0.853822361810695,-0.325063785668446,0.0439233374276461,1.7435962658547,-0.102561375619415,0.314784060598879,-0.704999632811661,-0.613622085044381,-0.239856144151106,0.691933021089709,0.779893402146608,-1.28315146142765,-0.378629749284591,0.306571517243616,-1.7372397133241,1.35723911080717,0.12883894431269,-0.0744560215891392,1.32237369352591,0.0595959295017448
"C342",-0.0366339046199339,0.0609549120630934,-0.145282144429896,-0.357434470052065,1.24342003109061,0.95691111774721,0.592763223887611,-1.03630631646418,-0.707997233677032,-0.561113521329097,-0.0825430917438555,1.03367928159882,0.555029779191355,0.488215373590929,0.675166118452027,0.960184818101781,-0.52889030739271,0.170680067065425,0.871848661448703,-0.206388821125288,-0.533392929260166,0.325570118829187,0.459639709893749,-0.764987727033152,0.639880486319869,0.00849287041576668,-0.395473990781159,0.311144542303018,0.0640267191921157,0.830637646464597,-0.355416709047299,0.501134773982603,-0.718317712960577,0.825665717734235,-0.0159029442011706,-0.637577314376907,0.216251131040194,0.196881639293507,-0.387803068115991,0.664978366199518,-0.818194021529424,-0.490985250385158,0.389260327120537,0.0347202801812607,-0.401948459388741,-0.189083962443639,1.03123567486514,-0.596266052233524,0.312009292490783,-0.92607720386368
"C343",0.482990713221556,0.318559689632132,-0.00484075388599431,-0.0706549329174481,-0.19176489358639,-0.305292934111027,0.645949796380798,0.527364050560071,0.112206715332669,-0.729396687144372,0.982284747073985,-0.292753962013469,-0.544221144467999,0.599090304816263,0.457709737395517,0.132732706094761,0.156452257159643,-0.300621926603001,0.332919113610515,-0.588850024881254,0.0526377737333613,-0.245489274938959,0.217156200842143,0.000377316442377437,0.98223840270701,0.198054374630486,-0.979505947086123,0.835846240069366,-0.138888827118158,0.0460861602149973,-0.39067859593265,0.163600206098494,0.453744526876181,0.716185590841491,-0.191613336701979,1.11856434442848,-0.31791257121749,0.496325276538752,-0.628602922955388,0.0803595830320111,-0.720835376356716,0.500553474546938,-0.150993095045102,-0.433509135736258,-0.477916440682864,-0.272252309024974,1.16999342236781,-0.182774412025181,-1.01070157353891,0.285356963242896
"C344",0.343295882747825,0.139678363430156,-0.373196607027317,0.515977913688485,1.30065626429145,-0.991679926688174,-1.76207867222172,-0.254636345924565,0.546319907128917,-0.879063789452116,0.495353378566414,-0.377503877460344,-0.900238878196466,0.606512301572472,0.262118123958397,-0.543137374710474,-0.0666537114017393,0.633696055951721,0.363295342574099,-1.79238297514379,0.877459233208366,-0.375306737250411,0.032950834280531,1.16849036325713,0.0151069499842052,-0.0756745727810095,-0.690348345795388,1.56372118792485,-0.839967285173829,-0.649256430913348,-0.231573493793914,-0.883092303167373,-0.937189446500093,-1.81232596156381,0.89280328660475,0.0362099983023986,-0.91847545102007,-1.41878331889569,-1.10837517005499,0.118651770135836,-0.152469257029229,0.342242974747961,0.0321864623896738,0.417805917697738,0.705232707796975,0.255757567760915,0.410103532314436,0.0421767344284246,-0.912244365280434,-0.758711303198656
"C345",0.196338354198819,0.857027690666813,0.206072836942682,0.635759462613832,-0.613004002866874,0.324099127261262,0.459299773820128,1.11046343438623,0.712857349516542,0.734549015095348,0.993746734238901,-1.54876598819362,-0.170050975394603,-0.733065840504938,-0.353790495036113,0.161348182927328,-0.604036664151039,0.339143396625505,1.28092636432061,0.470231897710292,-0.229408822493331,0.85575793988639,-0.24623351969,-0.782129817784222,-1.204525665739,0.228551562343946,1.16547867662594,-0.564906163136458,1.39236244648116,-0.24688381734023,-0.285376990636001,-0.39131007314444,0.149545682200362,0.188070624224751,-0.711797825076975,0.24724808441484,0.662073455423775,0.389005116503586,-0.613082075061348,-0.533372320521683,1.45261501784802,-0.234173678727448,0.748249152057769,-1.00515360827061,-0.692994527548669,-1.070822705142,-0.173212499965109,-0.363127836353775,0.0087879558485691,-0.471192457099191
"C346",0.432373390067471,-0.452893343620159,-0.157259424284281,0.944433919277645,-0.137625107951948,-0.426862466032896,-0.716699703193117,0.338769600019412,0.740641709479242,-0.652981748140993,-0.435415648766773,-0.0945757622733518,-0.0324360127985567,-0.201002999338527,-1.04101943145115,0.836464885397284,0.146549416718423,-0.26437026945097,0.154395127256213,0.0815946140763051,0.0850493573034604,-0.503655292889088,0.444136480118567,0.189984016242009,0.384449662934177,0.707494645571304,0.699379580851908,1.18490334616625,-0.0144472536420708,-0.0448505566103035,-1.108718546843,-0.766860659691955,-0.965617229638354,-0.583469164421394,0.502141989791171,-0.541264684200629,-1.13012312051649,-0.240965798675253,0.992739651864691,-0.244183643970438,0.760684395997815,-0.464607191600007,0.387459543650855,0.419260347243984,-0.808346010253926,0.0380605762795413,0.11100842380654,0.519349215667717,0.696841412614868,-0.00313267338644862
"C347",0.543118752290124,0.231684455264345,-0.587803951430539,0.396403682953801,-0.8095731779743,-1.22736842951373,0.173247906952755,0.404001354854435,0.701692531384716,-0.966034597997703,-0.275538538638523,-0.427615933482286,-1.19141665231897,-0.404876602856971,0.32606566122445,-0.618721592189393,0.0193320391494567,0.350071463701786,-1.12496564537755,-0.356488945758926,1.34954390158987,-2.01183605525209,0.221654854502735,0.545329289588051,0.71898927342039,0.286035840989587,-1.79550989078035,0.537451580480749,-0.0199696773049132,-0.510533733791887,0.75646609130695,0.45652992489016,-1.54385522132509,-0.727708571925941,1.56501274591162,-0.535204618952979,-1.8098733394942,-1.20076373495875,0.56850958293434,1.36131283542523,0.275559408972745,1.56936347739195,-0.0924799302727376,1.04521929258073,1.08784554919539,1.41417840486811,-0.280492877659989,0.497999747641826,-0.269675142818423,0.558055170450938
"C348",0.390408550025475,-0.141312559877151,-0.954160162904676,0.716929481766304,0.166801771296492,-0.0291686691823746,0.304720600797474,0.840375992996921,-0.449410334262083,-0.620512210918025,-1.42898121106382,0.537538143510526,0.291074366367511,0.554414402378847,-0.587807568470585,-1.04458729461207,0.635615248657873,0.330863558845413,1.16468228574378,0.488620495319193,0.494724188558062,-0.338897312667742,-0.00114558961911727,0.839612092126928,0.887037833252648,-0.775631077030926,0.0904941336882186,0.692680430009861,0.233206582148416,0.953345207930466,-0.311598433189152,-0.74589155874064,0.20839563046689,-1.42534444817232,-0.415577252667146,-1.09829497096282,0.289368325070853,-0.440520112582395,-0.472435052685683,0.317777795260209,-0.123993502132396,-0.25313824389657,-0.308589950533107,-0.0774241753836235,-0.14541634054891,0.33542829697817,-0.316777288339572,0.910331332357653,-0.0930510673249863,-0.982398667121192
"C349",0.265287654414387,0.000887723607649854,0.00366891649894656,1.09784721087108,0.739491159951152,-0.451605622092426,-0.471023709846178,-0.887356047215494,0.17726113207117,0.0307912410403632,0.61333500387204,-0.307380733316364,1.07039566269219,1.20574214795826,0.488942728624084,0.509997151745663,-0.0641342830165995,-0.974907468672472,-0.774949290992538,-0.473902766594685,-0.644385168105218,-0.112759398905884,0.453840186431202,-0.215842751701716,1.03386161209124,0.165413400363293,-0.362803903768204,-1.12295720092775,0.00998194822255596,-0.357312652318104,-0.816855810289093,-0.601620520152633,-0.148461200262528,0.841083241632577,1.0907384116753,0.194644483402347,0.30246228458691,-1.98356709337109,0.332488648501844,0.0447466024291208,-0.317546558114776,1.15913638662035,-0.531403615067018,0.380942673811415,-0.211467854633622,0.636171556838327,0.732204549012994,-0.864274872598563,-0.2114071999862,-0.118909842524322
"C350",0.0710465316053503,0.817952240050094,0.393758432389093,0.611924955583481,-0.418516091446945,0.429762668477175,0.555033457001566,0.125353913890058,0.698691334420014,0.58535172526375,-0.231558641722116,0.406032038872775,0.236118870664513,0.0251030743550146,0.753856227384999,0.464436338501813,-0.924563572282157,0.0137133134035812,0.720340704480952,0.301937279317531,-0.718706093061254,0.174907693210473,-0.606729553567525,0.296594266037799,0.608990360399217,0.524837060090897,-0.496234939892385,-0.66921498421383,-0.127947308343185,-0.240346125637168,-1.03874979184712,0.456276724115773,0.841193906854165,0.940377043743299,-0.58818706032976,-0.605008644982237,-0.378149653493157,1.48241431590369,-0.879379921640217,0.506898383351465,0.489508098211799,1.01767623278682,-0.0448052246766936,-1.38604530861357,0.291075807596843,0.971702577796115,-0.577961021404664,0.775776334549899,1.21529727161882,-0.232271216096336
"C351",-0.554611553548582,0.534567305020403,-0.535961551700848,-0.636506975789596,0.0943889370097403,0.0454850886117935,0.54847963091885,0.362463162952443,0.819539201755189,0.18354135566464,-0.378819475972383,-0.871356373976022,0.333387595895682,-0.808481792897248,-0.835796856150301,0.346695049590305,1.17944965898422,-0.610173514484905,0.155471544948614,-0.0980386446983532,-0.457598057030176,0.28484082139231,0.115430912600687,-0.0189606828594216,-0.900431168545037,-1.03998110545949,1.36346357353584,-1.13417364019816,-0.542355053282949,-0.509836313926554,-0.138968618396446,-0.139393579123911,0.980414110662204,0.157576365318791,-0.700528133614431,-0.0737453378407718,-0.609010176780434,0.602991914815336,-1.24114287665134,0.240589602095757,0.114575764685938,-1.08431632296608,0.323792854456035,0.080750240161294,0.459344948022995,-0.732433534260963,-0.00938239420330657,-0.0237615148084403,0.19726665636517,0.947299219461782
"C352",-0.484602513009262,0.768661157157931,-0.256486553394343,-0.846222924509733,0.358098566384102,0.0657753336914716,-1.04857972855702,1.01352375092695,1.30455807061197,-0.424110858478698,0.453582756252559,0.250657163788403,-0.108755240949899,0.0955067821617278,-0.274001881719557,-0.364317036761632,0.310226262544456,-0.372188772996306,-0.0175286926458442,0.0290675314304305,-1.53593766504766,1.01251472834809,0.22321113997786,0.656076961248089,-0.710781572293547,-0.800443141628083,0.654827094935283,-0.0576882808814694,-0.355949807093488,0.358670978022356,0.908533869463462,-0.123417926126609,-0.316882876583507,0.929740708443042,0.517029690630246,-0.348446800240678,0.0746248177447725,-1.1138018146316,-0.0790439166421146,0.728154739815898,-0.503564094406971,0.535531214951471,-0.867731889517745,1.29380640603295,0.374985687648771,-0.664346889666125,0.240345887587447,-0.0516665635779114,-0.177324887172189,-0.405870660159352
"C353",0.0545719726124412,-1.68587258282535,-2.4824230497052,0.158565317067805,-0.389507402453856,-0.663988426164077,0.904356856046225,0.0600151179321467,-0.405247118698772,-0.998023057196027,-0.464610572237153,-0.519076815085036,0.0106052080921951,-0.632446293692608,1.3625650375878,0.125236702135442,-0.465844795906984,1.03313322957211,-0.121979738748353,-0.175017337653863,0.199118185410316,-1.18549731932341,-0.580773996687438,-0.679545590915632,-0.724988435230856,-0.428607570038894,0.0475175864854156,-0.326315554225484,0.719807299749863,-0.95309592083669,0.496647521008297,0.381213087848712,-0.0777149756068163,-0.85380538339166,0.794102525936635,-1.48372655744742,-1.04676269015091,0.813285729310572,-0.458443503490322,-0.00596259394611439,0.552840252774361,0.649712935296257,0.349478752471214,-0.633213672258342,0.645741063947205,-0.398628414668599,-0.363143792517693,0.974608527150957,-0.987478076140008,-0.258731611148093
"C354",0.669964904732255,0.617621964924295,-0.112645626867729,0.282899422609855,-0.29525079026772,-0.481564462442381,-0.267200042502074,0.681673029942521,0.944029078164655,1.45301736743388,-0.486705508607121,-0.153342118277091,-0.40616807833785,0.0118875593028828,0.279957439218689,-0.431251672196318,0.0608210365472429,-0.299123601111475,-0.173838427938914,-0.509536201572062,-0.113231153556005,-1.36118299108335,-0.103383892272403,0.432235952241815,-1.55146998659347,0.157423034375876,-0.765764666876297,0.729374355788436,0.247732482561933,-0.292962819135802,-0.791778623072838,-0.0072867555377645,-0.45090478127921,0.740384982499104,0.278035556161892,0.840412951936565,0.0493463907068099,-0.218801186253072,1.12815571659916,-0.498217880614972,-1.16278061685787,0.884489307157364,0.223940714102707,-0.128729754520997,0.876255068637058,0.523273021021306,0.583995218744564,1.1720549190657,0.956333323865162,0.727172899153981
"C355",-0.263677826252232,-0.136099148091895,0.21674936238619,-0.643101750024041,-0.315868386254485,-0.0427752276219624,0.249964909518738,-0.702699179743003,-0.647459671013423,1.12140590956956,0.425958960171565,-0.210413305884024,-0.640607892981096,-0.589634616507031,-0.917138512338983,-0.38032056586191,0.789727621054134,0.753765171396698,0.658036532996872,-1.3039371446377,-0.906744924889319,1.36782031603852,-0.352075814240304,-0.839682829600466,-1.09073110800252,-0.0596479327721961,0.749204122887407,-0.88237701380668,-0.0538213655845588,0.925811482753721,-0.0540861212154787,-0.000412419058647011,0.694476894190193,1.01204963958367,1.29884633652287,-1.41934651121529,-0.938774186227605,0.547897614907808,0.51819867461068,-0.0480279053599766,0.0770887726856557,-0.507370500460217,-0.28057981506556,0.34245590670926,-1.14071633222129,0.390598350211569,0.431529835405966,-0.0478226913671463,0.587124487567043,-1.0498894043237
"C356",0.427531597897094,-1.05212580295715,0.670873138961602,1.7008917289593,0.639241029811982,0.612406443729305,1.69936667309481,0.358463338530585,0.687432527268185,0.579392434245379,0.000274724500520122,-0.385441380899403,0.488033705408826,0.291654520736964,-0.555189363676039,-0.0584105036647661,1.10877356082646,0.457528832757394,-0.34960963176256,-0.0339139027757053,0.339922616113692,-0.278406915528435,0.813494268862643,0.238331219557712,0.809308655629825,1.21049887151896,-0.10889667257695,-0.915449013233127,-0.842778057331298,-0.00165895857750666,-0.416139933087929,1.26482293950662,0.321509369756066,-0.492634228262222,-1.1830082948517,-1.12279090605962,-0.680565252975052,1.83788713662661,-0.40921322059697,0.389892026765899,0.513889136938348,-0.763519414210558,0.140849888339063,-0.785852223515612,0.321723928557548,-0.223611421304259,-0.852071728328345,0.152478057593904,0.583742100540019,-0.401472347885168
"C357",1.50983546902246,1.33735190318928,0.0296956124942899,0.0953143456269959,-1.03808617087814,0.181486788364916,0.339422123601701,-0.174499248491138,-1.27830025791542,0.665617083744976,0.334017130573071,0.467866865794883,0.492419622211335,0.265255245450034,-0.561668011802633,-0.0268591484963495,0.721237663883453,-0.575218975074713,0.539655868230379,-0.189413740117083,-0.896278468220906,0.0927836107813245,-0.573202316079389,-0.900004164074034,-0.576595481912755,0.56481204110171,0.834676043879424,-1.34244434357482,-0.201936722176743,-0.704953166664107,-0.715913544119576,0.0702765230129861,0.377641682348261,1.52438605029321,-0.135455515102005,0.903125312501799,0.254795553996423,-0.223059433633057,-0.449215117010973,0.385106845682616,-0.949761077824207,-0.154707589597191,0.365086606665818,-0.338712583933714,-1.07546458819209,-0.0272515699509097,-1.48544002541642,0.652969683113063,-1.15740891874839,-0.360477997232813
"C358",-0.110218895469257,-0.197292480534697,0.159180847544658,0.181685288618474,-0.401634082083747,-0.682465954513536,-0.474256588081374,-0.754762601291008,-0.19449367654646,-0.0619933518472166,-1.79544742224369,-0.346890609820694,0.659955125308079,-0.270554425950927,0.22945499041577,0.0263134927028727,-0.172343399595329,-1.07024076828025,-0.849183297361971,0.0192598415475234,0.696632713523215,-1.33339354372854,-0.551835338341865,0.221136633786866,-0.644952460544407,-0.33844213255578,-0.944994827523514,0.297045272167709,1.18230783622792,0.497399293941749,-0.352106899737293,-0.661109638722722,-0.499397734596103,-0.0182545646954296,0.779356903934177,-0.13590658344958,0.457112139502463,-0.129714738123994,0.22487539678059,-0.422935175593402,-0.863963104153903,0.723860157294993,0.0687482224604705,-0.0855940467245395,-0.655744725914667,-0.353672538356024,0.547340001404881,0.78053333199307,0.0975253573424498,-0.060581913997399
"C359",1.32509634761903,-2.03994062445895,1.06081078450783,0.144151316195456,-0.21401044368473,0.133969805920731,-0.693570638151689,-0.791653552318172,-1.50110098557916,0.267977165077399,-0.504971001737865,0.900857502075128,0.340257086629545,0.339936065698749,-1.09906862060373,-0.32753598214611,-1.34187283192483,0.83217909525128,0.300985351686797,-0.883118352735411,0.343254011061933,-0.0398161665171254,-0.25379252755785,0.558425192025999,0.40391077367636,0.901960592655353,0.951540487835339,0.644984005584141,1.44816318892128,-0.888976348121226,0.426990851825568,-0.0987322238312266,-0.278169039996865,0.592977828261812,-0.208804083120304,-0.9456281765531,-0.589020527072441,0.109804292649401,-0.87852605536076,-0.385601457231537,-0.440345713630136,-0.715345220786147,0.621863112814916,-0.146773178561773,0.327974048025721,0.627789411676976,0.717464290467112,0.110712665968315,0.943897866821469,-0.2258968209172
"C360",-1.05659115802299,0.222399336778128,-0.73771900274789,0.0556882541860988,0.360387366615117,-1.09739745843374,-1.40605161270292,1.27765729043965,0.810722385861539,-0.671620044693106,-0.842475818658034,-1.13883368273037,-0.454881885299297,0.770527025728105,0.597516695826505,1.73653888692135,0.108002972158917,-0.321852035546168,-0.931841477497522,0.198199502241847,-0.696634159886566,-1.35659161582974,0.0882534046600108,0.904076799923727,1.14204822250488,-1.59701702139059,-1.40466212732082,1.62522187610932,0.0327116403071766,-0.584777180059928,0.490838293507651,-0.792281765262534,0.133895839620173,0.254314001911105,0.71185017495733,0.524410157837648,0.543007808383141,-0.77384658645386,0.329431106120637,0.713198761544359,-0.0470830431229556,0.994636422755497,-0.360466680329003,-0.805601609662977,-0.482866825009032,-0.366277832735265,0.816996677344032,0.0511134299960157,-0.894851101631238,-0.372659863391101
"C361",-0.758860798272107,0.250569114965627,1.0591412087695,0.937400041286348,0.453564438898443,0.16622492510993,-0.470855362365898,0.169242786558493,-0.592761784900866,0.970723927833941,0.755666639897497,-0.397906105807877,-0.0353373975198948,0.993212049167245,0.575627630608984,0.399044918716927,-0.187789405587106,0.136071301176673,0.119211797473805,0.195991109366856,-1.03823573698288,0.111803742110776,-0.0508444729030417,0.346804679981083,-0.677987145590716,1.10212351435829,0.554134224054396,-1.11178843892071,0.310998747120512,-0.41530592939094,-0.76324531135836,-0.773413577849472,0.203786805535697,1.66734961094174,-0.42255248534858,0.807638863565185,0.412944639701583,0.35876270462792,-0.36911329498396,-0.281315983914808,0.696269090333677,0.0206503389959972,-0.479687031269773,-0.295207795138002,-0.33757220467654,-0.249306497499375,0.236511371721059,-0.057259650658507,0.685022575028896,0.618548282272364
"C362",-0.15137128794155,1.40235336522549,0.092126863435983,1.40668811891835,-0.897545546968127,1.06814723117055,-0.0477093975127178,0.160867411194107,-0.822856909458825,1.11853745693373,0.892490354885473,-0.649679312382142,-0.270465198483807,0.63191177966237,-0.486493815164875,-0.0314855044065356,-0.0277791985901555,-0.238719821470313,0.478545972160453,-0.288187635158692,-1.18380735456238,0.714432033806233,0.947020741099688,0.195187058715753,0.276460185262278,1.04212008493862,0.871440641526781,-0.355168231653637,0.0831430411194369,-0.422022657185766,0.781491167144896,-0.0958416879816397,0.266316226861225,1.34606959657573,-0.580491742776631,1.22293307986767,0.0630110139824745,-0.241720271045919,0.916675715888264,-0.265263898494383,0.646196423788126,-0.910028808083455,-1.24486879838398,-0.0695615745303896,0.296231508647599,0.629066919447919,-0.0714730970794908,0.338986579405371,0.621103089770849,-0.449396922070021
"C363",0.336702420816402,-0.167309518454919,0.783247100046796,0.170969392074273,-0.314878691438432,-0.138494832302024,0.839550280280575,0.10214973767507,-0.220592190258975,1.33945204187932,0.261849006664174,0.557317065691429,0.385971857832381,-0.594388688452364,0.0495032767696513,0.252622794954708,1.38438521984624,0.226167251136322,-0.413014361497389,-0.68629970563685,-0.235375461015571,0.465915943431436,-1.11255665761094,-0.590928745867583,0.131046078775487,-0.90537847816865,0.663047497785541,-0.858407200800492,-0.075538295661428,-0.137591235583604,-0.241686834431932,-0.254151957662499,0.0604894306286922,1.7658887187232,-0.778751737273747,0.164963625463185,-0.372845642503865,-0.607462895525299,-0.567811946698904,-0.103045674980489,0.413597779815397,0.263409394193592,0.15572390682398,1.49315897423142,-0.863615525160766,0.664388198503265,0.157618532718288,0.716273431209457,0.285820319571848,0.3170518318867
"C364",-0.23740597714018,0.906948351772537,-0.080250413835922,0.278313773678157,-0.596782749975743,0.43486810215069,0.766560107800555,0.173067204316729,0.537864042959725,-0.0341057127144855,0.304971122827108,-0.30266414366437,0.446744106658359,0.0962076170102944,-0.372981141560919,-0.950971740520074,-0.359714829518163,0.591393596768763,-0.0594553786859999,0.0569228866126163,1.16101305029331,-0.199014915788467,-0.383128037500598,0.431121011343027,0.991224045490369,-0.0496675142111496,-0.296691118967062,-1.29668063010858,-0.390511854149778,0.174666406535469,-0.0477639321981892,-0.0726186850874385,-0.136349688793558,-1.17334661570759,-0.323333743214714,0.413568251618136,0.214730707673401,-1.21220725779895,1.66955322863911,0.284600132064939,0.641189234450828,0.0405220130920806,-0.693286216668231,0.432680536494293,1.06714084472224,1.06648737605149,0.438451569487985,-0.775023646608134,-1.13049853711112,0.121940648309755
"C365",-0.74884806516556,0.509414627889079,-1.22409569117132,-0.055695100724297,0.459420851783634,0.0797798597522915,0.758920599935714,0.851587730433579,0.603917718521531,-0.397338562493876,0.396865586591705,0.00308053409218729,0.486558177928323,-0.376939492212351,-1.18474177180763,0.111636750701698,0.525529037669124,-0.784139447384392,-0.260076551414164,1.24844600392914,0.451086714248559,-0.698631756875626,-0.0274829150280625,-0.397855434829228,-1.1315575785944,0.202688924871538,0.0760344095155126,-0.174946562710149,0.286116118982638,0.514315193954474,-0.169805301047869,-0.741085957614678,0.05177466965234,-1.01039554718161,-0.0635565154944975,-0.512240996249024,0.40220879349216,-0.208455445670805,0.563503864756621,-0.796716184592635,0.371423210313116,0.246861882135769,-0.527833405960364,-0.384291052196626,0.103080378319799,-0.0693162236088527,-0.120591228076866,0.55247933410354,0.157168867978028,-0.275344939302532
"C366",-1.82713120321803,0.328003354193791,0.695332078655122,-0.484511323252135,-0.586413697827359,0.28678491012042,-1.01835192076077,0.565611198312549,1.14808614262931,0.421988524520247,1.00783011719152,-0.216236477766679,-1.58547172111185,0.468707627664989,-1.48107882670213,1.04473559207309,0.487455967304389,0.37134701375796,-0.0348181975628339,-0.676629803905366,0.767396294700376,0.255703162155337,1.21342523513667,-0.35692277529731,0.108457268007312,2.28021846522274,1.39948836757599,0.859489745597112,1.10648831846616,-0.108443765952591,-0.500451119888425,0.0133608879873948,-0.282486016437644,0.0781537671745011,0.784669998393323,-0.350065481575159,-0.270373945136415,-0.713705667313911,0.122239471501664,-0.150030483530337,0.969182999502193,-1.98314656504981,0.0631656996770128,0.464531240181466,-0.42004805071289,0.781717678643102,-0.707611259710822,-0.261173503266841,-0.608668517464629,0.38718232733691
"C367",-0.920996954180851,0.568359892786613,-0.248876293771085,1.16704132742474,-0.0306397148988056,0.714259360551681,-0.564001603111766,-1.23275064271741,-1.01211047724151,0.613111425323742,-1.42064173212833,0.436095808661535,0.635761613607203,0.500233757727183,-0.193095397517075,0.837847061958209,-0.539477881082574,-0.897404961534647,1.02060808671605,-0.197335550691889,0.00711590211237563,-0.911907369611165,0.250435939952639,0.366554844380785,0.744958387654801,-0.934568674112564,-1.2001697691952,1.17813558609304,-0.372672448322851,0.240823205057497,0.359340415225815,0.783991992591686,0.451153944665244,-0.353603358180738,-0.796434055016901,0.841019968689258,1.22447402175647,0.745058668604637,-0.239856603709388,0.208183618088011,0.38205187551379,0.655465168679521,0.526461387978481,-2.15464192749503,0.308968717954852,-0.0870688936967919,0.154524496323009,-0.232722250665978,-0.0452319907007755,0.326779393978791
"C368",-0.473526895894082,0.886256410262782,1.14477774154652,0.523159692735916,-0.628515633999365,0.409907321942495,-0.0683533340789482,0.900882589567558,0.132533182291286,0.750667010594253,-0.348953325389749,-0.627193917801134,-0.621134254719124,-0.40856873369154,-0.123569599009802,0.389308961692271,-0.133686014837536,-0.44823231710503,-0.640826636901786,0.175803083410817,-1.30262203778935,1.1418760667176,-0.756985443312717,0.271732372385338,-0.531573745692866,0.0904607594023152,0.59414386214567,-0.36944591976801,-0.0451212293435193,-0.573295844824121,-0.366341575079949,-0.0111007289075569,0.072767004123735,1.2648224554176,0.15792440039948,0.68424649948029,-0.514346735197145,0.959866681724324,-0.00626920629339563,-0.640545988729822,-0.0492062580664287,-0.378528190600785,-0.270035332230813,0.753851181271625,-0.288602024604601,0.00788168147744655,0.521332707659012,-0.494680102347029,-0.796849859493027,1.13838532210092
"C369",0.206045359811886,0.286491527487162,0.0182279240489447,0.758047415731726,-0.0470662238042884,0.348374398437181,-0.0397802998980281,-0.605061894249501,0.0356432638598963,-0.0691304854924923,-0.673014609776799,-0.2230158919782,-0.932995737150318,0.815371303763894,-0.138124896993298,0.649226634379496,0.190255175769263,-0.855352236550227,-0.41638135636184,0.160597871645817,1.10946682991547,-0.95813627765491,0.875177707368101,0.821856330675472,0.763171307889474,2.1243920575084,-0.813068264370519,0.391721838380903,1.45975940910692,0.196752493793231,-0.321440753701271,-0.328702025290853,0.630810359908839,-0.470428965590163,0.00691434251792715,0.76392548861459,0.144976098356769,-0.441602157642213,-0.255109815362828,-0.152503738247994,0.991094425623739,-1.15770939727369,0.351208071383286,0.0140273007495474,1.09521184451551,1.12284846127081,-0.728392467706173,0.052238575616723,0.595477460141606,-0.170531811955854
"C370",0.456410486931545,1.30239464856214,0.159392167752992,-0.0641540577017491,0.14002411820106,0.429461950359525,0.233647051425468,-0.317288468446496,1.04767628745932,-0.158626926942717,0.185641234759538,-0.89087087487095,0.368251020030044,-0.473954189295874,1.05556493832703,-0.00260314713298999,0.169269023512076,0.033047587246884,0.148011142375696,0.234851340641896,-0.0528675066733854,-1.47357631664031,-0.372590067136333,-0.0185064505840059,0.792453503208499,0.581015968290317,-1.87512269675771,-0.551074029365116,0.647239649174143,-0.955246886345887,0.592984421933633,-0.586104649116137,0.252689646067339,0.466478067910986,0.671968678230922,0.867895948310443,-0.18880970528088,-1.28086552855674,-0.98179536044779,-0.416636413977697,0.376909209212297,-0.247560582628209,-0.0765287440993076,1.13830515623525,0.284481529138832,-0.519051454761634,0.302148884865114,-0.802561367446983,-0.631688188729438,-0.274167090069451
"C371",0.519691491849805,0.977632351412219,0.811844828307894,-0.762315496462744,-0.819676325853105,-0.138079658162618,1.01631343706512,-0.177680527990418,-0.0478936423490351,-0.73358307801667,0.244644774547251,-0.469806306032749,-0.851133000958951,0.725905291753513,-0.118606707055285,-0.308579417545168,-0.351249640021236,0.195156577391787,0.454779396236652,0.696650326554703,1.30045669876818,0.0487591238959836,0.351122854692968,0.228222473258235,0.190124963526471,-0.248152535930774,0.245879329911963,-0.998705346102517,0.291235821925734,-0.297144749800067,0.616655580585674,-0.00511176909903206,-0.153481621000172,-0.878614791978145,0.267169596954419,0.232187187198369,0.220054163371085,0.123446714155414,0.230332256444095,-0.679438293100638,0.0796143267458354,0.098393033489268,0.312425952161971,-0.176626998046189,-0.327982842100731,-0.453152070134878,-0.511104425601675,-0.892081326614425,-0.846303029920315,-0.331356650302571
"C372",0.0175909411403794,-0.322841548454096,-0.317310877199697,-0.233273743435764,0.159056493613444,-0.0683115043309395,0.602370915427486,0.0351892523175177,-0.45558914641099,-0.558174351230276,-0.46084220511503,0.873185622335703,-0.168848609788512,0.667059963038924,-0.217554349385522,0.204293114794838,0.816488108705627,0.515853283375466,-0.838170880192096,0.353453900208972,-0.313385044537312,-0.236321639136769,0.512841350463699,-0.212402986378185,0.888192392957499,-0.91446267689568,-0.540447048938251,0.0786600272628986,-1.57964180748034,0.387132855964157,-0.031011968319722,0.416077434221163,-0.735330220448879,-0.519277150239609,0.0602688468083579,-0.385732291492079,-0.648234059995622,-0.343807666444973,-0.0714083619168571,0.208103044306901,0.219874591287265,1.31937207532503,-0.345103478140084,-0.12839171112174,-0.205195175860221,-0.707575130737646,1.08192540723529,0.269485043932094,0.0616843780230828,0.669950281215936
"C373",-0.39516066712071,0.33767453992729,0.00330691550967965,-0.99396716464252,0.23853434495714,-0.116481585689428,1.23077066365209,-0.799684052228176,0.474478239069367,-0.926830141541428,-0.411383191202193,-0.403616421529451,0.96143888017241,-1.11826753665125,0.685680923224151,-0.693151254770377,0.0603761983503862,0.35639777190029,-0.886005630382589,0.365439154502259,0.282322005907042,-1.61929458181112,-1.16177315191567,-0.819714586834761,0.553697596090991,-0.470683378976125,-0.35061987346647,0.701189988467031,-0.584249080562644,-0.397533438252357,-0.0702584681840704,-0.0566449624640748,0.302452325933918,-0.724200168538662,-0.322110639827817,0.717866088579103,0.753603488917441,0.858032070570622,0.221994475567429,-0.26163844838121,-1.7052992076815,1.23441559528503,0.491543973631659,0.102829360790591,-0.412563472622434,-1.16781399252359,-1.11132765452805,-0.169002163395279,0.202845999958372,0.344682296713799
"C374",-0.52336835058188,-0.638752553572445,-0.312510034549304,0.0641932439271243,0.078406312346172,-0.0641901013736217,0.0334083177613521,0.173153422131058,0.866355834212758,0.433228797622927,0.342489539687229,0.250331872881183,0.0113497657890672,-0.936581721245358,-0.44745485244043,0.504393387122063,0.245335406330041,0.0338397068916886,-0.201464673603182,0.0451836470715852,-1.28472726387776,-0.314535016548485,0.400983455317887,-0.476539591354837,0.875053527511444,-0.851540241324261,-0.393320782411211,-0.331459680161567,-0.273450063889248,1.11434723611257,0.758709919356928,-0.738542527452971,0.566336884100543,1.05147229690543,0.466327947721079,0.673993118035102,0.922632273001064,0.564397834689567,-1.12965511406149,-0.130950768628932,0.153765897804216,0.39333938848203,-0.159356053969373,0.354546667683451,0.149378853645694,-0.460782256950887,-0.112786782928893,0.866870444412427,0.995533838099061,-0.443420566218448
"C375",-0.278761654944601,0.0108357182223058,-0.0918591255277445,-1.45502706909573,-0.338893091608629,-0.277911076307017,1.0665235609618,0.799797013938336,0.198192044219603,0.242626098920092,0.322616622799283,0.0137479763977538,-0.79814436681726,-0.445027041744951,1.20788334889319,-0.082238435033367,0.43229608685254,-0.090687465422759,0.158968974854003,0.0567513019082452,0.935390409002345,-0.578734216513192,-1.0052158538018,0.188887237590714,-0.425590167614946,0.447323827157248,-1.33741848861464,-0.203517103811408,0.142412555863938,-0.359768308554039,0.0326031625468969,1.16618752919398,-0.0379121179221691,0.0881272695781861,0.299193028255126,-0.428801799881422,0.0397310140395319,0.0274058160598941,-0.258630703769483,-1.18578235712321,-0.147854463085014,1.0679345193521,-0.189012837914408,0.394872255800155,0.645630006959145,0.506802951235334,-0.592686346620459,1.01652113806274,0.0413675449023847,-0.635020628968079
"C376",-1.04618729795489,-0.481909917878351,-0.258135163602217,-0.427608319603467,0.0715948419176205,0.680011934127972,0.354436912642437,-0.424464120232754,-0.0687073482581037,0.435417522178157,0.231096561306407,-0.776789062954838,-0.175809458856989,0.588468909393373,-1.07771214717345,0.663585685962941,-0.124184505190614,0.592807644097972,2.08552197120116,0.732897347418496,-0.421257381021046,1.06131670211042,0.404212778838139,-0.269267284026852,0.0757059913748098,0.329095549688759,1.37140004420129,-0.505049345165197,0.825693128760211,1.37790177753548,-0.724164862054342,0.605735234386922,-0.560025674022536,-0.666636643986598,-2.06347504990435,-0.92424345222481,0.0596903021369126,0.582613750319711,-0.999818497285057,0.363790037990854,0.814443594538261,-1.06243650900437,0.108916137120758,-0.119840057311007,1.08553141268826,-0.383133692785066,-0.755156173803536,0.0996234708010345,-0.195220835215268,-0.0915822006121362
"C377",-0.132672308736919,-0.376899780968637,-1.07659349655248,-0.464426478630839,-0.555352600414145,-0.605188059634195,0.134589802827483,-0.137281067769003,-0.536202161761318,-1.1730212212409,0.15493091663216,-0.289607186541588,0.145205160135328,-0.208833495159051,0.887077159604885,1.06941326397586,0.468487760745769,-0.132341886444042,-0.922610207598779,-0.248722669685515,-0.853745827371777,0.417664516969608,-0.868499002271736,-0.157118254732853,0.886824593548119,-0.837286296021821,-0.419487709013973,0.643502212497023,-0.259031087651656,-0.587646516554546,-0.526072736383558,0.298681876253847,0.779603178663348,-0.816546938135645,1.27691631520124,0.362719142342273,-0.103078055175829,-0.928343680300894,-0.69566090284048,0.313780551674494,-0.670243126126889,1.09961734989976,0.262477313626242,1.47117907731654,0.719021329228219,-0.28598661965388,0.857701124971761,0.610100403795855,-1.10562015488289,-0.39352164596301
"C378",-0.909328395224667,-0.014742737878644,-0.504864306050312,-0.255616394039293,1.08025418916352,-0.569274317828243,-0.49781464677548,0.168412161845778,-0.0377807949052196,-1.2041951210516,-1.51268004293756,0.388066776823312,0.164135481787626,-0.527345267320883,0.0293327253295536,-0.230906970321415,0.0141191264527758,0.100140000735804,0.176602043730216,-1.13518615157528,0.765690227067775,-1.54324480626309,-0.102930564149543,0.0455430998139171,0.263904099480271,-0.842652340857151,0.541094559793659,1.49887969501127,-0.131077393799725,-0.555264351358133,-0.0702578380506744,0.44357243271846,-1.68970483127466,-1.79821948886666,1.52793938703656,-0.961264885964135,-0.0871079410502144,-0.294966365839118,0.235826125480746,0.320180574946936,1.15955030165684,-1.37824859649178,-0.385455935608537,-0.299044359150356,-0.265699867582107,-1.97595451109654,0.0309188469247066,0.493999115132033,-2.25673720149423,0.378007430848495
"C379",0.336829593212677,-0.360775495839113,-1.13503715998898,0.654831935536994,0.76154116722658,0.452160322648408,-0.246474695578455,-0.22853222292097,0.272027192619811,-0.786277364283365,-0.10050005172382,-0.239804270444483,-0.48972916591494,-0.0784747800641232,0.566357572597029,-0.355742125358428,-1.1785648319262,0.625621022515928,-0.284008910967294,0.341519071038219,1.26332983290097,-0.907048670672229,0.118501780677098,-0.314339259112712,-0.201427779371325,-0.26300732157726,-0.852683448533259,0.494645691248549,0.0669350059296702,-0.377593034101433,-0.168615016915168,0.262889776795175,-0.159932340655914,-2.04585685955963,0.319470087111769,-0.978482746860457,0.421896619698569,-0.509053851922003,-0.163478771199055,0.269577992898537,0.950211816378711,-0.670331137148378,0.25090467886333,0.0237108519933399,0.766672924486601,-0.232800749241463,-0.238338563527155,1.1714754711479,-1.12249844443315,0.103945190197771
"C380",-0.089759116858138,0.335306428069513,-0.660876805323229,-0.156618634499629,0.128418098924577,0.265668617345767,-0.61847163160888,0.691076221227593,0.537187397387854,-0.251804798691597,0.220353581648223,0.395802184803364,0.106373524633041,0.493166720065142,0.303502301099849,0.665315241462558,0.687772973479089,0.609637867252744,-0.056301998502007,-0.181690811320792,0.998237063534969,0.0936950717881518,0.0286102676030594,-0.0531322163102971,0.992266115811806,0.941093834425237,-1.39470877399233,-0.69208734456338,0.547395714165326,-0.0384812603902794,-0.0244129416207018,-0.157959236175645,-0.179868414539018,-1.03761584622864,-0.733750943981646,-0.125778648523675,0.0855652069316153,-0.477846882914345,-0.0822154728254271,-0.528873517444087,-1.07349456777176,0.255080424532647,0.591757180877542,-0.760245009336215,0.0907192401618332,0.428232657309038,1.23606985130342,-0.279672028841843,-0.0791464689560877,-0.503347912162826
"C381",0.795671248174678,-0.642606864851003,0.0145849047179614,-0.494860690658833,-0.704656666770596,1.14125365995389,-0.317011002308788,0.0877824591106232,0.279425166768677,1.90782359773904,0.453458963147907,-1.25605936974314,0.459973727382287,0.858038950619691,-0.79026597664071,-0.343637992055326,-0.150593581192495,0.0452849184333873,0.317475271965613,0.277571193849895,-1.28182938149625,0.241089359815427,0.165131984398189,-0.542430526699893,0.380240237728725,0.609507664016057,0.469525976275831,-0.254327654225755,-0.761707527402753,-0.849304497976296,0.47056556984651,0.398229612428047,0.498891598375215,0.873012195740114,-1.06941297987335,1.30703490863835,0.485761014145907,1.3083446702636,-0.254909943311027,-0.357349261827714,0.412526698576452,-1.22643552216375,-0.0576153079909675,-1.14652752720791,0.989127706948749,0.421470455978039,-0.169686615669271,-0.19742367284549,1.54163081564075,0.130754742451954
"C382",-0.27360209176914,0.40497507312048,-0.800925826761877,-0.362902034694918,-0.541673959359534,-1.20841980371224,-0.882883891492531,0.375045281258937,-0.105921376236857,-0.173571440703107,-0.800817410697186,-0.194951780336375,0.00681421274336163,0.896383059718919,0.995645799067066,-0.393592530751692,-0.161477215494066,0.288399738743661,-1.15437624735294,0.396131037790195,-0.0867704334346286,-0.83704240157191,-0.02437805400307,0.624315493448624,0.658450814578645,-1.00713160185935,-1.31573878681998,1.28136688651604,-0.0692157697651138,0.387933285680917,-0.351818697095977,-0.835331271554555,-0.862198885131805,-2.0666465831581,1.41896238781393,-1.69407179414421,-0.72110410357922,-1.41404909394115,1.13763150031208,-0.452600670508015,0.217883752883619,1.15656411392234,-0.308697240706674,0.131489070783177,0.292253457580956,-0.504561357854806,-0.1512502976498,0.0987814424531711,-1.45039752272441,0.18432957786475
"C383",0.0464411887510262,0.58341350651081,-0.248191658795586,-0.0346066592939651,0.493415861712555,0.385286002201624,-0.305355997529711,1.06904063577061,-0.27920936394045,-0.572581627899551,0.075842459676533,0.891924514338442,0.062626322632283,-0.975809306383694,0.247552499645993,0.646972849701086,-0.795097021720479,-0.125775047765894,0.608438074844924,-0.180999086681423,1.56132128864933,-0.398169115391009,-1.27116360696959,0.706647095819172,-0.624496530114951,1.08421905874509,0.704521052548083,0.198296666600165,0.679725435751588,-0.409736121131795,-0.357227588225183,-0.752835528701358,0.134881546836414,-0.796720047759455,0.698751210872946,0.74662844528342,0.539549363933394,0.434825968252602,0.527930730432438,-0.19658961002849,0.945022739951151,0.126429611552169,-0.85026753495052,-0.114253546067124,0.597150175156425,-0.403383685596799,0.393350521920057,0.230215676892938,-0.701433770650104,-0.307960130169542
"C384",0.0492408581575416,-0.225382626475327,-0.983272860019121,0.0761346995765829,0.629128716696686,0.262493599186635,-0.524383528802235,-0.644233661506053,0.976414569664441,-0.513096164367854,-0.058727517138952,0.899895625158595,0.916281887995239,0.501461469029877,-0.324572449200125,-0.498784023211643,0.957417288773173,0.523208353094189,0.0688730045904185,0.553666114464052,1.06331626847388,-0.740152844416841,-0.376831062591226,0.154941073447036,0.152539950920419,0.351581873576995,-0.503364611621625,2.50342327983879,0.00497711274415404,0.675441208926349,0.0253728028733322,0.368757330564332,-0.987799518760092,-0.672536795386609,0.001786878994421,-1.37865295713427,-0.291003187395712,-0.782023981658425,0.0893987288887764,-1.52791617114777,0.676359822206295,0.495826397541414,-0.200257991268207,0.112255869170531,0.285347643902298,-0.60318648043389,-0.196427747158382,-0.323357658675022,0.376847769724369,0.690625196299931
"C385",0.28469852523273,-0.386525272782248,0.444059161312722,-0.68027427601429,0.414891004487506,0.0612537026612452,-0.290091444497951,-0.556852686749231,-0.721049590936411,-0.100919297480408,0.0825280586474876,-0.687618695211286,0.883802637100757,0.710738363773762,-0.825143939922339,-0.0515470394756251,0.0585313195674548,1.14880799213629,-0.170023935118184,0.332843708333439,-0.696026676040747,1.07750350253183,1.75074382502579,-0.479382956417471,0.406236747889322,0.335052711939144,0.23688963840885,-0.358162990989108,0.624986159863602,1.02751899799647,0.880089464959021,-0.762268471985368,-0.945736645864914,-0.205596731808257,-0.469492562506657,-0.667761830276117,-0.0251980047179675,-1.06592785909248,-0.849535452256722,0.0260457296259427,-1.09162367849712,0.299628893729762,0.371664860263726,0.687718008975446,-0.484176663042175,-0.183905158260267,1.09194792233352,0.0177336946365294,0.122544134796346,0.520767350055034
"C386",-0.212904268102006,1.15230378369649,-1.12843215221009,0.548101681221995,-0.441208430998352,-0.274976179159683,-1.16971887932856,-0.789420360882027,-0.0417142415314247,0.088027258482099,0.216934764319127,-0.981525167219885,0.267834366626527,1.07193519443669,-0.494470903236692,0.107832084924574,-0.43540776502024,-0.875245380296434,-0.0623477249664995,-1.09160485260766,0.237069595368407,-1.35167436118069,0.168757294616355,0.472548943959934,-0.245485537363244,-0.348870681412688,-0.124512589015698,0.469059446560656,0.145229322841971,0.489655064045492,0.241484787911684,-0.486486637347214,-0.734390548967659,-0.327298167944859,0.118836521292268,-0.781692264906204,-0.555137079046026,-1.05323297541399,0.567929219421019,-0.219582497748672,0.840396798651529,-1.19594143350976,1.17644384513605,-0.29201169361405,0.336236422020752,-1.19079468377876,1.39551546946479,-0.797889133079993,-1.23150128464156,0.67296612769295
"C387",-0.210381041901706,1.04147453998835,-0.239249958447767,0.482737328969727,0.471087135498913,0.607759976925197,0.727223412668219,0.429003667642263,1.50646943931732,-0.438046288529644,0.221581928883768,0.0624408786870255,-0.0126642631365753,-0.0364030042270368,0.422191627417431,-0.671215742131944,-0.6407182382387,0.0380431830228206,0.356662069269502,0.106526422326517,-0.472484056102694,0.776216950720273,0.104404095843166,-0.0182171101310562,-0.426804097115169,0.203268078601508,-0.0576298074621536,-1.23768415154392,-0.00778749274260612,-0.347058294733963,0.35291748397692,-0.347316506388351,-0.160868712401586,-1.0051130999213,-0.039567526565765,0.359889340297584,1.06405197539239,-0.2392449283928,0.993447865832944,-0.514916462289424,0.943057701249265,-0.082014432159292,-0.911219144551019,-0.887241530535545,-1.35081761194865,-0.928020756299964,-0.34591254311691,0.193890824886917,-0.829376387534464,0.161619824337628
"C388",1.14069423327206,0.455282708828931,-0.220412166491204,-0.250095241278562,-0.160624149170607,0.474424670740919,0.893334968210151,0.205764479602137,0.0427627828682605,1.04578316731994,0.225248979884954,0.15546867085851,-0.00455284292989849,-0.444272906482213,1.01222128027133,0.586567753130517,0.555992720226176,-0.501261326588074,0.495352631583378,0.450282487978982,-0.251481957637296,-0.430259173608399,0.941410975829447,-0.509989676765167,0.0128392314013999,0.0599373415824274,-0.271289726619566,-0.298371333095883,-0.621256318057219,-0.173760953628292,0.130460741722537,-0.414372278394402,0.0337703387716721,-0.178788976041039,0.174074954779585,0.336880020273166,-0.110010049876277,1.10550736118569,0.370230323751822,-0.0865469404161583,-0.767635168589241,0.347036946295165,-0.0365127613863634,0.300269939098912,0.487316831771786,0.375390262494711,-1.30614892003839,0.0483978104035336,-1.14079466563676,0.406401367948987
"C389",0.303162975275027,0.372394822683672,-0.0784367841602062,-0.495146285201313,-1.06909207790116,0.241569564946031,-0.597365181730205,-0.407290014341026,-0.624438837249392,-0.657668648253984,0.109103518583902,-0.700538861928108,-0.957582696241984,0.521702238450465,0.144409826272613,1.2544713067621,0.159658267531555,-0.973685963172981,-0.204551761787039,1.33071097480599,-0.712427186818314,-0.730035920164542,-0.412257810609692,-1.13113757691178,0.231105224987015,0.432308227891433,-0.500823023884524,0.00195744014650323,0.087829610775481,-0.469387021627922,-0.0682838962062214,-0.334038558414809,-0.66340185038872,-0.898459650103372,-0.341912257423779,-0.25519848913553,0.903886708110287,-0.0165113000933787,0.21269348001289,0.606518204318646,0.0623982365892637,-0.170610525854468,-0.355592202976268,-0.214933506508211,0.40985487236588,1.03694072440226,-0.491324989821098,-0.176574765680422,-0.17024764361204,0.413420852355624
"C390",0.628612120160423,-0.630431726324234,-0.170621582147236,1.02780428367249,-0.59495143695579,-0.79491106748618,-0.264140833613008,-0.662683030067751,1.21547725844383,-0.0877005083909055,0.175507774129512,0.131576546693807,-0.153950454475184,-0.458178534970726,0.602263393385339,-0.116160176384146,-0.853882306616348,-0.344077002508311,-0.467012349085579,0.275705990210943,-1.13572381239292,0.186362453602714,0.334659449333126,-0.155958467394682,-0.478778632486104,-1.06172382606826,-0.321568914493264,0.770592563066968,0.484693611661127,-0.79647452773632,-0.242327365974758,-1.4595054345802,-0.587936142492275,0.796777434683992,0.991395049514155,-0.350239521410882,-1.26806602333696,-0.76938743022726,0.391435391202685,0.116655946552433,1.46475896550598,0.123611282960462,0.142718470930979,0.222520970197576,-0.494966490068426,-1.00559562209039,-0.741046447901597,0.0748305890713514,-0.323667641853646,-0.183825921882463
"C391",-0.298456762876492,-0.389180556942609,0.0944587297061388,0.0479608888389547,0.896340699651916,-0.309754455472652,-0.0919699038298082,-0.587861158462345,-0.431826010074263,-0.304601900618099,0.136770699661419,-0.0126558776410192,0.611587902073895,0.588191397170486,-0.387731360511117,0.425244276818526,-0.4347359527739,0.732600727473667,-0.306962008804092,0.845051608515167,-0.00122456248662888,0.745932263001377,-0.0025409978591369,0.933365869163707,-0.0089353251706734,-0.359211123348588,-0.281808029676949,-0.12911556915009,-0.45760577782728,-0.937220708756928,0.397091931007067,0.585016096594822,0.349638244281528,-0.942921846356976,-0.166433769217544,0.172494238748881,-0.032006110407355,-0.497920893793433,0.00219549385899109,-0.545578270785176,-0.342018389673533,-0.338231585906395,-0.367480773445296,-0.423436450783543,0.607302750998185,0.111443867305691,0.28031837791291,-0.618027564234812,0.540759505983896,-0.193821333315996
"C392",-0.0714573383022049,0.00772599274653317,1.07184224490178,-0.490574218869325,0.0721989497762246,2.02500369185446,-0.367180791650924,1.0547871754614,-0.254658395547215,0.575115293628893,0.334455493144488,-0.244654840173862,0.120834944289393,0.165415403147277,-0.225235628837445,0.149038009637491,1.06636401501158,-0.079796262581071,0.88066147075038,-1.30180451842769,0.4406848999638,0.538119751270216,0.626066901347418,0.83871146206508,0.184648881810961,1.51868046287092,-0.184148506285972,-0.13545283421562,0.354001097537983,0.1700893476973,-0.431804728212011,0.875589700553249,1.194251673598,0.311463420494788,-0.666306932546497,-0.0753027958556174,0.610153803101328,0.439701387554825,0.062993160136303,0.299958099144371,-1.08195346310893,-1.06729521110811,0.435676462627878,-0.650873294188491,0.0824451302164875,0.981030754081278,0.185924756289303,-0.974235928295533,0.724315395680008,-0.333000941965634
"C393",0.989019588734621,-0.0783910400118569,-0.273724778150523,0.416583950255173,-0.401685587463168,-0.219659902306719,1.00754264198231,0.911920417400815,0.487966985849726,-1.61831669325535,0.115763054840102,-0.785798725490913,0.192423755886517,0.20153702371714,-0.419569172176174,-0.0676872884540474,0.13165888956056,-0.197265354939036,0.868187053550162,-0.277825241364494,-0.389916384281979,-0.0380650649789275,0.377164295272627,0.446502767528426,-0.341494155483712,-0.0274659183465383,-0.203840891782769,-0.317654135853685,-0.917495878739037,-0.221266556637997,0.123635260328369,0.206285349012967,0.027811334434848,0.508151778824746,0.325102912566602,-0.727591120219948,0.133604505197224,0.30911884879977,-0.139153209497356,-1.21566398812182,0.0502451222111258,-0.273179768427789,-0.531790411734901,0.243235699310828,-0.787769464590545,0.0255846100396925,-0.319494403800474,-1.24412632158031,0.76613866862009,-0.638290589931756
"C394",0.0917155678976146,-0.225210316939832,2.05595980038579,-0.0251892721745657,0.472476529796565,0.34067890775331,0.440349934867552,0.680370106906351,-0.875741292623035,-1.19304053782162,-1.55267471201543,-0.741553108716622,0.10962765103582,1.32133023999229,1.72123934177757,0.304449846306591,-0.161052307959858,0.336672169802353,0.0472307482364239,1.55530980707722,-1.01330215959101,1.52377397359149,-0.909205039826527,0.642324142843856,0.747848111233486,0.679418920042389,0.328422922875596,-1.08465095195264,-0.0539420281571709,-0.163266079573102,-0.41039787834201,0.0806221916108436,0.585640775948954,0.169725505915995,0.466229146968686,-0.475414238650324,-0.389360257123809,-0.270560585554795,0.121233237182934,1.15116642402385,1.10136030294873,-0.284843007255353,-1.33575473117521,0.0841955071137923,-0.276452482578415,1.03907167591129,0.211067592217127,0.265788442991338,-0.00688676052587842,0.206730379387814
"C395",0.670828033429002,0.0160208071862201,-0.247196266120265,0.47137911950158,0.542072530415857,-0.695663968711374,0.853484772123995,0.350466991927981,0.30767396088317,-0.24339243443209,-0.0234841571349656,0.31997366415531,0.958417808045808,-1.11789438427327,0.441394594768297,-1.4697594588816,0.00648798267963936,-0.949398377881552,-0.662121494475217,0.113143310906233,0.69440172670819,0.860831763702169,-0.346645193584863,0.0730774123634776,-1.06585280551417,-0.948403258189862,0.372430774783297,-1.06812573780093,-0.763253362046368,-1.87994237979831,-0.304015245204073,0.179225493985503,-0.836435478205724,-1.18926077709716,0.907856829903968,0.720792031885591,0.201247203012695,-0.696691846644905,-0.896300673544138,-0.939357926058812,-0.604292868314155,0.697152432278827,-0.722206671252809,0.33129736126507,-0.00437440020277078,-1.32138993152845,-0.178116102699771,-0.0719021429214822,-0.81273163773123,0.824185907877469
"C396",0.161202494826217,0.152271935275073,0.337264088397446,-0.329042815160903,-0.375427776103236,0.641440265327559,0.338125210867862,0.0295107766217778,0.50912808625375,0.929653093193673,1.15384625960386,0.57569107843927,-0.138523806311143,-2.0579781544752,-0.0517729756846907,-0.404343791975065,0.323635314845462,-0.630791898040196,0.409685676313549,1.52805544847464,-0.293164248679498,-0.0118312328698314,-1.11652588409474,-0.653391494242258,0.154550416776289,0.426121026919533,0.101916462222103,0.0171130038734867,-0.0913399785280486,-0.662719513755653,0.205138553268049,-0.994565985630913,-0.510673426994887,0.403401635946442,-0.9927036995049,0.95421036065583,0.326375986967254,-0.316359078947661,0.590069653433483,0.361627518971655,-0.145293863070081,-0.190982961030832,-0.915960829182127,0.300610943118039,-0.842569350315508,0.509627186580672,-0.339522923356039,0.444248536573103,0.709146169193631,-0.126019569803792
"C397",0.887532989787689,-0.375211560409721,-0.490752580242103,0.0761613117708203,-0.462191423249851,0.357042738218165,0.706026444311049,0.142032800919177,0.304426596126673,1.01411089874533,0.0569912285242296,-0.225137382066028,-0.99151215520712,-0.696479642400714,0.228344998024236,0.254917063205966,0.41315430215501,-0.00941152815062844,1.04552244721905,-0.505028766827061,0.998116963971763,-1.21096047945627,-0.610786799974601,-0.0593921213166305,0.95630254474539,1.46357259855168,-0.211075081775804,0.104268481042713,0.958383753073094,-0.460849789517341,-0.527240420380228,0.436028971710852,0.279440013158004,-1.48549527592609,-0.347069855111531,-0.293713377200142,-0.134355888682459,0.451717393911865,-0.618497762981737,-0.156125123771143,0.0172711076347543,-0.974386557113554,-0.107558171042393,-0.233279334065148,0.70007191077821,-0.428502256502436,0.870437590435755,-0.668729482878514,-1.58432234151474,-0.471766491098663
"C398",0.245384963212713,0.109422228524076,-0.282415748739302,-0.0379812932932314,-0.56874199058861,-0.0467279964030326,0.0646009612735942,1.56887208031673,-0.0158607661674728,0.846940411285075,-0.864896698032152,0.109019779588197,0.229844033161428,-0.275840858182057,1.50982039471958,-0.533010417951969,1.23429209672021,-1.07682010575996,-0.419937056329892,0.0125006951496641,-1.46002691450679,1.14968917589756,0.411205821360462,-0.394167377042867,0.544479674393666,-0.552513863435508,1.05702982846888,-0.0955766022239816,-0.111006107486198,-0.175967222987125,0.295870466536321,0.310642254295091,0.467945296331145,1.78571297442385,-0.135491847918795,1.85012887610188,0.349489568639352,0.0790540688005412,-0.466050812668692,0.972230203998377,0.868572683257461,0.648920238540224,-0.483044704775787,0.936649541326603,-1.31611136548002,-0.0920938233474458,0.184402660314951,-0.617488620752043,-1.02681024815712,0.379909366518336
"C399",-0.326294289028616,0.917285156930073,0.69785437972149,-0.360618531239108,1.16273747054498,-0.122593479484635,0.0117338882885732,0.0700474171907217,-0.491938195081943,-0.551228866594159,0.340551893211573,-0.81271121378592,0.781297908675183,0.0797056636238033,0.473661084717839,-0.318015335431261,-0.566090369223761,0.214582462850669,-0.747349779924218,1.24364524870458,1.57355180729548,-0.725859273276849,-0.160038575879708,-0.308022057402545,0.894642541622705,0.774695067966295,-1.71515251607278,0.261173919356314,1.25920231419939,0.0281993373396018,0.585411902395671,0.55850387533941,0.413794413450511,-1.91383492993797,-0.190143516563789,0.712808720409661,0.114601385984133,0.320356653871433,-0.290220486542253,-0.82023004270671,-0.259890978658564,0.570388620163823,-0.448338183312135,0.0567187332687289,1.0613575636077,0.0201374696135998,-0.255567718694908,-0.740385661976516,-1.37417935471399,-0.327296635015414
"C400",0.132888850470822,1.00400608337578,0.119730220598892,0.00460969007391228,-0.29520799783961,0.952804856832422,1.01039306525526,0.872951461019211,1.19164198255672,0.238281071458258,-0.210818843257224,-0.411767400266532,0.640044775115383,-1.53361227129949,0.176328412901067,0.894468276107347,-0.108599184284992,0.444305810007852,-0.0493687021485544,0.164316585012042,0.559226761295603,-0.00243730519328367,0.26859270395309,0.384244551490196,-0.701081555256665,0.0447770876424751,-0.550288493584958,-0.21523474583045,0.179567226709183,-0.915418216487035,1.94542355565991,-0.205451137599773,0.281887151271744,0.226621618008595,-0.330667727439331,0.0853036416930216,-0.376818847112132,1.27520555544365,-0.382996761680417,-1.16840477062717,0.203798369182123,-0.162101683549369,-0.512271575248636,-0.406203329212497,-0.493018584719426,-1.4747026027804,-0.514356778121266,0.634405714637226,-0.440240347005364,0.909312592030372
"C401",-1.48521059541379,0.0111952062248514,-0.795882170174854,1.32560740050853,-0.309507436348034,-0.62641574879834,-0.159685692355997,0.772535083754318,0.212071497713156,-0.5598092362671,0.0112103478012442,-0.340500763685312,0.503897624022908,0.554598246068477,-0.242585233320578,-0.0893060564604602,0.162878516144611,0.259943491448039,0.468160846303053,-0.666864791276408,-0.880778723019279,0.99622712186767,0.356438417454746,0.647216385136665,0.313675705925441,-0.464148342770547,1.41753781008879,-0.231045053486152,-0.207347160623846,-1.19493185661544,-0.310648754191323,0.108420853509403,-0.509108051426552,0.0589664080752809,-0.621208183541231,0.351671686255937,-0.574012163182774,-0.0763512071087976,-0.2158123852418,1.22603696465387,0.143340815506642,0.199270716092741,0.311175576583771,-0.062335166813463,-0.0296559032714305,-0.231252013879103,-0.0826175094482038,1.14887149757699,0.464808638601066,0.76412262788402
"C402",-0.586499927767473,0.00333799417243807,0.055687795432134,-0.771160500829455,-1.14143452166689,0.312922862789838,0.134018438881015,0.30844488925187,-0.342788950469755,0.77052828739368,-0.517409008906426,0.368248078076483,0.542685913130719,0.0470134363392806,0.369195363219435,-0.779792444409002,-0.0609314443903472,0.57238538720465,0.904415231628872,-0.137921065644553,-0.997552583157425,0.0311831293720937,-0.122466779297418,0.0680946181114929,1.15110199159495,0.550160392229927,0.384660390302077,0.037138177705806,0.125832538800439,0.305319939836485,-0.70344295775709,-0.345820798067642,0.750339415049623,0.423233608543349,-1.10541688113166,0.668164693460352,-0.61441325985876,-0.0464330727889828,0.412698710941984,-0.366319707466895,-0.0982357449831236,0.225838149726466,0.17569407052128,-0.0177006472113611,-1.04128508134128,-0.15693644706585,-0.780951091430652,-0.334801101338405,0.694304061532746,-0.885162051667476
"C403",-0.474307253527075,-1.24585640656044,0.325721034498401,1.71703563240353,-0.495561741954747,-0.201659483066481,-0.181326228396342,0.0480562821605636,-0.460096475337241,0.508840968581663,0.39122614627572,1.15134018273047,-0.0825715925797024,-0.0033214799877143,0.341606895378772,-0.719802996396761,-0.698430089467929,0.309954330567954,0.100254813766481,1.02455649662319,-0.0336768237185011,-0.386059955263639,-0.115063643642944,0.355697423102793,0.501095666972393,-0.0869977009568493,-0.248581363086053,0.507074839275693,0.26176872692062,0.225025591618632,0.0371143077221045,0.659681476403186,-0.646103614407161,0.352114752297387,0.818617941802869,-0.0856706896702505,0.0113178962638669,0.487333950200965,0.54166807715109,-0.302827570849561,-0.246271553416002,0.745757522082228,-0.548121730559071,-0.892785852234929,0.0679288794603992,-0.257781405879489,0.986303460590377,0.0887534248133531,-0.525890928797763,-1.15789841647188
"C404",-0.0209928347943567,-0.336751900837931,-0.392970562816761,-0.0114565298964361,0.363473567625413,-0.468592732765645,0.246424618180272,0.0877310028476985,-0.769243722327482,0.108584216826887,-0.433224349099652,-0.474854558883827,0.608272576931553,-0.48536124600596,0.0634973404454139,-0.0945394360016813,-0.140737043532345,-0.95281993660507,0.748599007453578,-0.933349167520516,0.0226584701739544,1.15039066838267,0.282374906922006,0.187941681646999,-0.385269351920173,-0.62145700765729,-0.721731844610532,0.221806858102941,0.538241413428455,0.376945789156199,1.26732980767523,-0.443437011356144,0.735787306132946,-0.594545431249275,-0.208217765659218,0.584391305864785,1.03620909909157,-0.282715169691429,-0.296451427955121,-0.452264856247432,-0.283207601547444,0.640226450086902,0.301023804520293,0.397799617854367,-0.377321177211082,-0.0934985431048288,0.0505715351465907,-0.337302680834408,-0.0841150984340865,-1.27841111383018
"C405",-0.336466461870419,0.059361460143501,-0.218790503113626,-0.311363788100164,-0.178826025457027,0.0798001395057254,-0.0350126409249211,0.776165883591155,-0.568807877405005,0.0660713182543667,-0.387372971945979,-0.125123439894092,-0.220087305683619,0.612998534596325,0.621831674951383,-0.234681177735409,-0.618107161753042,-0.124805716675622,0.338345203260309,0.566766243971727,0.500017887104736,0.14483601964723,-0.465112680314493,0.15983579408273,0.74293139788903,-0.182886219955448,-0.591770028254521,-0.462529872006604,-0.350215282398788,-0.0324336722536725,0.827709574820832,-0.551700350682044,0.726682940721412,-1.47712082103415,0.294863953979577,-0.307550013997156,-0.628975077350716,-0.562367518357131,0.506952807128454,-0.076726692494109,-0.611156060175835,-0.281289741236464,-1.64485658804977,0.464902098998292,0.891422969957606,1.5724310236015,0.707610298863103,-0.796530769025099,-0.709702335510494,0.156509384797154
"C406",1.15496272802439,-0.483836776866068,-0.453021093579609,-0.543837325958605,0.17489431489914,0.36686352896856,1.54242966225456,-0.632857734045206,-0.234225516094571,-0.324753498508888,0.590140930776426,0.462477649134218,0.201341885877468,-0.749174691859417,0.0525818911974223,0.361298220548059,-0.0606926514580082,-0.599420111681988,-0.773629192328864,-0.898854663394727,0.327354868748469,-1.13051175292778,0.555147498878856,-1.41646758579809,-0.881171944747009,0.327550735932076,-0.557045288243527,-0.822758637882293,-0.665839679744436,-0.167652528317767,-0.156663493731887,-0.0176291640037307,0.118755638311418,-0.684918975883907,-0.569123094838336,0.0553671674305599,0.801039635041905,0.859831977428769,-0.467211818619122,-0.480327855594909,-0.130231144248169,0.0789672419796937,0.0611491345909506,0.826718590327379,-0.039801375125436,-0.958029196595508,-0.719302027630533,-0.280546408827073,-0.737101228054725,-0.74164365189281
"C407",0.948222105586866,-0.581945044385007,-0.874346261192758,0.35592345400986,0.0323085807682028,0.320732287452622,-1.43819627344242,-0.507614994493831,-0.367164988008296,-0.705414975720253,-0.745467599154367,-0.0734481379407231,0.123073499075949,1.13513276086215,0.940383616413264,0.423853443917362,-0.602970238461934,-0.556443370769851,-0.280427541378143,0.34900769821103,1.53893286877128,-1.3673105177145,-0.240669594116067,0.372638700097056,1.08536013070562,0.911270122554466,-0.988666852422395,0.748376565300837,1.1098644312709,-0.355667152353312,0.192846875325212,0.123871053496731,0.069179777565027,-1.63974714008992,0.645055335954219,-0.227117183438168,-0.0825830051185506,-0.354934552706475,0.209204983494244,-0.534233010765105,-0.474483907219518,1.46681595222844,0.067390801488441,1.27048759896247,-0.398256466503806,0.779167563521776,-0.189372590191176,0.740851733083555,-0.689820702781989,-0.850875743522375
"C408",-0.868233031268505,0.921736721680436,-0.78404030803286,-0.267026489624905,-0.268647072504482,-0.00736100166024027,-0.77848387784403,-0.93461514137604,-1.22648377674748,0.751942073727415,-0.276778055566206,0.00504638279824822,-0.837804965157655,1.58215724435542,-0.697344164491823,0.910635959522141,-1.07726114707225,-0.181363293727139,-0.313087907579552,0.144253103037442,0.128720968031386,-0.0466109518482293,0.762809906929411,0.60723677108415,0.367198653883764,0.864933862612633,-0.381813893422486,-0.52346222357338,0.371017313660193,-0.451060132425277,-0.825435226697052,-0.0027737049794436,-0.20135013715273,-0.249222401176717,-0.0288781297852894,-0.770209120270664,-0.563498352075086,0.151311662561857,-0.200942003605984,0.625706322975162,0.299244039233114,-0.758473954371688,0.190463184412029,1.20951581189508,0.71627242791911,0.0775374745987689,0.853117194877028,0.596085303554799,-0.115663074637485,0.189466809079872
"C409",-1.04476434716764,-0.584834645038671,0.203095675084532,0.119839925268167,0.529891107620794,-0.0703353303712519,-0.115127301812609,-0.241493166592126,0.791912911272749,-1.74109935086211,-0.480668715050927,-0.706322239496801,-0.255128496589029,0.208548323160455,-0.188482641031793,0.289119972494777,-0.249829679564804,0.661240542877534,0.884813843483001,-0.529763334672857,-0.0621233380046251,-1.06401346005241,1.03726529953331,-0.686690207593299,1.71065507810018,1.30427410314123,-0.617798751287941,0.792464721800614,0.169077131241429,-0.034063449356696,-1.01607880420568,0.0275490998993605,-1.08665314726555,-1.32572509528388,1.06645674322953,-1.21489320099714,0.0692553335173347,0.0516228987679456,0.481978918494811,0.664705185958938,-0.358441687030586,-0.654002744869822,0.458128660495889,-0.250978722846386,-0.13295252518012,0.541519148044316,1.1150185769176,0.344799895550963,0.0239020780009094,-0.326167478212274
"C410",0.652928788060386,-0.41348491100368,0.635134254974156,0.0852506851642331,-0.143808623051255,0.150433275368079,0.668336647572551,-1.01877180004583,-0.660776676330381,0.416410236118646,1.04814272394444,-0.484879009386108,0.62666013759878,-0.135678143965671,-0.555478572136718,0.13681188993227,0.27972495819303,0.444757844225424,0.381994929120245,-0.311144061370463,-0.352544662197209,-0.426762412871494,-0.051075982039495,-1.1098155357898,-0.12710603742421,0.296350269833433,0.430861749556164,0.189509203716443,-0.358452687372693,0.385442193735018,0.384198578141677,0.102588090295122,0.0905561665964035,0.111923035127399,-0.142946120182079,-0.343448930684134,-0.884829306754091,0.253919764496446,-0.371817326340333,-0.540423385163151,-0.122008119853817,-0.790192799490086,0.412181852532128,0.638559666238124,-0.446653961794646,1.20090708339245,0.29489214360824,-0.00453924083180663,0.944344685034956,-0.0120113706872936
"C411",1.03895562398502,-0.0445091459348822,-0.791332669842334,0.332781822169558,0.0752979691345786,0.896687781885,-0.276110441603262,0.674870306590319,0.109631275402945,0.260481761324212,-0.573796223136016,0.199397054608156,-0.825969303117722,-0.466474924602452,-0.302290380576032,0.0849618808988666,-0.14282652391446,0.41671262168726,1.20464993706181,-0.679625987378515,0.308013897842682,-0.486445438911026,-1.27575975108206,0.369395279897121,-0.226978166683593,1.20747377616111,-0.20639642719946,0.531401438094818,1.96670035328419,-0.0874662564149233,0.0294392362142383,-0.0151670049040361,-0.163116688227407,-0.300873959014815,-0.399888945597657,0.486192387250839,-0.171500286939418,0.483863720897458,-0.655910096605034,-0.382184362875091,1.23884096421636,-0.53197998581313,-0.149018799758974,-1.0971030649276,-0.133751599866553,0.282837126365961,-0.737183283457517,-0.305363352565614,-0.371509925775007,-0.857568600041549
"C412",-0.0549437950538652,-0.111722872238349,0.350404879684146,-0.0336398141219209,0.351861531770861,0.566709484080127,-0.844162067455737,-0.888468223452116,-1.01378146005727,0.402039224134887,0.142808577116827,0.916500531454292,0.436185027479585,1.17395588445431,-0.0267820980479432,0.1266003939769,0.80205324567767,0.359214003110436,0.157251388138095,1.12110275468761,-0.0568295588840334,-0.157292187874672,-0.41499905662587,0.197579082745197,0.815010060079581,-0.662707351395771,-0.278780577061001,0.707008777008391,-0.375184360484184,-0.129076797467491,0.79267448110515,-0.119824750881711,-1.27438044709289,0.393567920119924,-1.16499978370243,1.15941707590356,0.661768130633201,0.147403638233464,-1.87745842273088,0.483789817455285,0.452793739962234,0.593884607590731,-0.117074447394276,-0.370630590221843,0.0327416178623941,0.710827454940786,-0.578501438647779,-0.281762295227367,-0.124024354414835,-1.38931571910475
"C413",-0.357866722485259,0.0849930565474619,-0.207716258551867,0.240760233697134,-0.306248290349143,0.661618672645365,-0.60263384866786,-0.699959664614183,0.883272643484264,-0.40098855067092,0.0896450911716991,-0.134941002550457,1.51704000559924,-1.14962245350128,-1.17937306522102,-0.111196501699514,0.0982202491534391,-0.121771312111345,-0.711574866951413,-0.48885977018114,-0.0761980822602717,-0.09201448662095,0.172485860909162,0.139153854024418,-1.0722970939896,0.330263702515667,-0.0810874324773451,0.849942251096807,-0.0612576711657861,0.883491843191395,0.705616881705341,-0.242955130908908,-0.328230448931726,-0.82496053455148,-0.552137097843805,-0.440293040684568,1.60188761922383,0.743106262831843,0.00287014112968214,-1.23927718495561,-0.508575354970026,0.647272196336101,-0.11166912385482,0.171471779325666,0.474486944062649,-0.603821670860497,0.068729632724944,-0.0433560923778718,0.306827699560258,-0.188200481453554
"C414",1.15628149101381,-0.619197373356089,-0.677920909622177,-0.755475641681891,-0.118252166967649,-0.196409021614233,1.70934727407924,-0.0916379877174311,0.282249279668606,0.0375412629834984,-0.28254430083151,0.190120046938657,-0.131082320731007,-0.257697689080947,0.713348338363653,0.691561869097052,-0.155252112002556,0.234173539571319,1.4290008969885,-0.0202150312946149,1.14876466238802,-1.21452028997624,-0.120821694047316,-0.91342531432631,0.493797971570664,0.27147719700403,-0.588228708111007,-0.733758075372101,-0.210967015645602,0.420281041739011,0.23179630584547,0.67839852350246,0.526804130167538,-1.10934280116823,0.617404120397587,-0.0444715770620048,-0.380678597385735,0.171349750389752,0.174855784108872,0.479221393549062,0.846320927941056,-0.226532932822555,-0.399581241537565,-0.334270508558374,0.611940296947254,-0.607275519088294,-0.0870309258514935,0.19564308495951,-0.469587582279159,0.239114582634762
"C415",-0.510536684904741,-0.917392473522655,0.536775286609963,0.217703235448204,-0.398175293641863,0.492212396526391,0.315565876494553,0.207735315103053,0.118623483376598,0.991194356070347,0.828865360010172,1.05125649858255,-1.07614640105531,-0.806327083149812,-1.87117029236638,-0.579505554235389,-0.627528578804745,-0.405713299838699,0.160200632172332,0.607231744005485,0.0427322637999474,-0.189216999031811,0.583033961070883,0.142401863289556,-0.0933755039556631,0.115593268042646,0.499973858086008,-0.278522246738576,-0.049176476973629,0.0509253914486971,0.447241152667446,-0.77639284580302,-0.0510670379251487,1.3509530817611,-0.268737411175656,0.860819875864681,-0.268370407474596,1.83379416170192,0.125636376749229,-0.469119738581979,-0.41604726968478,-0.657287202053686,-0.126444928333292,-0.839999829040436,0.425771014385755,0.252679317604661,0.144500078364662,-1.05338006053121,1.05056722315679,-0.593060117239261
"C416",0.5322522572796,-0.202318030243851,0.632722443786685,-0.499194972935925,-1.04168125653089,0.241156639479126,0.943729531177216,-0.672735478172266,-0.530850549445962,1.08844714283462,1.30561085131021,-0.271304787035467,-0.329620847756751,-0.176968820266498,-0.303312973629852,-0.860398698347934,-0.276998877324307,-0.218083229560871,-0.425758851242478,-0.14019469633186,-0.507684925613656,1.99782648163511,1.07448771844521,-0.111670093208601,-0.80105965017274,0.515530404246685,1.67966361000622,-0.862927143603257,0.397286859356806,0.191835018587219,0.900023820524556,0.799222695783189,-0.419542069312783,0.583302406676528,-0.917597805657325,-0.624739380544365,0.346892879423035,0.485041648293382,-0.61448766526726,0.826744356354622,-0.13175077333126,-0.716405506489095,0.586402520834659,-0.398272795401372,-0.101097760537998,0.0954667775475466,0.632525807973718,-0.771111987308886,0.523069798007852,0.651770792009224
"C417",0.0631846080705581,-0.638457501930334,-0.151797027713719,-0.767956130504597,0.202226031720249,-0.699072592546748,-0.482894326389252,-0.823733574501145,0.268646476918297,-0.848016839443199,-0.451857680250477,0.626754856060489,0.432094359796777,-0.191344358807682,0.2712319092648,1.11692833262209,-0.317880649827607,-0.436094313211723,-0.221959911795326,-0.118314228433678,-0.682461285389569,-1.53724460809151,-0.641617580661657,-0.698954823422988,0.311351876538744,-1.73790429498768,-1.28930591908722,0.366410579492696,-1.49782195943943,-0.644703384648862,0.366201881312406,0.165531806734865,0.217196166168278,-1.06705901197527,0.365485907431917,-0.403215973781832,0.663211360761449,-0.87211345892479,0.117913668837563,-0.161222655014948,-1.30957585023946,2.27559432077941,0.473264359934817,0.372890460026318,-0.203590537729223,1.44013077760341,1.75599349120663,-0.344104282310571,0.405604596609076,-0.547554205728702
"C418",-0.434660367392012,-0.0333649416547068,0.557291072394619,0.688416248555643,-0.45973946282532,-1.51361255167889,-0.311386883071421,0.132521240719752,-0.470773846945811,-0.744677678871516,0.463005841318874,-0.195066054418948,-0.0598560503219178,-0.437939413355608,-0.810185269911473,0.0430706275119938,-0.278368563241971,0.499676564512367,-0.196158860264005,0.130979233317651,0.174625735169734,-0.0942547303691825,0.240857080585163,0.480373550996323,-0.0222845082264047,-1.10477093899745,1.50858276423686,-0.28059217248789,-0.257887847667078,1.46804965738826,-0.251344655077966,0.0310082627899911,-0.16234093333381,-0.550671534642073,0.0931453975644201,0.0437257678320445,-0.729802538550076,-1.22994946951483,-0.0626272088332832,0.0283328097327931,-0.220923584631008,-0.768252682822636,0.978048254592204,0.364564233952514,-0.998996209294635,-0.316600814818115,-0.553115749241554,-0.303847252152332,0.341445561673205,-0.997734106074102
"C419",-0.483674958043962,0.786007966477352,-0.481420214115273,-0.501184101104214,0.993958467551914,-0.415430618600001,-0.515950987164013,1.62841502670906,0.0608810189576329,0.123948598989173,0.618716343990221,0.815785715487149,-0.248177801312416,-0.0723319900900018,-0.218782219755868,-0.419714497450904,0.13769992266323,0.419423585076809,0.818910277613997,-0.200545167862257,0.300633251673288,0.512561141004525,-0.202681968447345,-0.752000860323586,-0.281016082506344,-1.83171784578649,-0.129631018795827,-0.474934840376105,-0.190608569894794,-0.128677227816488,-0.35442311511478,0.639062247359108,0.39803887953018,-0.26900563609287,-0.257915235581084,0.189423473361428,0.758641282073507,0.810797224198931,-0.0963935253586243,-0.588059534240879,0.428927279065686,-0.00567448079861474,-1.3166822512566,0.309340419764132,0.180998381500007,-0.73498778051001,0.123952906377185,-0.289039264960019,-0.48164331577207,-0.12663472313778
"C420",-0.0963137967880395,-0.277506440003958,-1.27663180401563,-1.98316332232252,-0.404712632263062,-1.06027214103749,0.267108895918546,0.300317777117334,-0.0711691757378473,0.450160846517663,0.460250965720817,-0.193838325645,0.162830600755769,0.27945419787949,-0.233737894687438,-0.229472711161316,0.444211653597059,-0.437758387127278,-0.447396038463095,0.0819158268115353,-0.46051746116862,-0.0932417898199542,-0.413384553353125,-0.0653430740547727,-0.10433520881288,0.0234617545701396,0.266271273186706,0.941103869258311,-0.516334123534276,0.852969738958625,-0.216425424289654,-0.217396521761541,0.230998653525351,1.03834679013195,0.763936308328611,0.531216768535514,-0.819110524758389,-1.2559014424824,0.239548631104625,0.623836745267195,-1.03404290337784,1.14346557532806,0.535114886089487,0.76335274943283,-0.786441057474657,-0.741646719314173,0.135337810135213,0.748104737817547,0.176602006141069,0.93789896753971
"C421",-0.204558709895739,0.174355204245847,0.992288799976674,0.52091056440919,-0.77868578839616,0.674917750241956,1.71886252206086,0.855907731702105,0.7954556758382,2.01428728465607,1.38490796098889,0.244166371370963,-0.253625385094573,-0.880002373159042,0.512412591901967,0.0135313539893739,-0.850785786452287,0.859689138138386,0.470985404964148,0.536875021693296,-1.03835604048078,0.683011962459064,-0.478367855793216,-0.49945713328784,0.13459153168818,0.67783400601167,0.229672418838595,-1.78548275540939,0.181442929379619,-0.533821196834081,-0.0411468028854488,-0.0161301163554142,0.73553475661328,1.2668089931179,-0.520281882236777,-0.28454806486473,-0.925009709074725,0.963766014787471,-0.618990791968921,-0.423364153960215,-0.961897141500406,-0.62911020653763,-0.286158436629933,-0.41637711537253,-1.14876849674477,0.071026693431461,-0.486960372956292,-0.310347535731311,1.02953152040679,0.597452294225955
"C422",-1.00637459444599,0.522474297059167,1.0433970953002,-0.432595718476452,-0.409411665018207,1.48598531878633,-0.492653565362137,-0.0122646937721695,0.214421126268512,-0.118818737236103,0.296136471892957,-0.0860515117480658,0.14386187283725,0.160505593241082,-0.318151216442194,-0.249666316630013,0.452088037094453,-0.528975158942964,0.00782666247085778,-0.104959771747135,-0.96363732702715,0.992563761366263,-0.674143053227858,-0.560891108115998,-0.272101918077215,1.09840835981982,1.34691873017243,-0.065532175871654,0.000537179417557338,-0.669621192254778,-0.427134007870549,0.143205943348346,0.469507380850803,0.400015723633269,-0.832398935071618,0.691038143793433,-0.453900311492643,-1.05846182944803,-0.300912623483356,-0.499080993029813,-1.2503046250907,0.258956449551986,0.134121641055298,-0.285072505910715,-0.732728325506916,0.639810865597594,0.461604587252821,-1.12333430949005,-0.323388378374292,1.39367682578315
"C423",0.777264946862555,-0.643015902952878,0.0347478083439509,-0.0591422729270678,-0.672612137689072,0.123262783925995,0.293469494194309,-0.796525698446825,-0.0463026752615328,0.396874183736914,-0.114896008242675,0.445399405371114,-1.04913567204928,0.36765276925288,0.730754193632119,1.50416231326662,-0.0316763887133991,0.455066769381043,-0.24485041244143,-0.311215303226766,0.0425017486638243,-0.215357333429628,-0.450169434100812,0.544430284622662,-0.0210532973124684,0.135620205952994,-0.325566235285536,0.292444124671595,-0.192105395404811,0.38806108351174,-0.242523143591783,-0.155214649679203,-0.0598184563927966,-0.235070669421311,-0.132902805008409,-0.571503212079493,-0.449589071318419,0.111996906579951,-0.556137595839431,-0.494407196069748,-0.458943029326792,0.73668249090212,-0.27848145810057,-0.500845266918165,0.427998425191106,0.214002884339539,-0.740357075627161,-1.02173751757965,0.185680734753894,-0.219427708988716
"C424",0.307287354421921,0.429578560301368,-0.765098941167596,-0.0350713036973049,0.0801604900627624,0.808950094462586,-0.588600985928126,-0.00414931719657261,0.88829964367772,0.263853915234655,-0.148002286847002,-0.243136616136973,0.886361568809807,-1.25931564276666,0.813826650122924,0.979845076257731,0.0744718725607438,-0.263048451485278,-0.715148546544745,-0.376189382334797,0.830697546755377,0.438409656462591,-0.636217481122373,-1.52652990871935,-0.655870459525965,0.767098206679561,0.169734204771664,-0.248241850868251,0.544600393666284,0.0169416212373019,0.379180139068784,0.00963441995929993,0.261191802721935,-1.13702551151307,0.56760702402482,-0.38964386923732,-0.428098463280379,0.61546614847519,0.253967112472552,-0.775754492511376,0.448067890468304,0.903556779355994,-0.504238227463371,-0.529073534801398,0.086650674111225,-0.131418252074121,0.0896368344723815,0.113815472199538,0.40993928810049,-0.417899491667101
"C425",0.735194602255931,-0.295438753027021,-0.0487418835614756,-0.400291310840596,-0.457300163116364,0.0922739249568726,-0.481642096960378,1.17119642694573,-0.556454783000656,0.984795568328653,0.467721328196398,0.79469401944229,-0.511944488541402,-0.51507638677717,0.741953564755339,-1.25510226825096,-0.139787766762135,-0.0998214659291405,-1.04914675359054,0.243806259098245,0.657480301364032,-1.23640256588615,-0.00231069586970688,-1.09663169475374,0.179726573732115,0.249035659034882,-0.378371093541199,-0.375681731918231,0.11901276763775,-0.742710404868244,0.548037186287084,-0.347311532735939,1.05630087700264,0.477477077849166,1.14734796784293,0.794458218945984,-0.368318312614598,-1.48376500363042,0.489514819016306,-0.585189797938975,0.146679279737397,0.302173655802458,-1.81571308825241,0.647819024072397,-0.0093899948301472,0.999723559361778,1.79603735346385,0.0615336415128138,0.226973056041016,0.801962100548815
"C426",0.316240116835474,-0.249080292751435,1.02032308173809,-0.236484991027888,-0.481920639629848,1.28014912110906,-0.477815549586644,0.958438124584961,0.00987506681951107,0.734630701599068,-0.53335688141877,0.575407533214007,-0.618088646304712,-0.151996357019757,-0.390261832182363,0.0570804942466442,0.276526871235752,0.444781003689398,0.0852574296822108,-1.14082021217669,-0.0210764356424125,-0.394214609481726,0.352021470581841,-0.820330142815463,-0.395977601497817,1.64321221885212,-0.528717699407891,0.464694071400559,0.57421106682408,0.0594340912223613,0.0609312267542657,-0.131213380818881,0.278430152790097,-0.240291239579717,-1.01659290443495,1.12475205974763,-0.0635376322004584,0.839126382752773,-0.416310317774821,-0.453670345242952,0.390396501367076,-1.01763155763115,-0.672047394387341,-0.929140627006591,0.325275957474646,0.700713150458283,0.130061321045486,-0.123620992823475,0.39434184376491,-0.305294649400922
"C427",0.443967895676152,0.177604650515533,-0.345658485465715,-0.36897109994496,0.188518748622343,-0.15786518457849,-0.645641809522019,1.08601064125539,-0.0234785616062571,0.266210091198147,-0.481431202958873,0.267382247717143,1.17327937231855,-0.274004400140427,-0.365944002362571,0.644226579899895,0.78415837847893,0.098658692500745,0.616044426376178,-0.732716669823215,1.08592479184612,-1.38610552216183,-0.657703056469283,-0.282514312457169,-0.398102992432002,-1.1919831175908,0.0388439401772184,0.931948718716502,-1.33014379645528,0.44733065487449,-0.534019049526894,0.632386363292129,-0.569699537306002,-1.00530554775897,0.742028111182307,0.552340486988365,0.145532108388459,0.404436094207836,-0.74587005274871,0.0114191521291079,0.219631229492302,0.393571331693644,0.61378545612359,-0.503678618931167,1.33238255629231,-0.932752585583422,0.0057948319653733,-0.471767056536534,-0.711317038736571,0.304653073653289
"C428",0.919499637732684,0.19100960531193,-0.365451680535509,0.252655245383834,-1.34674106500434,-0.23778935676974,-0.0818751013317959,0.1535936366367,-0.147000448435021,0.169546730068258,-0.216074141524402,-0.115603999924232,-0.0214815366575123,0.60688522577867,0.383057860755776,0.789056682216714,-0.168375335838929,0.375623814896817,0.599130085149652,-0.0588619409205259,0.528858034228292,-0.572642009454138,0.764005390193364,0.147086134437058,0.521920856053572,0.256925229000688,-0.761812130867871,0.854783027295993,0.500820804228421,0.800146628893459,-0.0916604183910063,0.00901456881551102,0.320466053963116,-1.0117056742856,-0.736398701696785,-0.528658715050593,0.104916796631147,-0.162249232399963,-0.118138267688589,-0.917215517493313,0.561638102940278,-0.881292935135861,0.268833767420003,0.695673393199505,0.302057829438028,0.295970034821375,-0.206434331130518,0.897547132939552,-1.32312856545689,-0.31426305386724
"C429",-0.475518263903533,0.369761587552139,-0.388840607664849,-1.288964929985,-0.679988984116728,-0.262163486627049,0.21496169553604,1.12877492169572,-0.356493511507754,-0.211878476736456,-0.13733145238811,-0.574921496873503,-0.494908725537535,-0.214655459650637,0.992938897988185,0.258883045537035,0.744495588752581,0.726727126980254,0.18041130138425,0.748939528585439,-0.0816185243041277,0.849191978853379,0.440605923524754,-0.61390566398009,0.856090253591349,0.26710197573081,0.00095514662334685,-0.340052408538096,0.266732599170273,-0.0742036986497592,-0.715954444045241,-0.114911695480742,0.204016828986323,0.999952865491902,0.427664011017112,0.0470983679646185,0.512883789924888,-0.523346880645282,-0.160888335329216,0.452587686429757,-0.493644828771176,0.495229358895405,-0.625203828255357,0.230606933969671,0.00312957448403543,1.1402902093177,0.678582829111137,0.395650589549203,0.210435190770832,-0.0458394378769604
"C430",0.488655393948901,-0.0142161954206361,-0.851201317919773,0.421105321318944,0.109981952783596,-0.337442335323326,0.600296971815206,0.347446513574777,0.714585000665732,0.166986891337633,-0.224284774024328,0.761280308199375,0.372849976963935,-0.0188630667301387,0.629908256709074,-0.305366050067821,0.813788113008952,-0.326714612077775,-0.105184650152177,-0.772661240020071,0.697226019366281,-0.200306501736508,0.982732190796194,-0.0190185366542353,0.161889929082628,-0.239144727473452,-0.132274983357244,0.101121688375315,-0.075868873174445,-0.997887825442683,-0.630878168052257,0.325440971356984,0.749590923513812,-0.302912537282022,-0.793936229131593,-0.444595748378745,0.424437772597097,0.533765181296718,0.302981666028696,-0.626596504449292,-1.4151420753341,0.821260445880944,0.646866162862019,-0.364967303540369,0.366797828342585,0.242570930381218,-0.455609305356727,0.805737412277627,-0.701287487127521,1.2860554594583
"C431",-0.71164126569045,-0.513183007996661,0.363084619881821,0.0471108746063534,-0.903325046771676,0.897717608944616,-0.0245534454015079,0.0459183874920028,-0.436725108228012,1.16803816189329,0.0476357381506665,-0.42784751515092,0.283091975703436,-0.0864597197807242,0.130320120124961,0.60719720788482,0.823913079635555,0.0162179137956124,0.704413621890037,-1.8450780758937,0.631570788225002,-0.98737913138232,0.850104301956046,-0.463921188933696,-1.03540910777401,1.49070033379124,0.0701389013754895,0.968634695071992,-0.568272805867018,-0.141215497018426,0.275294552994519,-0.173603947184459,0.0892268812400197,-0.851641711420434,-0.228326854958632,-0.746524838178817,1.08355228546095,-0.569630715333545,-0.163629577116065,0.258525083344545,-0.313777521702535,-0.332360570656536,-0.433086761482318,-1.13503125280158,0.681291972914324,0.540738840918985,0.77842371246277,0.138616040345101,-0.366279171261571,0.0562981893779695
"C432",-1.36875086109657,0.428515362430026,0.612593713321497,0.0957243431546719,-0.376446543538216,-1.20937499306711,-1.02599714661619,-0.625830396772862,0.0421003764891543,0.566007921759281,0.549988336556087,-0.150287313816954,0.834799809708438,0.737983521607266,-0.14590384757426,0.423264451272538,0.668860891684801,-1.2142016323347,0.159297723518114,-0.401137487613495,1.35393051857845,0.515089028769993,1.35554406541743,0.490683266010062,-0.185939624117249,-0.940148624149152,1.45662973825283,-0.35658552601517,0.269925363208158,0.671436187670505,-0.18364759657571,0.343629968176112,0.0333129587247201,0.682360034115014,1.08104328718371,1.06629383393751,0.295164971026474,-0.831312921233818,0.632633412185461,-0.0353371502220313,-0.21613072324744,0.679007382080876,0.151883281507167,1.28744896927379,0.893860338537301,-1.14819555355488,0.237439347796774,-0.0379863527646969,-0.598462411828174,0.30656870825161
"C433",0.10140124959946,-0.0727225421881245,-0.347679175347445,-0.759042903771771,-0.00958640027557016,0.160400864555085,-0.489604317882916,-0.532877511818117,-0.985218198570042,-0.253674890538402,0.195565422166398,-0.0439616198921781,0.0271990453977336,0.190330083371925,-0.745395764286089,0.138494833379893,0.106687523272939,-0.47062364493923,0.402609586450919,-0.804459756207362,-0.367970925488126,-0.578011249279237,0.0734653500170345,-1.33579319788276,0.236903957130819,0.763061148260277,0.175693493534193,-0.62097053434547,0.635934835420569,0.0747585902278458,0.480683451842852,-0.779722986378593,0.175298198787659,-0.564876371784858,-0.660674022727518,-1.21003338694001,0.212054602721855,0.189258797214368,-0.392640497712666,0.493754614970017,-0.0511802305197584,-0.781391007518134,1.09119324469277,1.05351973431671,-1.24934372979251,-0.104684605498422,0.000156976216286033,-0.178531513472384,0.308966812075574,0.120441466432221
"C434",0.0695195782200091,0.431531977039715,0.272340454375618,-0.442357121898008,-0.0218212560715858,0.109475460097038,-0.274250526580707,0.572217031713866,-0.271735687476246,0.571126318305722,-0.303859039711454,0.697445329771854,0.228591579560608,0.352213537472379,1.1554365560134,-0.184749514892458,1.26420281017458,-0.687691223751916,-0.298871081663442,-0.554702340829498,-0.445590026672115,-0.488432910684857,-0.314354837529394,-0.483611830165177,0.381922619689802,-0.640939076317886,0.0854893239807711,0.981940626216143,0.470859505730303,-1.7221679045604,-0.12338015030042,0.289301156035739,0.138183854699477,-0.365720648281573,-0.680873240138342,0.618630169063341,1.35902132227516,-0.594629711110511,0.519576440625871,0.137854524451768,0.0394795709041082,0.222861093187022,-0.973158734888803,-0.358520350499515,-0.971237502549823,-0.748195078432032,0.480250709797455,0.151974009822129,-0.855425228363421,1.34477828131469
"C435",-0.472662414830998,0.865712904300409,-1.90835575489224,-1.76559535154336,0.247828602415291,-0.628763818163857,0.303671129285361,0.091404309215089,-0.240523742723645,-0.63551449205457,-0.899459076007465,0.0874009075100085,-0.141332869905201,-0.843953191227739,0.0888302711100613,0.660776202550887,-0.550886793701169,-0.0986564873617227,-0.606806762595322,0.553828533289274,-1.37014981482987,-0.340286024686803,-0.828441829092122,-0.419598729801466,0.486686207991541,-1.26734479158665,-0.190220506709175,-0.130473931525173,-0.637414868520906,0.103224437892978,-0.137992635393324,0.565931627017773,-0.455775593581855,-0.51849421361828,1.37571869902134,-0.404505923135694,0.543782363729746,0.352212434977148,-0.578588500486803,0.238084219463305,-0.569572313497643,0.712613292900793,-0.388332974193902,0.903461371610043,-1.5245295522474,-1.17462087792656,-0.0176628730042096,0.674218820548626,0.0790375398323087,-0.401320469725341
"C436",-0.514735432733132,-0.601026804244607,0.359306964662235,0.452979203951638,-0.939816538829528,0.360176601034533,0.158078432406412,-0.0390004517062807,0.174885462198612,0.515431305054411,-0.0159716163329372,-0.0190214926758395,0.789992134288644,-0.202182240971988,0.25528516052213,0.0368811387693868,1.16489695838476,1.05217773422297,0.702745385989531,1.46774185010641,-1.73484659455928,0.964994629739088,-0.508966105661502,-0.440330816280765,-0.842118152902539,-0.496302603849004,0.691068002284895,0.436133946023316,-0.806419061805608,0.0179026120607081,0.458584107418497,-0.330350200088456,0.258329251096215,0.539629688906535,-0.845617138573538,-0.372242324501584,1.17743939778463,0.813059871575007,0.27217782338983,-0.960204317495584,0.30751010114384,1.31709567122275,0.864355791095406,-0.684671409876487,-0.565760424661232,-0.0268612097487224,-1.02368039004396,-0.158693566080692,0.606187173715179,-0.558595798472769
"C437",0.0278023709642247,-0.124878859144918,0.0558036452050841,-0.156550932567159,-0.652206815119949,-0.206720255892141,0.386659548397795,0.388905268486235,1.10529181312482,0.595751541914801,-0.980438490683785,0.43368617673151,0.0884001919646152,0.738657064040118,-1.55283026152962,0.151481940935633,-0.352017344389303,-0.0990067071373442,0.0730150268856528,-0.285286874821576,0.0477960830808892,-0.295304036894672,0.905856635385739,-1.61289812426471,-0.962025837747341,-0.0745634502542265,2.72457632670459,0.640578400205397,-0.0519029098634577,0.354176888080476,0.300810357647801,0.43377462846276,-1.26441867065083,0.17898315547829,-0.0942581490079657,0.771004227546914,-0.0878996872719246,0.0974722891644591,-0.168852589703799,-0.155689773424703,0.818170283668246,-0.947467333416496,0.817556971741486,-1.10898891167515,-0.257995277462907,-1.55092451069647,-0.635889302521287,0.547268823354617,-0.684050092120275,-1.23065953724071
"C438",-0.640142833566483,-0.275687927533443,0.320700811722433,-0.770195115258982,-0.729222668277536,-0.145300409050369,-0.822906179203368,-1.67570436032225,0.55676885128662,0.919279518555358,0.088861548926756,0.228973103817491,-0.397087805000732,-1.0421288375798,0.239437258777949,-0.971398833471624,0.399744015397312,-0.0820401803632189,0.963067029175082,-0.290609709772683,0.58420750030164,-1.2331173878173,-0.523104738951549,-0.500470503017605,0.0479191198228608,-0.818238324011734,-0.0567735653713659,0.374348607711088,-0.381052399606371,-0.235844552011179,0.163065569797839,0.677138511063589,-0.337822186770389,-0.868591339317589,-0.25191958005154,-0.33826221351409,0.105512089867637,-0.349611650920778,0.335266199342591,0.0165042009514831,0.686168918296698,0.0882189947321664,0.580819533388158,0.0742949080066007,0.423109100064527,0.0513594393624511,-0.887843698397168,-0.184384042477804,0.259606022582762,-0.55173947932394
"C439",-0.863937887031793,0.14449171950081,-0.758469117819016,-0.385155126230016,0.945873940399827,-1.02990417041114,-0.938161949503652,-0.726120316759317,-0.222324129771236,0.244023592563696,1.07018571442518,0.549566143910456,0.447608007505226,-0.534902459151633,0.587782583696468,-0.079245681554875,0.77391454992759,0.517585809664714,0.441690159643961,1.10721089650688,1.02623846948207,-1.98249349452632,-0.334207509101292,-1.06114498547646,-0.0545969119710653,-1.3485199277365,-1.62022487766699,0.305947120393772,-0.158812306704575,-0.674108705198391,0.154139262748184,-0.484651161376954,0.799131743657945,-0.814541958300265,1.08016458036868,0.11431657759554,-0.616712224378859,-0.809581282329555,-1.07532966843589,0.619945136239042,0.634125145210797,1.37088011622158,0.287271045567261,0.0944134466000769,1.04756249035902,0.562029147829847,-0.0253866794212001,0.309350579442537,0.737700947574466,-0.615007078102747
"C440",0.706477040477497,-0.520641045768479,1.28275707729688,-0.411396039196603,-0.0515901073484281,-0.355473524446201,1.0162213959261,0.156590189759552,-0.0276800744601442,1.55279483583116,1.73721867192188,-0.481797284034387,-0.716209120977357,-0.151376751676473,-1.03494193049278,0.274402664983464,1.07686978854473,-1.00623949814184,-0.533797194508195,0.157289859839576,-1.61269374374577,0.972195613539051,0.101463866760548,-0.35074756230135,-0.831512922698365,-0.719270246065562,0.846573090270785,-2.28163874411224,-2.09355846709441,0.0281887763043692,0.657956543021659,0.948162179208005,0.528431102029833,2.00388027326106,0.283403386914769,1.29071867801645,0.295651613674001,-1.2436530429314,-0.774724780852729,0.628711843457291,-0.990224038254419,-0.051134865665469,-0.823002275204221,0.457067204724935,0.282728822377641,0.18411411397509,1.23276020276965,-1.00488459129203,1.31985842157058,0.207222070663862
"C441",1.17583811885919,0.207780970309568,2.38243415364577,0.223899014794253,-0.480096202325298,-0.217380922858051,-0.153878480869442,0.849878120135148,0.743851901664922,0.780908009590133,0.190173244110676,-0.0346752273633546,0.415207011966556,-0.560345309618138,0.469088329939196,0.261599316143942,-0.583534655731043,-0.0567579503718722,-0.780514198966313,0.499359141405555,-0.542190574315156,1.3609409227523,-1.00059927824249,0.861387977318358,0.410866739108779,-0.646925666459032,0.431934914345847,-0.553633579854723,-0.0216620247890895,-0.503696153258639,0.284929538145598,0.0875344186991279,0.0258201035872693,1.89808738571411,0.474636144255942,0.55036539742694,-0.748832837275113,-1.23351083698177,0.332804386289138,0.360225740523827,-0.281788676667687,1.58428407378213,-0.783927871984895,1.36555023727796,0.929672239631731,0.472509037591088,0.41649704943521,0.787299524142967,0.60411758157162,1.44719986291072
"C442",0.464009520345175,0.240539418319488,0.447947119862302,-0.426531674205537,-0.231331019285759,-0.308375579437662,0.919480267585962,-0.227874390020034,0.741078987753602,0.536269963279091,1.19410475331567,-0.959838023492738,0.302187761023991,-0.658645027748525,-0.871158677427956,0.647804258439363,0.0270421381418002,-0.522347991685983,-1.10909286250346,0.193597757089848,-1.24379761933562,0.957846401001293,0.333424923108584,0.293146631789481,-0.414168162965238,0.596224493931874,0.181776199884463,0.0160681188972784,0.648371446773604,-0.317683809340773,0.62783283409083,0.787391685583317,-0.314234905016147,1.47580806102541,-1.04233630322613,0.801392474240433,1.44490088557153,0.712715968591938,-0.262039321554557,0.232669160523207,-1.13004830077025,0.217991589243837,-0.146244350283848,0.288278330225605,-0.11058302638546,0.809874046053907,1.20241864975221,-1.82945893994298,1.43581487752544,-0.0632418073568572
"C443",0.123463909502452,0.376132253563515,-0.133618154900933,-0.0331057725374422,-0.0245007826355016,0.656767277076083,-0.79502792803873,0.715376061258427,-0.935763290332077,-1.28579125866739,-0.217748159528339,0.77466569938148,-0.371791441687623,0.821696486542378,0.627147647078523,-0.892610707893157,0.779201104974388,-0.209970691383334,1.32417228456555,-0.225489727296602,1.02380811985255,-0.317889280676925,0.600455535570316,1.57090341168405,0.664728291593261,1.33699999416337,-0.713548858119105,0.907460178698469,0.119914167905026,0.341520780402789,0.166169148893202,0.343099423431299,-0.100006214438054,-0.440751824964151,0.690809208165189,-0.323966818147416,-0.244325099810217,-0.374781336540009,0.552329780138418,0.115271871557756,-0.699035102531725,-0.899019464043001,0.22393952624178,1.02267834085072,0.468889599390518,0.815889256554807,0.317151183423218,0.502391274756066,-0.556714816218474,-0.2686406773304
"C444",-0.874104526561211,0.28329305639548,0.471586352594391,0.486955798715118,-0.375947979064874,0.785450556500336,-0.752394764427396,0.0363926158067019,-0.663968594106292,0.260808984784654,0.0616869817615075,0.998040398425681,0.0283766798680176,0.547384822235869,-0.660394825019943,-0.701178387226855,-0.392645639731963,0.434765764838075,-0.273102081138306,0.234774814932191,-0.0485075166075392,0.734836350477474,0.535422971126406,-0.224515156879049,0.0597970044666403,0.304393440281678,-0.0452398439969969,1.20451994864947,-0.975185264220606,0.360955146779313,0.180356820802345,0.289937047274255,-0.813544561448845,0.564193138426561,-0.928417181828437,0.450081150520863,0.108473688579522,-0.429843790199676,-1.147483287657,-0.531064939043712,-0.495645075323041,-0.454684570142179,-0.0707545604524625,0.0878669343812145,-0.602699964638884,0.477861773349411,-0.189558577891437,0.674204077881337,0.551644873623122,1.03712014960948
"C445",-0.605895818587521,0.682718462443105,-1.04182434189899,0.0611002627245366,0.176316642559702,-0.451162103509829,-0.921387913415321,-0.846261700606651,1.17061925913556,0.339173558669763,0.671887810948925,-0.240106135457135,-0.00616308060117359,-0.0253908945126311,-0.702645477710252,0.865727776274114,-0.172857391357836,1.45786769857665,0.39631986303084,0.64123377677435,-1.33755699290177,0.502608956064902,-0.324406820261951,0.0809058520023468,-1.0022007262566,-1.1169862175343,0.19444644887136,-0.265652091588078,-0.674509952559015,1.08338997809549,-0.195663153679572,0.340560589427825,-0.273400239811492,-1.4224124822926,-0.30197336619093,-0.694969921049823,0.304889694080144,-1.61303388782518,-0.350103668796807,0.405403581782496,-0.17354436346718,0.855157904926782,0.422148654779362,-0.0821914605882557,0.470801627010218,-0.878080091280424,1.19584690246853,0.413506627253644,0.810519978166519,0.620578658315233
"C446",0.400201553546223,0.654994469898854,-1.00507267281081,0.23887954768379,0.0574379927550786,0.319180919328559,-0.590750758181573,-0.163659742942837,0.776506058508574,0.739300474076351,0.40379048192881,-0.266153706123853,0.159851521186269,-0.280009499555453,0.84551215270022,0.0793283726023918,0.120413104100243,0.251950570038627,0.127088610365396,0.200488486826931,0.0600937306177557,-0.522483657034822,-0.572026829527972,0.864307501627613,0.207858511446387,0.0650859168101219,-0.718493002839951,-0.489685890438637,0.419211304516377,0.720772214256857,-0.83319608588138,1.35183475431214,0.892010988531366,-0.980472438408835,0.480979376907777,0.397887849285841,0.355104921964158,0.667711036832912,-0.163254166580018,-0.330902901927789,0.230341440440577,0.243572867126818,-0.234969754420203,-0.910748860833699,-0.344947278484799,0.359686725338502,-1.08063900484494,-0.14497499402841,-0.941616307615401,-0.562783562188737
"C447",0.0693781431383036,-0.359842549488679,-0.378368583981939,-0.135150472394601,-0.000308512314367654,0.675031073966088,-0.222281271931883,0.0782958148478671,-0.257166269804982,-0.471237702416927,-0.154563665435335,0.2972211249335,-0.206963739436163,0.0988246044300944,0.174804363707773,-0.454301554165715,-0.707184652415288,0.642416943261667,0.239178313988741,-0.022079993714419,1.51003963415164,-0.382205292914797,-0.887095986286513,0.411716730805314,0.560892833136731,0.163590298060365,-0.330967918665557,0.977237701691957,0.904854562266162,-0.0589084825065518,0.785263454775016,-0.553283059652096,-0.481999145128937,-1.29602895828351,0.88000765327388,-0.6372234878513,-0.989420091843543,-1.05944134233012,-0.188030076549389,1.02935399679515,0.392242733757659,0.363647294825508,0.148120754060685,-1.09326324614641,0.363102810243901,0.113425419072046,-0.113310013474406,0.244834144280098,-0.9121119864907,-0.959189329072937
"C448",-0.539523845048922,0.079489680845392,0.0317934039314623,-0.433562221033897,0.783257178808717,-0.689802682248311,-0.46228754604243,-0.386344683883446,-0.0253845337115245,-0.504125392095705,-0.181991070509324,1.03508037620424,0.774574864433416,0.0275010367288329,0.353360951579243,-0.0429468360471844,0.902032001948505,0.379360501187308,-0.0276392851380269,0.590652767532964,0.745047856612102,-0.723347015481692,-0.0806413642465247,0.290905313931425,-0.545386644297835,-0.748137473650105,0.434163038996742,0.128423621077635,-0.481930023928545,-0.213166971960844,0.205737469653402,0.514240379994258,-0.0799292527335983,-1.00468458089372,0.233970342956177,0.375950774357853,0.354795476705754,0.618935550791627,-0.4513308661659,0.115500317176287,-0.378787476314282,-0.38034090168211,-0.420946205938753,-0.889838224496621,-0.262060092965476,-0.0336332960102579,0.00869161121596161,0.20852174878372,0.40363778838537,0.08375852264926
"C449",-0.114610663208485,0.526597213543598,-0.470616933215016,-0.75991647903564,-0.0378876590806328,0.395727673313192,-0.616127909013922,1.19762618689892,0.846824418089792,-0.224479928323753,0.729974902748472,-0.388195181195728,0.106717456142907,0.496119110592462,0.951679039265516,-0.0169467985265349,-0.67928461262658,-0.344879204130707,-0.58219918380681,-0.440414237812308,0.241801772896625,-1.08680396077412,0.148556282189577,-0.544016658546554,1.28076048614708,-0.792484828314037,-0.041292237349613,-0.19902312621081,0.543006303789722,-0.259166427885939,-0.157764228245457,-0.16092586484505,-0.314945156677714,-0.0152212526413871,0.0651685449350069,0.166853758869076,0.247974153006107,-0.293758105262962,0.471951825947526,0.811104150655561,0.0884648734601949,-0.00801543343940807,-1.09515432873188,0.197657852239646,0.453084601608577,-0.51035290660006,0.751474756012066,-0.488948061117311,0.152511818801429,0.601219803493528
"C450",-0.376746696472041,-0.397964535895401,0.195631913009271,0.133163202071769,0.355312982336709,0.273666646632036,-0.141568785290256,1.43682379228164,0.0570151487509326,0.138262331902319,0.29210932370111,0.199204088665167,0.0943176526709577,-0.622164680193635,-0.594933751655397,-0.590516643900761,-1.34235489149922,1.78190374196305,-0.215180598201609,-0.881882348285798,-0.430877052358383,0.899120869483584,0.521553822372025,-0.222983487069627,-0.822168378003735,0.218749570006003,1.96408647110995,-0.802812096010167,0.807632662587079,-0.420654190669451,0.305517813322247,0.592599386237096,-0.135554091992901,1.29605128259931,0.399815911042022,0.446259584025042,-0.587742716631718,1.01519231536425,0.206850747684545,-0.662561984587924,0.932846025902733,-0.323947273813192,-0.081974021301838,-0.359863587712776,-0.768458097090303,0.381965085059679,-0.434066778769535,-0.354159066927006,-0.688954086948688,-0.118921732572679
"C451",0.460802631678683,-0.369347702855821,0.324282245829562,0.0903117086398623,1.18720439828429,0.203924717400411,0.760512260376546,-0.580997414861874,1.30573617269689,-0.885472628831322,-0.439840376274987,-0.516454634806442,0.405519762107652,-0.613066182534288,0.820019861571327,-0.0922686614417808,0.844593397765382,-0.510990139006166,-0.608568794131574,1.19884195262321,-0.517939851251215,-0.386612185296895,-0.113667797306372,-0.267155231594275,-0.173586471849693,-0.718041482576344,-0.231793569568352,-0.120459144123252,-1.08143042399509,-0.350552264883469,-1.23937891343885,0.963444401425418,-0.213574502585271,0.613391047220162,-1.15584093112917,1.54695666346739,0.143679843282452,0.155132228729967,0.272466926823764,0.189499691087118,-0.26914555898395,0.960185011712721,0.383030404111521,-0.86861157418157,0.381018753313132,-1.42312463954636,-0.111494184621934,-0.302480918648724,-0.216889817291706,0.66453463742653
"C452",0.349011206760696,-0.777194303538733,0.166715134611231,0.433179847048835,1.16264566335884,0.970195603472724,-0.0207665633923028,-0.362378127803433,-0.738410553283509,0.415432786266521,0.708533375915907,0.413459311520063,-0.541203423904838,-0.334832612514084,-1.09369762772245,-0.337719199044437,0.435067721025211,-0.127758551973836,-0.151479049001997,-0.000699462575211743,-0.204993921298725,0.128086242096477,1.40730999830251,0.477064372850193,-0.666811291329914,-0.0808564248316289,0.0399041049154246,-0.460236535751441,0.535278529241362,0.710946345237281,0.488456794061662,-0.39839282994847,0.768416791204996,0.59040398384154,-1.00382331450928,-0.332011256766342,-0.322494068425773,0.912102711191799,0.117468524043937,0.562986620546438,-0.307853163564618,0.540198603493104,0.11362670215766,-0.673750631354428,-0.0789202355444813,-0.311893361838946,-0.0157367775914712,-0.310305894192608,-0.0681592726335293,-0.320221491283628
"C453",0.126036886395828,0.0289395258965521,-0.0628129944540595,0.00897890566143728,0.159133946190604,-0.758732204093926,-1.16558047914497,-0.159759082728856,0.0692001297392545,-1.32723673382134,-0.0799992011917236,-1.15939807542885,-0.793669525299479,0.11637022460248,1.44984222065978,0.405717800272925,-0.776056744182489,-0.0917180566526916,-1.25316586409816,1.29631167446966,0.722655746000907,-1.05584307978268,0.545602786010409,0.198425671994649,1.67899426403504,-0.97746123679451,-1.43731711837047,0.0459375771208506,1.0178782019819,-0.653425989163101,-0.368631488541597,0.127692993675027,-0.458125282771477,-0.550286095185482,0.957353111744004,-1.23095261633517,-0.503762361348935,-0.125281871668016,-0.530694952275781,0.693325100335785,-0.363563698430243,2.49530513808025,-0.095621102499607,0.155265197782568,0.593533851828725,-0.243104264734678,-0.759225295282877,0.500265964341967,-0.00827706286363266,-0.315358364373148
"C454",-0.154248228452574,-0.545561250046038,0.691557252802072,-0.457107934526887,0.409295509286395,-1.0203845550587,-1.367264465253,0.694575397213385,0.199837916717901,-0.386747107309976,0.389468610735694,0.730917049274192,0.745444544840119,0.728532406541523,0.793578619212028,0.337156841814273,-2.16599770569767,0.339975210597544,-0.199234820742986,0.124740730187334,-0.43468035254872,0.804257371582253,-0.266139700850236,0.237100409518679,0.69447843934878,0.117160315698961,-0.0283110856704859,0.654852889289143,0.206613996083875,0.486829689360769,-0.635373078566773,0.0316816693301103,-0.0835952566822807,-0.20458295935537,0.459348945566366,-1.29785968366916,0.351689658888927,0.0235678828537912,0.161573508106844,0.320703483052289,-0.112651919511069,0.45588931392454,-0.166999888201358,0.274994638392664,-0.158545866780366,-0.792320133679502,0.307494177248296,-0.305841900576935,-0.457329746171201,-0.279954279419647
"C455",0.296226621993155,-0.211282421811911,1.25062090578126,0.319905374403211,-0.272490006740569,-0.65275862346983,1.22424474711244,0.866023044453037,0.669480620131687,0.933874934155491,0.739115506100031,-0.0483154539215986,-0.128362034323696,0.419355502451995,-0.296033128650706,0.740802514176665,0.720227039247315,-0.730008338482303,-0.485682015631166,0.391026624999738,-1.20783588277128,1.09054202596438,-0.472264962491631,0.523716252940673,0.706152167390126,-0.485493875767997,0.571379769863607,-0.399402462159134,-1.67897699933135,0.443031711765975,0.850064490822674,-0.496641950336951,0.658114255111207,0.591796094156292,-0.356076947840308,0.0603345077243888,0.168165385908806,0.546072547914464,-0.139903377931042,0.463933426596793,-0.493477802161243,-0.088767236353894,-0.405939078504578,0.459671279999937,-0.258304201777293,-0.373866507485824,0.313376223564435,-1.17621736441081,0.316857111509206,-0.0967431922319126
"C456",0.0501717530006757,-0.515135612667936,-0.77157188496437,-0.845688775317352,0.16327617493001,1.2156205196731,1.71583743107234,0.671069313801106,-1.11182103406698,-1.06262481112241,-0.483911900449127,-0.570102629570465,-0.347797023578125,-0.12561288912525,-0.0216198688432416,0.110409103508854,-0.314972019315727,-0.165791428177146,0.78666109613896,-0.226134942664773,0.176667151072585,-1.11058717079233,0.575858538898948,-0.295437931196188,-0.427467349745158,0.817829058489621,-0.897316342087073,-0.553516481565105,-0.679219626186599,0.425848638181151,0.0968884232174168,0.0691116668994026,0.128842999642325,0.0362680609278749,0.159073753629438,1.22043139216661,0.698541561682236,1.55200326421601,0.425864744655354,-0.460027881678564,0.171099626755741,-1.31315199111818,-0.477783227446766,-0.0205352699849762,0.26767022778156,0.60181699155442,0.336733130992665,-0.0408926802884972,1.38922970596538,0.179200960881007
"C457",0.990220419139825,0.2548031376841,-0.198189313333603,0.887751355850622,0.665631900148945,0.303559672158874,0.68681160525859,0.249464530974796,0.650816742324362,-0.43548941725972,0.189869710836302,-0.849060073746488,-0.092209436649724,-1.18718187682191,0.0192054560081315,-0.0821707200353613,0.423706969540309,-0.730975229981148,0.421576567579134,-0.257684637686389,1.35687762204849,-0.935454389146437,0.649526345775322,-0.623729090243113,0.736730636990368,-1.17436081977544,-1.44516940878614,-0.459701933085993,-0.920658497993911,0.41165922116488,0.532796870303344,-0.070861869619404,0.0598609253635913,-1.93185999785939,-0.182355215491493,-0.336156083254279,-0.272084672592308,0.891559371091202,-0.0150441643507667,0.126803810887627,1.36092503158397,-0.166776396537141,0.0999015334188292,-0.151384964495557,1.15877919613766,-0.0405277010230937,-0.495916166363726,-0.0285115603865157,-0.240281659957833,0.249837442798729
"C458",-0.535421858566273,0.938346517983641,-0.887995725357005,-0.406974372931897,-0.219744705901538,0.24375106918656,-0.127129656542704,0.185819008383114,0.31449366925348,-1.16827127465092,-0.360121974236388,-0.0112381226437806,0.264066741132368,-0.317191107978704,1.10966219412192,-0.326754015721547,-0.715714316914743,0.490887866003409,0.129507021188041,0.898617104817222,0.675573761762947,-1.48255575988121,-0.475276664463261,0.181037957242764,0.517612155301805,0.203787165603534,-0.442282976891092,1.35400012685893,0.290401268700093,-0.661063475039762,0.104518264888536,0.454693636510782,-0.878741827739856,-0.287424181365214,0.959009796608591,1.22367522264544,0.418693461688701,-0.486843574175596,0.118496335106538,-0.155058064673992,0.333955586423088,0.505990412455614,-0.169859929991923,0.170402424059433,0.101657152805099,-0.172999067538271,0.883275096072413,-0.979016420553403,0.101722101528856,-0.0173450728913537
"C459",-0.011122337851868,0.504496704678128,-0.427357318545571,1.0376885513245,0.728147446442154,0.0379078752763487,-0.315737936678461,-0.2118332508998,1.09236094325988,-0.0446468637278909,-0.445319065531031,-0.483306353884231,0.264519678597045,-0.687082264701029,0.383571085661137,-0.775502755037968,0.0398866395159268,0.633517030243478,-0.403178129388189,0.0854905405924233,0.280609278811471,0.350543939697702,-0.452307246484626,-0.00830832412412641,0.489698079805397,0.203845287435771,0.579662487813695,0.0511199900511164,0.783093114381798,-0.386806718982138,1.47261263095692,0.272014004468112,-0.298010524752695,-0.893666356988368,-0.244490630347085,0.877617404604626,-0.891265409135997,0.543957854976999,0.319101908482359,-0.309960684287599,-0.929658081014373,0.303656954831802,0.514711011173005,-1.02177364487992,0.535225176042774,-0.570654193723178,-0.478913741951864,0.897450632253745,-0.400326744854511,-0.0113948896488378
"C460",-0.379306993412564,0.572523078559121,-0.349318049477743,-0.0489713565559337,-0.0532444892277007,1.05358863142851,0.203613165763813,-0.532296380584674,-0.0341575034303533,0.00722380801055736,-0.0131134798252443,-0.557527297243045,-0.513142400233552,-0.333157533916746,0.0840571680684214,-0.199217099608524,-0.0858077355198193,-0.160074199710432,-0.0315132612252492,0.401672011139228,-0.439505959940903,0.542197246287055,-0.465793812719555,-0.149460914542709,0.389707388557355,1.13353566048851,-0.665145730502201,-0.156293744306262,0.502072480993334,0.91765794861985,-0.365924814598177,-0.706842243406106,-0.210868504373742,0.811215973532369,-1.32821471196709,0.548681208017196,0.281366281594389,-0.0380061747154948,0.0264288065707363,0.23728413431212,0.355917252032215,0.0140524403642641,0.307641451912082,0.223547467356384,-0.199020338144912,0.562267650343029,-1.36442030236126,-0.709601670136721,0.290660313091563,0.137607296921625
"C461",0.0570477169954353,0.0205526019291914,-0.041881154665083,0.316467636697025,-1.21500876517726,-0.00473482700737719,-0.78541068711671,0.360125276552946,-0.0124498528094138,0.689950492593714,-0.412286545421091,0.5428981691552,-0.0734998949378144,0.328880502241791,0.119369677092846,-0.649671662735217,-1.41321242528089,0.0256091154801192,-0.617362993743729,0.187518835336275,1.32766463875014,-0.733850596836506,0.00461743863723368,-0.220147935722838,-1.28623351465501,-0.218138665388896,0.488088294177421,0.914240692386127,0.890423505135903,-0.495738150799758,-0.0524424792910971,-1.11330195126808,0.605557430860451,-0.469810733840532,0.239884659833648,0.463688329352858,0.0663424484819422,-0.466703712856558,0.308317278694946,-1.08634681344483,0.184495087935406,-0.135493190278352,-0.349010057481264,0.550188867056762,0.442314937754461,-0.260806533934059,1.20517366670848,0.724166557963474,-0.785935389775719,1.01977935775541
"C462",-0.446688158936103,0.170074184020987,0.134323140335786,-1.0646529095753,0.00116157174608936,-0.439067888498707,-0.806881992874003,0.782987584560156,0.736027084611456,-1.14154981749961,-1.14397646114731,-0.466588690945376,-0.832037310506625,0.993012510780038,0.6232205384854,-0.675809418029453,-0.425022342362606,0.377824920140905,0.372147052909971,-0.410798173403598,-0.629349652938007,0.0320944931861292,0.552322871131547,0.665625679191224,1.11719001245214,-0.136149607145029,-0.746702502475058,1.02295262609731,0.815555350257536,-0.740622592129519,-0.246518855031051,-0.152135969723466,1.215371414147,0.553770339421908,0.485767055316783,-0.534188420210189,-0.924618988008637,-0.188178708473657,0.255986120584795,0.661388930345395,-0.923869246168473,0.62031972932176,0.352980852196675,0.744997769419764,0.64512769508863,-0.466661155448247,-0.644149570895508,-0.553955449381806,-0.3383624783166,0.131821319752095
"C463",-0.792641120170445,-0.218042419003102,0.0586017144453939,-0.919971179880797,0.218058960658603,1.06768779303792,-0.112485499660241,-0.4348125650631,-0.234832096981654,0.713671756090358,-0.181174762054993,0.384604197116538,-0.40256722117536,0.485008786207306,0.232078166616009,1.09741039887991,-0.826424752570754,0.417906326817244,-0.638197385087404,-1.03843358712112,-1.80631720906262,0.949827877133896,0.545742266166268,-0.488133325172629,-0.375772942765175,0.777181354001493,0.730666007813205,-0.069628618622584,-0.0906043527174294,-0.354215276547907,0.588291512092928,-0.298815308420308,0.430872183279371,1.75531929316975,-0.0607929591320817,0.208417442823802,1.14296774849815,-0.542480914354389,0.468101102257376,-0.282562214173344,-0.029534820176681,-0.477987037848461,-0.787654949989963,-0.744627047038819,0.168568232881422,1.0342081124715,1.02535383317563,0.20972568279622,0.87340389893384,0.0827671172351785
"C464",-0.482396845727387,-0.729271564860766,-0.74691700839117,-0.900881954186924,0.240392007525618,-0.982162205096232,-0.488183723882206,-0.623553481774807,-0.495287806397743,-0.659905259188436,-1.1011571339322,-0.169516648101653,0.127860913148651,-0.117011791570245,0.184665448185334,-0.603433707461357,-0.172403701090332,0.118948073077168,-0.18821653956981,-0.367278690439375,1.96400405791586,-0.897205807466541,0.666572135391575,0.271762460179301,-0.260559744196991,-0.648368107139958,-1.02614542693772,0.0295453847616887,0.88461339342916,-0.818807521606821,0.0343730944734674,-0.442339135284567,0.0214781587859474,-1.5280478266879,0.979805351378667,-0.455024474976463,-0.711918693680579,-0.355475020696856,0.711116700382283,0.551836570396697,-0.444499798703134,0.395881544963301,1.13026676581392,0.331993383104842,0.283107086995874,0.255152900666655,-0.148133143144058,0.211152271044743,-0.568250321805145,1.20527640926722
"C465",-0.640058597521391,-0.50984067974911,0.554288349964041,0.680154608588557,-0.65777746016332,0.265278925585917,-0.296211826628535,0.978119171182233,0.719267610295636,-0.490972239723686,0.489023127376228,-0.0105471345966096,-0.577757209035825,0.150817333248878,-0.245069960609047,-0.87870313970121,-0.434006756931581,1.30011633700775,0.186506255338573,-0.073832383388979,1.03935580050081,1.23665377677186,0.587206032933661,1.08917808968765,0.0335421745314285,0.774784856578606,-0.146707785420091,-1.04645813197863,0.737056765243285,1.28485473059496,-0.920834725008281,0.259413647095368,0.940884839456887,-0.514442443743699,-0.0287051226421975,-1.30865618410841,0.744272535072015,-0.794594166081404,-0.274481230885112,-0.693598424576041,0.692245960038014,-1.51496077800448,-0.0982802203350087,-0.273215383239324,-0.143207753269978,0.30267423911902,-0.0484499609205652,-0.58571776497395,-0.588727109188173,-1.01887807010428
"C466",0.163580416179977,0.361715172773918,-0.131782876672091,-0.896524854414069,0.730223802469978,-0.84320112139919,-0.0855684596709126,-0.412169334275689,-0.412950104173227,-0.68827195497804,-0.217420630106951,-1.04232912194867,0.510448217345071,-1.25454146197921,-2.15749300996609,-0.113166714300035,-0.3112953958172,-0.0518808048128049,0.757783100995615,-1.01458649403918,0.991356825428748,0.0677178332231625,-0.244976634956214,-1.16691504055378,-0.219658041649974,1.23159527909361,1.53318582475924,-0.0605999907985631,0.119496571151986,-0.019621602744416,-0.626893212734574,0.414855174544843,0.173030876752745,0.690319353028056,1.50186432176324,-0.226756422174835,-0.253085161322543,-0.212108085321044,0.124095073397747,0.615987152029622,0.245563309602643,-1.2597087230282,0.363507252714462,-0.0763564075513513,-0.211367477052261,0.747822140640852,-0.0243518697350949,0.533859687563245,0.533799185421826,1.29114131781262
"C467",0.0897021428331288,1.16685102669261,-0.0607739534295969,-0.580692163424787,0.037836417243418,0.512721901688799,-0.422303793373191,0.438582154104335,-0.816600271602632,-0.0968258460570665,0.290303001477077,0.926392116594699,-0.392894626952268,0.0123432379508386,0.489588888750577,-0.536809154416181,0.311909647425064,-0.0386843997202693,-0.0358496555507794,-0.0953261881148295,-0.0103417289562316,0.0402530872580869,0.138090932841692,0.378314172592988,-0.315242622841384,1.11203390786631,0.76327445644222,0.769717201868895,0.0180638487839197,-1.31307343188987,-0.245601599367972,0.00739220286815662,-0.283086858910911,1.2337632242776,0.84248254484571,0.842262737538007,-0.0540389171252317,-1.83608245725255,0.210075344865285,-0.6842180307816,-0.253034578886077,-0.0655353506898845,0.704659983485984,1.01297214558606,0.296154331410918,0.816163707257573,0.187690029618442,-1.3461453229257,0.536593053811383,0.592613327566828
"C468",-0.408973093702399,-0.153748384388107,0.706786605119151,-0.284864509719006,0.484517056314834,1.0688221025438,-0.209267355153482,0.542349911512815,-0.257673551434562,0.776924100849579,-0.36452862113592,0.61597947477471,-0.561678548529279,1.13611811590862,-0.134143840953066,0.526551307637295,-0.076254092668517,-1.49694419601381,-0.0976571946260469,-0.736973978945904,-0.160967983555126,0.557013842831816,-0.161631895422279,-0.352282995304551,-0.11453658300736,1.13657480755587,0.113465179517545,-0.450717420471904,0.944493062868379,-0.310545792644806,0.249211069780609,1.59578536323789,1.12674182780194,0.756335435204579,-1.27810248634831,-0.137264648869519,1.54143938648313,1.12489241139488,0.447325413226908,-0.304806696059982,0.16973723410433,-0.0120326637213534,-1.08481527720393,-0.303325817803853,0.0596760043603756,1.43373568283943,-2.35851314135801,-0.0337153057688157,0.810332372572609,0.14781145917136
"C469",-0.22860955658539,-0.386930617937872,-0.697015515751439,-0.279543190839243,-0.0117311021557538,-0.627640802830424,-1.07972586178529,-0.19707089032877,-0.352854226352154,0.384606942645214,0.822838894342034,0.81189269494019,-0.734164208879324,0.292743641484239,0.256269655718869,-0.978638239623055,-0.0721195638545218,0.769862181612271,-0.112647002019954,-0.155193880282949,-0.482054719239059,0.650077738746894,-0.224640708599162,-0.308818391330912,0.800809480037495,0.924451631634691,-0.815364930482809,0.291042613907339,0.648148416322803,0.716311075767303,1.03741209249903,-0.682630610893077,0.236328844433952,-0.729427280314016,0.476644451510486,0.38385050441556,-0.0573259967781056,-0.363797226257911,0.0709492165425922,0.00647869121767309,0.202045879240863,0.415023950860151,0.452700406769817,0.932103564330744,-0.523710716635516,0.00882654103910971,0.108059643394075,-1.05832071167753,-0.154711168411717,0.185574052610003
"C470",-0.567293395804348,0.137354044772721,-0.479008883485485,-0.133770315717591,0.739804394756053,0.162551588910214,0.599530360207579,-0.35564304480702,-0.248727712511059,-0.144799554591516,-0.0131326030285915,0.528211310681968,-0.693803348443254,0.183127925078027,-0.830863182419186,-0.500151389960803,-0.210400756525275,0.721838922952656,-1.5331017250569,0.481115735315865,-0.364029580071403,-0.0914482776051538,-0.0712173858386751,0.477968233038542,0.965821864362695,-1.58932216664642,-0.378734990803656,0.569775621692689,-0.316845605176274,0.496002017209872,-0.277483897202421,0.50922331910109,-1.58038155926436,0.631065386971306,0.059972868848799,-0.296508895822044,0.430981623817948,-0.167772974226049,-0.424192285769452,0.49531857632974,0.284064701730802,1.53709050875379,-0.868577309977813,0.508414371207432,-0.549415765473239,-1.1784765787785,-1.15335071991216,-0.221733761764995,-0.549120606230463,0.893532795727785
"C471",-0.326369801445128,-0.923654205433125,-0.494137296199739,-1.03401569449355,0.13119265836817,1.6347618213748,-0.701327177606463,-0.388790841496045,0.40954231895161,0.455217663862196,-0.291174135451654,-0.777157126694862,-0.653817808946238,-0.126545292981247,-0.56244088053601,-0.0161262042098617,0.135564326992135,-0.601861218372259,0.358458404569,-0.638320142035232,0.22438026533317,-0.116833787732502,1.20703636957831,0.118214372484985,0.298828663972294,0.120600972788498,1.5746581648711,-0.139806929336105,-0.499586492167373,-0.829468822502067,-0.166909496197011,-0.302584630130091,0.47994386537194,-0.308832359284876,-0.856079049300351,-0.26508837860422,-0.0518960499799419,0.330155250476906,0.092202276614402,0.173632856105524,-0.743165786199277,-0.529504401743056,-0.0185896084053329,-0.320311741960366,-0.129980143565035,-0.424769021317799,-0.146762316803858,1.01787295979892,0.189676284257494,0.0855315434653435
"C472",0.762556206136679,0.291931928511359,-0.485992672023456,0.586326900345757,0.0295616459725908,1.43762904314013,-0.749574430675226,-0.208086618915896,-0.375403489323584,-1.01742773641536,-0.0941930236178621,-0.0998603051357957,-1.02529985917467,0.509597309254401,-1.00439033609953,0.729580678790456,-0.4564833669856,0.130153756392546,0.860395142710612,-0.413381042991223,-0.00684068488264288,-0.431739151774831,-0.303640692448159,0.888247082825724,-0.221872234700716,1.69326782406328,-1.08692620962308,-0.0774802723709085,0.420313016584879,1.01519911265151,0.138723985822632,-0.611121590210547,-0.297453099164316,-1.04899972588646,-0.338372810657207,-0.02236076115507,-0.906109783709451,-1.03237799692222,0.288193634810313,-0.00983275730237892,1.12350401628027,-0.662547449835226,-0.300926782929692,-0.759546329795193,0.863554563245092,0.250403974764654,-1.4926591289991,0.901570945397214,-0.544814500397292,-0.318723479692348
"C473",0.492955761494645,-0.0107784443198789,-0.378251699103952,0.151121746187517,-0.0490015891820343,0.401109248525371,-0.118969201476557,0.0485633215774893,0.2177752566214,0.389857223404851,0.158581685786813,-0.138895398795303,0.283462562390293,0.580478571084704,-1.96053726504729,-0.763785613517186,-0.209585474314204,0.0919876424203989,-0.652550051248803,-0.453999745510076,-1.53835974781546,0.884675567779803,-0.456043051187589,0.0699033274653128,-0.177219599527402,0.242163888556926,1.26593502284279,-0.34678541769561,0.0490592568542224,-0.176292009814406,0.326033053803011,0.301527747431233,0.210419021274992,0.904077946848448,-0.607926711316286,0.803900202996326,0.899158064794488,0.453603532863677,0.970855783513653,0.41963654272916,0.649305250318346,-1.62821642376394,0.062520228778237,-0.198084138131476,-0.610884163995827,-0.372138548967194,-0.471203571729874,-0.544154734634153,0.93389819377116,0.688828329090264
"C474",1.28714559648731,-0.582014465455323,1.22389023789045,-1.17162234804268,1.1358628672771,0.262829553992649,0.179279715450839,-0.436439908708579,0.410499346415477,-1.20270477440495,-0.505532142869441,0.427545855077096,0.457286995258971,-0.444547036809083,-0.187651188293159,0.0054015575034955,0.1422343030162,-0.67598727031506,0.38959745701504,-1.10418171164604,-0.65003621334137,0.494029280843151,0.0601251203092136,-0.186820351835181,0.435500363043575,0.481447324937754,0.889955911223098,-0.474133040850276,-0.12032999646592,0.306142278588969,-0.0309417526703966,-0.157448333920223,-0.159987203085421,-0.131002219257542,-0.220162816441833,-0.195332188303261,0.495836314269088,-0.313145199679655,-0.486070166565421,0.116880572602457,-0.406694081456817,-0.483401629415854,1.51889847178975,0.13120421669822,0.147758431579759,0.331019640125632,0.79984718138791,-0.66691864541704,0.117719449481994,0.26600162851662
"C475",-0.475935581901843,0.199569177025397,0.629478615720927,-0.537932710554983,-1.09111396843668,-0.709553842483627,0.501587279564815,-0.305509325479067,0.876610035400993,1.19686667277465,1.29057670602622,0.0113636826702222,0.460371977065556,0.407811800972139,0.303374559538253,0.00667356936132048,0.119130045681069,0.272254587842958,-0.556323295445092,0.343403779491571,0.11204698797334,-0.319683347376948,0.776211592416248,-0.146275602960156,-0.107299313741063,0.432927347072898,-0.6716639441355,-0.385530624833786,-0.618967478227966,-0.3535587904122,-0.806783120185043,0.153138638733925,0.412416493906358,-0.267771191592679,0.0842619372909512,0.162858316132008,-0.040014269656137,0.493864167706311,-0.014595569218634,-1.71036744892626,0.780369050592482,-0.113279136141712,-0.625181243571486,-0.360001780784141,-0.441218814296419,-0.511152098317711,0.685075342859506,-1.03099506046684,0.241188028217159,0.463510174619898
"C476",-0.0764104960357465,-0.0749202713103923,-0.635201856832588,0.358456052613974,0.266840435614171,-0.373547462402575,-0.252117539601605,0.140420280990142,-0.21195113867369,-0.943819046075555,-0.882554464777769,0.591994746910943,-0.151109040247194,0.303653931634847,0.840508367097514,-0.419007912048912,-0.51728452232897,0.151452985930341,-0.361338729823726,0.334054994282169,0.707446766806382,-0.77995761398091,0.0957376598527392,1.16285579665058,0.932234460374938,0.467444928815074,-1.50930275147363,0.46201472782951,0.661137970647281,0.165687927512235,0.328034699066754,0.112644591852974,-0.530660981785434,0.0483837187500547,0.230786361016987,-0.719719449610859,-0.0150577871987504,0.524399928656861,0.0906725843513003,-0.257875837704829,-0.894319641052574,1.50237143588446,0.692631460135971,-0.603245937207736,0.158089497600518,0.762944088008107,0.109587231650259,0.189648386008472,0.248351938591886,0.427362417397315
"C477",0.57816066517375,0.614756877690006,-0.666668091450644,0.369686002156835,-0.837863044677887,0.444187387559657,1.17309800090994,0.350933935417592,-0.166079652731082,0.175461638351334,-1.0558639056329,0.0359588941794863,0.257103070580958,-1.48252737047356,0.966483090324094,-0.925491597645374,-0.463828502467301,0.447097143814222,0.0402246231337749,0.205869845538623,0.0926834577252292,-1.14692599508018,-0.73645834526665,0.173432390847066,-0.876318933453066,-1.48933525326632,-0.627171196139715,0.946248139301368,-1.53810928253578,-0.620110008182476,0.434206241770883,0.0985632225485467,-1.85723643052892,-0.129252291203759,-0.420613279162591,-0.149398300660989,0.0268736390188129,-0.394128993567382,-0.579695025093702,0.0111365432483184,0.262473536445787,1.19356414792855,-0.233491243292812,-0.228803494866969,0.210530723009372,-1.02081698899561,0.119495831615204,0.560176608159444,-0.208905020773152,0.317024099261723
"C478",0.35465083651877,0.0167235249413034,0.680111826017086,0.104858197198133,-0.146596875826455,0.293450229867218,0.398638937478062,-1.45453921993687,0.891360718174157,0.483406334122385,0.240331772415858,0.376415021893981,0.605763263185338,0.818823744533183,-0.183429501881752,-0.53497632654881,0.477032481759393,-0.115000535831915,0.315240672379771,0.376375875916084,-1.03645768983775,0.713589381954782,-0.723416173826883,0.550616672274601,1.0105919965367,1.25016225820555,-0.321502587189306,0.538818632708621,-0.0223018744574187,-0.233690789884443,-0.831512496088791,-0.251863060088652,-0.125125349436272,-0.765016250536623,0.423063103410788,0.0692718144916248,-0.11584789711139,-0.204920331298179,-0.336003738849294,1.13557326574125,-0.815009562553476,-0.994822092361906,0.381966249532146,1.5645734260575,0.38013589256518,0.876544473710189,-0.071135256225428,-0.812166959107216,0.579981118680843,0.218845156183425
"C479",-0.105332103141432,-0.0491004978526062,0.0337866312146984,-1.16984991780777,1.91167272831253,0.127999801483038,-0.360487409412352,1.06391173363755,-1.04935776936984,-0.0929103725946994,-0.060016515095714,0.0799061648439195,0.257252934171108,0.689214647623921,0.458336713742388,-0.588386872404418,-0.318585105032148,0.345787138407414,-0.950696211460898,1.15354204563379,0.212172332668041,-0.010140414374466,-0.770036808744347,-0.657889738197188,0.0928291451563438,-1.37437751325149,0.215872550197202,-0.127250932175071,-0.563769724454242,-0.600306910729891,-0.685042452347615,0.117786798791829,0.736924658706366,-0.0313976518381576,0.281272918693967,-0.731334430778528,0.110472024712062,-1.03493348192268,0.389429944460707,0.049460792163946,-1.04987953564678,2.10943957385176,0.831729546998251,0.265499603172502,-0.711205807320176,0.417845306669492,0.711135696748687,0.116038746525059,-0.374452676677963,1.46881491459496
"C480",-1.35993337916628,0.790540247337648,1.00644381954014,-0.361002752795532,0.0902913377433426,0.195852499444924,-0.581665627226375,0.198344016854327,-0.40643127020299,0.283073848941157,-0.112011167761308,-0.276016616280482,-0.623367218234562,-1.22366249846028,0.619086866712527,-0.223508495787173,0.304781484612124,-1.28328758930427,-0.193545024960905,-0.327146160366065,0.648894182120908,0.0779898003946312,0.147585846134828,-0.788240088878064,-0.353173054065178,1.23573119366058,0.107303198184774,-0.0178920237033573,-0.0781843965845447,-0.417811345422685,-0.550879687815705,-0.919952668530204,-0.564400720554845,0.603753867594616,0.707092793368899,-0.18736758177776,0.539465783104814,-0.023980594051765,0.614127084821086,0.515865885020372,-0.352672072049931,0.350614298680592,1.24246634211733,0.932780389454789,1.07825916020768,0.565423215319324,-0.770938757991947,0.124093668563019,-0.148635647075853,0.101440550726483
"C481",-0.562016752017034,0.238376331013794,-1.25517543414118,0.35111769490241,-0.143281032264795,-0.344120713077526,-0.208840476802282,-0.254964274925815,0.308921980194097,0.144064568862901,0.195360486334026,-0.363713361769513,0.373441465468668,-0.192047331261022,1.35100599849073,0.0372579769170298,0.102154275014176,0.795081881748064,1.08224063023454,1.65581528586062,-0.662324923871272,-0.806508258278358,-0.919076492104876,0.423065249740826,1.00557169852664,-0.565990481231928,-0.755703729760673,0.719602376211996,-0.520226538504933,-0.470800355282085,0.0152952295251635,0.567214554367696,-1.01529469505943,-0.0854646013452872,0.762645923652542,-0.00526501911650898,0.100672436252517,-0.277917347011942,-0.699843590388056,0.975227115741772,0.227986010085978,1.1235059936115,-0.620643753078738,-0.571596081342665,-0.957547357913334,-0.862987472745977,0.270415567205076,0.15587157391993,-0.165051669868422,1.12595702582146
"C482",-0.584261507427607,-0.861973001345495,0.435314671820105,-0.413560238154527,0.0246336873698164,0.642171308380359,-0.0481656608236059,-0.605290426904645,-0.113075006023119,1.41647935726931,-0.364267137825808,0.02293952558126,0.853352602331466,-0.322789065535063,-0.361497671303279,-0.347756553029713,-0.0340483447626789,-0.869126580193444,-0.266834216263585,0.753441725155063,-0.151328837133957,0.624975297296662,-0.13464971979101,0.22281739761857,-0.360923502154585,0.174220340310096,0.19588287531155,-1.30356313965728,0.455407262527108,0.0260822993448404,-0.484654949274847,-0.570179342965588,0.897764981493836,1.0220996347016,-0.722583419684194,-0.120436079081369,1.08476958226459,1.24472687200471,0.000224734094545507,-0.535952145359986,0.581260315896792,-0.999571980042395,-0.141195976225005,-0.770974205852113,-0.615900280458627,-0.30017252799572,-0.320592563125702,-0.77519042289958,0.693056558472278,-0.118674229145699
"C483",0.0742626969208078,0.326030997764362,-0.577328692433682,-0.898640820652953,-0.0346897289535744,0.22248413501755,-0.603621611738843,-0.120285451917779,-0.378920655884382,-0.847009975884029,0.104617313663137,0.467539103785326,0.787948976363372,0.530269106251259,0.301006479498413,0.15258435713627,0.854473175966909,-0.0781948948166292,-0.34228472141582,-0.557170467362721,0.372879000532296,-0.964496376479662,-0.105264387194772,-0.403933244408794,0.895362532643514,-0.359140028132215,-0.317714567782749,1.08467904878765,1.34725092014993,-0.124599525858539,-0.0264332473794299,-0.127020773403658,-1.50663694151948,-1.40229846565534,-0.500238017352094,0.246199234248307,0.901549731304125,0.794148995607789,-0.404502863249112,-0.276528787522019,0.715221402934095,1.02177761392415,0.789674068431072,-0.288877493160204,-0.485428705880604,-0.412232537894526,-1.08508316862243,0.0927435813390014,-0.449497248870249,-0.0950566295027474
"C484",-0.347496866889407,-1.24284390330039,2.31137997993955,0.216247713028445,-1.10049413824395,0.803210097042628,0.980676867786111,0.676110601038318,-0.461920829267243,1.26313084030464,1.64771451862011,-0.363632155749844,-0.610138774742943,0.84653098746219,-0.159132074379265,-0.0602956717255249,0.429004538145169,-0.491583466453866,0.103332760976693,0.213418446583835,0.294788133342903,0.872810989075046,-0.478348470892788,0.0761110401037444,-0.887175806127488,0.507006019837099,0.681362381519491,-0.643173791798361,-0.0111276375273458,-0.122633253208872,-0.430217765123773,0.0503913337794823,-0.607889500127926,0.273843092127457,-0.210639168630818,-0.773428082769765,-0.201878068923531,0.827998366071491,0.870760110229833,0.595610852578202,-0.0710822732417568,-0.376167039109321,-1.17371438469143,-0.319069052996848,-0.12676968283239,1.16574678960539,-0.124974971479971,-0.543265935708599,0.351705501853491,0.0322144846904006
"C485",0.319190718381227,-0.399601986979724,-0.61993989969266,-0.0339125664616027,-0.415638500015496,0.138231084661061,-0.371294459885773,0.248348998579811,-0.582206484428367,0.42699207262013,-0.0147863938273723,0.394593123566008,0.443009050012376,-0.665166365188383,1.52756455829596,0.222190980483303,-0.355478743582397,-0.785491525337388,0.881501966683391,0.0722139126495613,-0.0899316817201869,-0.754886170405509,-1.80586646077116,-0.164873150195019,-0.086856495057828,-0.0879338131524159,-1.15788839380284,0.727078843504685,-0.963435146942363,0.0397825138702299,-0.733155065087372,-0.346910918199203,0.647659545157478,0.0491226308378315,-0.0504572519766235,0.589032925677366,-0.566944793359331,-0.667160584527792,0.370950181702899,1.11351653002307,-0.160331519901645,0.495300480335776,-0.727136731327607,0.315342926285962,-0.439168820462848,-0.443323694095082,1.52997625883554,0.293677595029331,-0.811535202053019,0.105161161874614
"C486",-0.399072799086135,-0.0610483237310673,0.610965702326607,-0.0389883080533929,-0.319981425609708,-0.877022673706139,0.501011917170118,-0.925424482264986,-0.0208540749626577,1.28484481251247,0.504692836569692,0.82711202983806,0.0616203990800875,0.123222268194382,0.13934031594259,0.384444626415975,0.305165591727399,0.478506545800465,1.66602995663947,-0.562801277504196,-1.23959819579057,0.358985347848397,-1.47119623338455,0.574795119882197,-0.932377086613647,-1.9816342673431,0.628566010373688,-0.92940482688043,-1.51099913363985,0.926994746160994,0.277534213581061,0.150205062076769,0.348649561489414,0.090019542899471,-0.281294963104003,-0.607790147747495,0.411142812511604,0.824142923855381,0.0400930950297398,-0.710982300893833,0.391682300174974,-0.228620897644878,0.549435760514107,-0.184520474003372,1.03278598609197,-0.0667580068009071,-0.481034601511356,-0.913417601353141,0.139544167758502,-0.497200624508639
"C487",-0.316053953914972,-0.140676051533761,0.259821428193353,0.658811603890791,-0.999545827451451,-1.41506742555564,-0.448916844287875,-2.3652117820722,-0.202608550915568,-0.752595993233477,0.537343406952749,0.485195566804835,-0.191093436410768,0.425626500301167,0.473521390028396,-0.223376777877706,0.707076109128307,0.721441247045578,0.0692916227660408,-0.418889327702553,-0.142485344267496,-0.524068906791924,0.925452243869465,0.318205555918079,0.220150554321507,-1.10814374492791,0.734573268679775,0.5004743123254,-0.376932156579634,-0.106857770257532,0.398419944332714,1.61119139289718,-0.85031993833194,-0.140096551455863,0.137270761024992,0.175194492418077,0.305810667927442,-0.493369032074715,-0.668636065438574,0.636958533256455,0.221617351567057,0.290442159521259,1.63473195063969,-0.581641120014721,0.52265810623258,0.282632349957741,0.90697470283603,-0.296260211890695,-0.0671521715935311,0.0206500863737363
"C488",-0.101923299647489,-0.589360311601184,-0.0203165406164738,0.284816781557445,-0.838880506592191,-1.16076134437696,-0.972600892073458,0.907395007189687,-0.453132256266666,0.793822752034758,0.875588141047204,-0.933615422149864,0.246829408702011,0.696412459735834,-0.64024345583056,0.220525937012386,-0.193301337166803,0.911411913327029,-0.215792595844826,-1.16021307940141,-0.100218258810611,-0.398830844636838,-0.127030779720489,0.0322023033548125,-0.541533639427616,-0.338211253833825,0.804467051799597,0.40444647749616,0.402638721289107,0.107787905212266,-0.194976427269384,-0.329949308127063,0.547191552591299,0.496121246526903,-0.228523599754204,-0.764486357530319,0.732128462234812,-0.402161484604937,0.0260128444177791,0.0615403707423463,0.416097337570228,0.119196233116259,-0.711014608156174,0.0429784810681847,-0.126336161320646,-0.474973222522223,0.105869498325126,-0.138666169657032,0.147352004616877,-0.87576956068607
"C489",0.851210287439734,-0.0942099449526651,0.869129750205792,-0.477289622995912,1.13737131598362,0.615497961553121,0.0903056605745896,0.192409293317093,0.582117592620333,-1.34498876010791,0.22257876731491,0.356616363817087,0.0118329436998931,-0.706078999504504,0.196604259691534,-0.292567914205605,0.107402827002204,-0.452154217489667,-0.639602335636916,0.339888626689513,-0.677398091276775,0.540718998073345,-1.09168953612058,0.152071485017202,0.479048178642874,1.53942199845104,-0.104392904997581,-0.415682396101728,0.349305814512034,0.857412093420768,-0.404085237376693,0.543239050168395,0.806034103178457,0.586076291321466,0.224089589544075,-0.473745063508345,0.166514553987501,-0.286378958304118,-1.34267553314469,0.341150993338511,0.050251541867852,0.141952111006383,0.0082773337936755,0.789147943077163,0.179693755535748,0.743456046050999,1.26618525816565,-0.300939772462187,0.302167194182686,0.21189536282448
"C490",-0.00511887002770233,-1.48859312859135,0.878590372852722,-0.528604009601632,0.0924212978099774,-0.210984831928993,0.0814511951688363,-0.583580483502271,-0.407451381962219,-1.3767250013668,-0.8291933796288,0.209660751288829,0.243431605239441,-0.630730103355329,0.121879523825553,1.05654781425166,0.0834375631602553,0.148399396285494,-0.0347727918380935,-1.44706853860007,-1.04415333523371,1.08442590726792,-0.703952461823901,-0.189385213962769,0.339597440196576,0.140793432636989,-0.384842585449254,-0.185721325950417,0.152940407679809,0.472085632075562,0.191637386742757,0.778959566659433,0.476300183481207,-0.877976315853083,-0.148308931194072,-1.27460236090825,-0.274786961382427,0.0625277784842229,-0.782659700098865,0.299382469019794,0.101699584960148,-0.132196529413658,-0.140970097908922,0.73544110444451,-0.465847717834539,0.278426921360824,0.54067436700037,-0.022025986360486,-1.45761117407405,-1.27226085674625
"C491",0.973630031112745,-0.196844927238913,0.701780850249349,1.00829987577008,0.486917547580578,0.219907941949489,0.141335229030903,0.446105389417707,0.0980711517218473,-0.642844145741206,0.352581740734757,-0.872569865403157,-0.493289531964628,-0.481953820198115,0.0576489624848752,-0.26226793268985,-0.24180319910386,0.33318622476739,-0.103565687757329,0.489253263347308,1.42615949559692,-0.558793467234704,-0.289004421676606,0.498061105592616,-1.71087736066458,0.00558509253204004,0.0140432632211431,-0.148973005130485,1.56980920111979,-0.127446015069439,-0.0736933406762153,0.607338628338553,0.33631803768954,-1.09623511723238,-0.506082750858629,-0.229043877921657,0.528867893465975,1.80005215741991,-1.66928408698528,-0.624395135500882,-1.41461305409491,0.368380128454196,0.141147938307006,-1.26921977935093,0.469638186872949,0.619228195059264,0.231013857423111,-0.0113316790891202,-1.17667176140165,0.593242328463794
"C492",0.301310236689504,-0.638568465349138,-0.428860827668354,-0.54229062905685,0.373758734965064,-0.641598585967304,1.06112989238408,-0.574161798139162,0.410856389477443,0.890669022302213,0.311150340672686,-0.544379191080146,-1.04209111050995,-0.862562341681757,0.539572678129555,-0.374974769920464,1.34979732243981,0.983304962889547,-0.0904502948904404,0.414799002125327,-0.402454405967079,1.0491071964521,0.11048967319949,-0.81383358340164,-0.588537243082359,-1.08595554076845,0.273725514809672,-0.165652547301159,-1.96659606823441,-0.415509868478662,0.332955226308883,0.419675374685749,0.566648415170704,-1.30475058770969,0.820852545140465,-0.630550289038838,-0.622618820587839,0.154005175207246,1.06749420031153,-0.113649447042973,-1.30510600355742,0.371487623874833,-0.14474041146642,0.743005025252233,-1.27919224164488,0.157234642426062,0.195064684354076,-0.481822832082476,-0.0168148734008957,-0.399734234469054
"C493",-0.570561340627641,-0.678892020759484,-0.514250328168119,0.782786343795213,-0.0113581583310157,-0.801594278736908,-0.0134190522457814,-0.0330276932767154,0.920095435987357,0.416892238339632,-0.117926913199091,-0.802848628205246,0.533444537117103,-0.592217207205011,0.0713568670125257,-0.117946018521483,-0.583385967185484,-0.232574338391481,0.146918912345494,0.757733391882958,0.205584787366128,-0.632564279643625,-1.1493347618021,0.912708417172922,0.182986930301482,-1.47852031424157,-0.21337135309257,0.0629868045596898,-0.75553315157054,-1.10394010990849,-0.154720862187498,1.04224697806442,0.226122711552584,-0.807294833076785,1.20683307598606,-0.108748338349615,0.0100925395352756,0.72105860746685,0.513253337780329,-0.263581619938281,-0.344015061754111,0.344177624635212,0.429958148006367,-0.197250828313312,-0.0984467141428172,-0.438600772381483,0.431552318775277,0.0862922409151604,-0.417998467693587,-0.272835501636807
"C494",-1.09045969278956,0.295457462389651,-0.129584247502471,0.218704020577546,0.114484387371452,-1.20627882298596,-1.33267924982387,-0.512954627428355,-0.681044604720703,0.633723987799802,-0.92618456044644,0.0574176875344479,0.352949321676114,0.985658921768671,-0.968997109568551,-0.340143778353393,-1.0025592333797,-0.819990554390695,-1.01151801431382,-0.292324183181048,-0.121712114144802,0.00767902990731398,0.0289511883280301,0.606248782545619,0.548677920525464,0.0924614576818783,0.18819876960329,0.776055283701655,0.841977090149549,0.583642810689365,0.717243485336178,0.220610529870181,-0.962607376655371,0.161217483919951,0.748606553939467,0.680219930342853,0.053872678430718,0.0442973620739632,-0.301198105524614,0.459215334078042,-0.77758110610072,0.547627064144769,0.438242946434778,0.19249575873533,0.511237698219015,1.05903949459762,0.128947900971659,0.197467992737577,1.61125767385539,0.113805217018293
"C495",0.181444877638042,0.604878231310113,-0.360929346184487,0.0477580944872629,-0.59371300293247,0.0228993517160921,-0.929208154323591,-0.225371384246106,0.253073646104152,-1.04463667038425,-1.41792471728718,0.276282107013237,0.775387141905965,-0.180713569006434,0.197890448149889,0.206912611032429,0.916819623708167,0.0266874838384611,0.0980166678445932,0.648192528571351,0.161151493169627,0.357791946902412,1.2823352177965,-0.693338121193058,1.48960557800022,0.0470697672466059,-0.429019808159011,0.457217549850309,-1.09439248027885,1.2704703954623,-0.131832047237662,-1.19119724983071,-0.735987941850066,-1.84218324290625,0.616002137826398,0.432367690761259,0.0590996448336834,-1.18667520822654,-0.0198090710614631,0.0798421690981845,-0.283257896905287,-0.585693277650592,-0.975191429964059,0.203024395598423,0.779142896377522,0.159826994655162,0.786865674382546,0.545649267326915,-0.281605887464298,0.169547609375629
"C496",0.544158076161387,-0.612010823018695,0.0300360790889858,-0.121490126768943,0.141640426247146,0.206063803687896,0.739570637072899,-0.616643474193751,-0.93029779381228,0.322949002593042,0.350751739230436,1.09186537988045,0.56517149664928,-0.0300252673943836,0.260267431803172,0.106139841875055,-0.0658126089403096,0.213191119532329,0.464476865403396,-0.377445948662991,0.620771921087105,-0.0501331699083647,0.187553600842325,-0.713677058980915,-0.50564484439767,0.138292987552757,-0.0266172272969106,0.421620145008062,0.337736314182227,0.268412250782366,-0.720352695483732,0.494352356443251,-0.419911743765771,-1.27918503850763,0.410981087029597,-1.28026638176616,-0.719387294374182,0.822783616371682,-0.108872054936324,-0.750109608764636,0.0916737525917331,0.664999285995946,0.456808894409477,0.223411803291857,0.189321891388953,0.326116950754968,0.336932922408311,0.016106176300953,1.17767282602898,0.217214140612325
"C497",-0.642941551848935,-0.031030223062424,0.4238664334364,-0.302528995598848,0.603546484468409,-0.0148222716396062,-0.604641523233707,-1.11870515933161,0.288819597608348,0.738258492680702,0.434692584223434,-0.83672941243621,0.32762999801652,0.129227908718139,-0.492972878496796,0.193063280506222,-0.172883808122414,-1.12950959731417,-0.00197652155464789,0.0480762106247195,0.0535680219873499,-0.94631211208285,-0.19532096765936,0.160515586800316,0.181925188975787,-0.60041144467577,0.469728253119508,-0.422500579043633,0.126751262284056,-0.173336143711633,-0.42509490453286,-0.452843796821666,-0.12987756004044,1.31927461740654,0.290130757566006,0.916618412749284,-0.516939794900931,-0.323294775986787,-1.0729655684513,0.711477559854549,-0.208577466506369,0.696206714319213,-0.307190730751466,-0.538003611218096,0.172538120911536,-1.72027870814825,-0.0195252081630861,-0.118042988360125,-0.817677994478455,0.823236366006391
"C498",0.136311506090963,-0.307740568679379,-0.852448193867191,0.630960831007335,0.706096700391453,-0.270621880180499,-0.961715039899254,-0.00121551389587744,0.330931149106557,-0.30186528072747,-0.769332786132252,-0.0690697639336801,0.0635701277294454,0.113207076502771,0.585787323015107,-0.0465830052872253,-0.98452863205797,-0.523484910965485,-0.210688327133888,0.262143465497995,-0.301267264393541,-0.708734467883847,0.160569894712083,0.650830410884116,-0.444390047368525,-0.0648688176083003,-1.49076090509544,1.00283353455842,-0.360537550818839,0.140661145540421,-0.202746746496855,0.662688263075812,-0.333994512600238,0.087423902331562,0.402129596267472,-0.00118946636081045,-0.311926056584942,-0.521916287998883,-0.400348451657539,0.485484242029493,-0.636344317697085,0.64844602075551,-0.515299480165495,-1.50707773811367,-0.459970773664665,0.319227237169555,-0.414379090561226,0.014193035186841,0.529684746853749,-0.393033634458462
"C499",-0.0473578514138304,0.280851788084895,-0.0650124761633192,-0.0790447878590281,-0.131533036200432,-0.831356169887778,-0.287918754820668,0.419628030255653,-0.393790296919598,-0.35487333362184,-0.839456551597632,-0.53452801128796,0.40166098088222,0.806292620491408,1.42648626778416,0.978282627149124,0.109191951514389,0.156616175469913,0.0157905258840949,0.239132341944939,1.13324466224775,-1.12105131414185,-1.02325214461778,0.649423070167253,0.905083987866678,0.16108029041107,-0.890369154459824,0.0273871636388231,0.919151176619186,0.629412551173388,0.00594297898849999,0.416410900791835,-0.213414659115013,-0.572863856101155,-0.407561175019096,-0.524741667724078,0.721579212182535,0.350388378236163,-0.248092826028412,-0.0799913907203595,-0.473370162614755,0.596489775114714,0.4653274142916,0.206922583724232,0.0430456538164223,-0.512076651112024,0.070663472246051,-0.578950208661987,-0.447960137299976,-0.662626692784537
"C500",-0.53336750142366,-0.80453412570642,0.0248053792174428,-0.531754263144284,0.0739971890716291,0.712288273356044,-0.734417438047742,0.26923696327873,0.198651629956747,-0.407790464686696,0.203733835468645,-0.050262152012972,0.224604067876089,0.659983420269257,1.10252154751371,0.245077499205133,0.509674101035887,-0.258272023480962,-0.874656981053282,-0.0167032866382323,-0.432892655154518,1.46786877814852,-0.769565218782728,-0.0264572120215634,0.38113148770852,-0.81241863989905,0.172166352409896,-0.850627909283149,-0.497481400512522,0.0294355689146692,1.01603550936821,0.0683252209629109,0.475412763197575,-1.27971515453851,-0.344751622778688,-1.56195655078983,-0.219667171904372,0.293570419258809,-0.102972378864822,0.549044187283126,0.380036157461757,0.580035736526999,1.08646052694821,0.793135973361503,-0.941700690962512,-1.52115379210026,0.611087400614818,0.58634736959993,-1.30284277360231,-0.642355340229097
"C501",0.912307109504073,-1.07469326793755,0.705601107357154,-0.387469145917116,-0.458796793094012,-0.648976057819386,0.479534855382004,0.204621471253357,-0.0574495660163037,1.28277529858276,-0.100444888851722,0.864747124303384,0.0809004539801343,0.621826026558082,-0.434257391202315,0.366504444220955,0.129462015338601,1.1974143962862,-0.169378038346266,-0.440178306564963,-1.29808104930188,1.22386484680152,0.847073280217634,-0.181918471599581,0.287847489080619,0.768088678798862,1.41371301373794,-0.927050888756972,-0.850696944616508,-1.10414879653889,0.81541582389052,0.114342603766196,0.104029648224331,0.911886885969685,-0.825599914862687,-0.85609417138143,0.345422136528534,1.33441800962355,0.822564967299408,0.711019854706069,0.246338680409407,-0.230330651917024,0.391800401604965,-0.311658006017092,-0.777301159594062,0.954807392398138,-0.0294773120619143,-0.403342531490025,1.26851827595695,-0.18980640803578
"C502",0.131968761203295,1.34857596190619,-0.912301192907999,-0.266464564280199,0.246049809787566,0.428838902700244,0.172041142150969,0.305714623060966,0.610924474576168,0.575865311790876,0.198775001333077,-0.512236359286866,-0.330111301500125,0.292507674156698,-0.00313130685698283,0.289521091236293,-0.534589674316513,1.51688056891341,-0.950705149008123,-0.0405507169329525,-0.185278241803786,0.259934651001483,-0.058439421354866,-0.835940831490725,-0.476176310464038,-0.333498659351631,-0.255921771522356,-0.787783273522927,0.538698463209325,0.561223557818351,0.220811463779958,0.815881860856588,0.346021112168888,0.702939239393489,-0.580825690264214,-1.11529733386321,0.254204204190175,0.141138222867179,-0.883883111461025,-0.66745988314672,0.21680963605922,0.458132001060805,-0.0660583997873428,-0.555016703202465,-0.308169955972353,-1.21338591776475,-2.23787248231853,-0.536788813600098,0.0296688449420135,-0.298650037993658
"C503",-0.023184857234274,0.166358961255653,0.569212025059313,-0.208494597691648,-0.737530884774492,1.0703579280945,0.15302334026697,0.505135076702013,-0.00730146861391763,0.434015344239392,0.758748384922495,0.338190688294322,-0.865075010621398,0.019222908586954,-0.621505749571281,-0.0154620263667478,-0.38635655792362,-0.0836585877107159,0.0458750207802409,0.25990373642852,-0.487551099760856,0.470436678212544,0.145801106786609,0.37295923030609,-0.463576084283038,0.712742502639095,0.291430548838205,-0.455552337452277,-0.149747845518566,0.78181408840412,-0.774225663626851,0.910889704025278,0.203125172980615,-0.31424526309714,-0.108118223427732,-1.45356599968754,-0.429177767146483,0.445209256660649,-0.0449124100777958,0.228547627229847,0.749441428614791,-0.6409259710085,-0.863328666136378,-0.494955159285823,0.348876687970764,0.821844754218032,0.104000438878775,0.492886064395115,0.696209106890664,0.322145865997844
"C504",1.01800209173831,0.663459242938454,-0.0796377935912711,0.690255871273208,0.41924571867446,-0.521908342991467,-0.382868318654354,0.689427831309091,-0.224944432215482,-0.117118327417121,-0.580671698787603,-0.787442914509029,-0.613944290807488,1.09096165000304,0.66094080755359,1.0099139162762,-0.937337910058918,-0.309185813767124,-0.768155350904928,-0.241678153932931,-0.532977259551463,-1.61802519562046,-0.205011208678755,0.156961151401327,1.55756159174996,-0.938509041587049,-1.71241579491942,1.47738131117962,0.423164071368015,0.00575023214629295,-1.20243373444266,-0.000438746893136649,-0.689265429356023,-0.233538017585151,0.201416644141605,0.954268658396273,-0.021778617747684,-0.481595602906886,-0.454412896455741,0.877500058031577,0.0744066875580924,1.22381134249214,-0.230955611114961,-0.450887887820302,0.117345850521192,0.389933395025187,-0.133334209939366,-0.343200463170605,-1.04384789870129,0.468687239883239
"C505",0.519285480421675,0.651051151186312,0.199781529858554,0.219628927303627,1.05762038856378,0.428974514631319,-0.154673772495735,0.713712919031159,-0.16584477092315,0.187037753798413,0.627365494226011,-0.141170177894933,0.282202841156024,-0.259489629383153,0.153071007251892,0.0278755375147229,0.532467138748687,0.418070682868689,-0.149425828832015,-0.537806997108194,0.137207293169718,-0.455056567672215,0.0533614264322824,0.720379678966728,-0.231783044117832,0.349766889946236,0.747287526571142,0.224809325975215,1.12335951022183,-0.586530888948689,0.297803889995246,0.25541637358569,-0.90559403656839,-0.305826280390717,0.0688077010395265,1.13069294074162,0.210980974208299,-0.326889938978963,0.89959629961735,-1.64669074220099,0.954295424351028,-1.01843454704264,-0.260930638208824,0.194088955576783,0.273683242449973,0.724621514927893,-0.0192085785147446,0.255472514889585,0.294106963049011,0.20605793355894
"C506",0.0760147773228152,1.08838947299479,0.18917500967735,1.83023718983017,-1.61613989214015,0.0356937128083266,0.633907317570029,-0.121498829119197,-0.29762004766027,1.20618553308439,0.994581050856856,0.539077421325543,0.0832603894780505,0.370718154288031,0.492370887909292,-0.552747690496614,-1.08899584768935,-1.09501259500768,0.0874032493548735,0.225854346593056,0.914189887251826,0.205253892425697,0.281476306572623,0.879348598824982,-0.106078585101408,-0.423416165801602,-0.373020133154598,-0.0765971614934762,0.839208818119441,-0.404469139664098,-0.578399226764415,0.115321723277976,0.0318499702670564,0.515246081679553,-0.0785914081636064,1.01214947114859,1.11809427335977,0.0499088923581904,-0.399527759686912,-0.514936390159498,0.407305701159253,0.543887734454431,-0.645361242462332,0.10049359523773,0.582464670936143,0.201071946884845,-0.458334422323072,-0.185414364855392,-0.0435344806173845,0.284933833976968
"C507",-0.449440995148159,0.767281947181678,1.56747792506925,0.574851244076175,0.177974891532491,-0.341747434138396,0.314615007965208,0.99269982052426,-0.313693016165362,0.171196720445674,0.652333612356616,0.0330040656329163,-0.330209998635816,0.0555474165237846,0.707439476870848,-0.0886524732639104,0.0925922452087739,-0.92682404673041,0.349065656606648,1.56607156822064,-0.952425109709494,1.23035851297288,-0.0170224590542731,0.00330610524498512,1.09590824244184,-1.31972202117099,-0.498954083322931,-0.843840726483441,0.0861586207990341,0.243703982965536,-0.623327660939918,-0.417578860745992,0.767727930840469,0.148427353395846,0.274427371803767,1.21258269050112,-0.266154686281625,-0.777940218153676,-0.264113098668918,-0.25188438938816,-0.26418518990193,0.203428181462101,0.0893757239169202,-0.471663810026694,-0.863180570165567,-0.310973259501495,0.0610570890602018,-0.729918969112909,-0.590330624763038,-0.517329259605933
"C508",-0.324760254234624,0.137522660122079,-0.411315934207699,-0.706952328311985,0.825019196945564,-0.188130933639033,0.194240693538384,0.321181638964566,0.21628502998605,-0.327567854318152,-0.26694588055327,-0.627006893554571,1.11780731760939,-1.18037133451098,0.951246338389525,0.733612754012487,0.426674356421551,0.131069978266001,-0.0453967707377171,0.0354993323507583,-0.0738434435345887,-1.24551659891847,-0.153510483923875,-1.12131503910803,0.444752480760107,-0.733210659054289,-0.434612861876076,0.935164209251189,0.467950022749924,0.450894534754364,0.959074489565131,0.180570671624971,-0.383927761341735,-0.351433683338082,0.418098630870633,-0.542160960821352,0.615321124375734,0.433962604214258,0.483162436535052,-0.13251269857149,-0.680816698806352,1.38168380815099,-0.723258503862151,0.261640038116656,-1.43458507827272,-1.377974400547,1.7150903373805,-0.553676660285577,-0.482872064561837,-0.291634885745239
"C509",0.538283696926686,0.62188769839959,-0.0339244660308724,0.169577421220428,1.21356305153524,-1.33928790297726,0.374619650005637,0.249423077567945,-0.589044060018228,0.271599816854087,-0.942235533927914,0.833842789825347,0.364752225538574,1.00387191247788,-0.474276882779007,0.409619667155211,0.409483336322158,-0.508404971548773,-0.730149527705525,-0.240741136404861,-0.219598179103111,-1.11869422377237,0.576095958093358,0.384803483835705,0.584260815581068,-1.15144531625828,0.218132119436516,-0.632590437150831,-0.122898904078709,-0.93783781569965,-0.0566230654620474,-0.730988296370492,-0.561424736122089,1.07823053700668,-0.408160349357339,0.123283976681137,-0.822807291112981,-1.19584908042134,-0.651680835171766,0.337426443121453,-0.781243020319761,0.26476017815486,0.071700799708789,-0.0324809062143816,0.436516886651078,-0.416131212060972,-0.736444735026374,0.946531094218634,0.737727133631945,0.378981037146755
"C510",0.221901295053824,-0.459369459284826,0.0302737862642376,0.594828272469352,-0.967183276072934,0.414679732053777,-0.694719584899286,0.439912294537832,-0.40569190743641,0.311657245492998,-0.505739910853673,0.809505192175599,-0.041447293668888,1.01582829321375,-0.278903560108375,-0.323936322617555,0.49880712532534,0.0420256517488723,0.320931308281511,-0.867307640103788,-0.13247906162147,-0.0140898952936886,-0.631190013166065,0.765818542433245,-0.140165896140627,-0.877651409519162,-0.786731718556951,0.143095806804046,-1.2104350247127,0.337884010092782,-0.187884951108977,-0.583499419968812,-0.0037672908555091,-0.117201594178251,0.753905611592514,0.408364465333057,-0.0728391385052323,-0.457534950686324,0.759770453652636,0.370625474057608,1.2987522452736,0.420006843572109,-0.605436490459238,0.00482779923301744,-0.178693695582317,-0.21159145547564,-0.41828286329046,0.403973627625014,-0.0334218326962212,-0.792385018543076
"C511",0.165629860247578,1.04829542691999,-0.603091219178638,1.14771518708746,-0.550126120150396,-0.51861342627594,-1.35973969500008,0.924355055121275,-1.12371456599952,0.89624792871739,-0.231726950951664,0.436384976432638,0.773119886681222,-0.337299066095971,0.41301037382327,-0.809577956679172,0.318018823194481,-0.165315321535289,-0.110483020118995,0.0200348894046583,-0.201407655476222,0.518390041018012,-0.292220552186122,1.24458323168552,-0.0586891051430842,-1.15991543677095,0.127429755483088,-0.0712457568454833,-0.160187164536814,0.288811266209511,-1.13357673757855,-0.264814275394176,-0.181911811555753,0.305511820747814,-0.274524588865207,1.12564061733766,-1.02482401624977,-1.06555966490461,0.137157035216976,-0.418117111841994,0.564517801561882,0.71981661188208,-0.988868764856938,0.47099787310799,-0.0204502278125701,-0.376285640849895,0.840361917244641,1.02853003868292,0.511509661307152,0.262730319378468
"C512",-0.280504554322125,-0.307162651863307,0.057146274876506,0.154413526846495,0.424430038378037,0.266537205769037,-0.106325980159081,0.349902062494321,-0.751552396731896,0.490102459745468,-0.641671069431885,0.428329603591453,-0.684112876426532,1.83594866897263,-0.515505305454052,-0.310447530910923,-0.104121141820892,-0.711640450352197,0.604190293062667,0.250522238360946,0.263046059232459,-0.0235973483025614,1.38504726137911,0.297733380937173,0.446035757374333,1.59409893548398,-0.166772865960604,1.02199088650838,1.27526273134708,0.00232376647916347,-0.0331432238998847,-0.188688642372295,0.13339126818494,0.965578005142337,0.334535169303771,1.02907784173622,0.571564536425498,-1.07814684479161,-0.252675557548921,-0.466481366448892,0.750258446783691,0.498283153606336,-1.06758340067965,-0.34388324106165,0.512855924953,0.625011803067385,-0.502947204178517,0.991925268031034,0.159749121592285,0.0983373147356313
"C513",-1.02876066373727,0.639256905529581,-0.0492424590208285,-0.30543203278875,-0.34197261024956,0.599786142341861,-1.51626247181398,0.853896781689937,0.279188601919416,0.785921722193644,0.800286667248799,-0.577350259843605,-0.0845762505565478,-0.670602372059791,0.639573021365025,-0.37976272445357,-0.639323025468482,-0.380689647468633,-0.20855994382514,-0.199270147554681,1.10454229396788,-0.657184185026423,0.299404331695727,0.192618027979936,0.0480571151314987,0.848132800832843,0.753113847747375,0.77769639556172,1.07154050796258,-0.136247842274128,0.55547739790731,-1.09529289944311,0.0758707868271553,-0.0698831786160531,-0.415804653999865,0.690705773420329,-0.0600902663531159,-1.25390901807894,0.33782863118499,-0.615030071167382,0.636591171114914,-0.496345992179154,-1.05944786250716,-0.771145986170173,0.0964254977720184,0.422172029261027,1.57488242627992,0.770049155280385,-1.8476843695793,-0.358931388928556
"C514",-0.372736527991479,-1.5721869038943,-0.448194407092964,0.277187584560473,-0.336364615682819,0.647235894713414,-0.00242653227951907,0.780245534952399,0.575428771023342,-0.555637946535801,-1.15128814082605,-0.416329005706393,-0.156044124367637,-0.725699481375631,0.197727683516165,0.284890836705409,-0.545925106161116,1.09086335183742,0.169431954557341,0.122309459640708,0.54397687623041,0.0714478326592349,-1.15592978317015,-0.160014446875334,0.175245114202833,0.562339801719054,-0.961538739891724,0.351870471956615,0.133209568299976,1.28844597992211,0.0608945582616362,-0.235930917893784,0.578921867280607,-1.61478127418195,0.451710407877077,-1.24080841683316,0.15682943841994,1.27326212210025,-0.791102207470053,0.248720567553524,0.449049980622324,0.52399359715579,-0.747652961981186,0.0730947759933781,-0.482017731391667,-1.12127963652283,-0.00770575929363517,-0.255859852652297,-1.19505549939461,0.0393523467278277
"C515",-0.61534706872065,-0.726475956437069,0.69268297280528,-0.0830245744856979,-1.01241430930534,-0.438259087112658,-1.14263035628505,0.756168961823827,-0.786459312882758,-0.0625656087449544,0.686957077786122,1.01070799022938,-0.647017217611381,0.893812224671443,-1.2034211506452,1.26096483796468,0.112204654562242,-0.567842921346221,1.53878346566021,-0.440151859939669,-0.158520823465097,0.492323580200903,0.125728812917226,0.445174195881975,-0.505553678651784,1.48977902596069,-0.507141244477941,0.0923777542080059,1.0064583450481,0.308456464174916,-0.321534147361956,-0.396217001673522,0.321426588802724,-0.397852400976945,0.443625721583472,0.900876643809385,0.667506992075287,-0.0394100751595799,0.330066359465234,-0.747103931401882,0.325015227513826,-1.68261352982112,0.201345818250254,0.323452457465294,-0.274976694215111,1.18280647472781,-0.355559918560766,0.226233986353325,0.523878108570993,-0.0270482046479085
"C516",-0.415267308708901,-0.198240680095506,0.615795304435252,0.347145893982373,0.0152414743109395,-0.315729532004106,0.194797960233229,-0.855872178174308,-0.315505514104651,0.729445779141956,0.567800423682232,-0.431966371248651,0.321085478365833,0.770187162228804,-0.893140695798405,0.173303359883337,0.53081303755788,-0.682726814729178,1.06032866010403,-0.329355818364499,-1.23992178518516,1.93033527011351,-0.943839897067868,0.0724827685557144,0.549197177989712,-0.853392771313926,0.675767875987711,-1.60701250242104,-1.6271781244845,0.0415172133153083,-0.636719450330237,0.503625424393214,-0.787246155667616,1.21022510040735,-0.323337188736552,0.870729456310784,-0.0205838389499926,0.172900291861068,-0.528542590725082,0.821378065602891,-0.457479097069668,-0.2871129434117,0.0707917701104865,0.534869680691886,-0.27655797336934,-0.738166677803908,0.0308048576547286,0.901354167557792,0.298623333015573,-1.11628237886475
"C517",0.903580205381997,0.393150904905455,-0.26222678198356,1.63120453016647,0.138304361756316,-0.170447293382742,0.934377532449934,0.154758045533366,0.334059470475517,0.0375804500165989,0.149298949711645,0.33282182486068,0.152580679980499,-0.195581991461285,-1.29766232702633,-0.450875406086049,-0.607150548610693,0.752509729752202,1.2866111162087,0.277004369692694,-0.537149408512607,0.14919518411676,0.794212450691691,1.31791567171783,-0.62071957455946,-1.16427581807778,0.620888427141933,-1.0995194523021,-1.09949881994103,-0.456815281026558,0.374390960833476,0.671833821545172,0.139624770551048,0.697729480037855,-0.866721922172832,-1.25001380710254,0.538646393103895,0.678156193287113,-0.183980780797926,-0.29350680961715,0.390089188267163,-0.0699747907381123,0.0974300627464639,-0.360165497890242,-0.270124907285222,-0.359284362226613,-0.0251919721697633,0.398819377659745,0.14250789437329,0.396452496066983
"C518",0.0023232023423743,-0.318730100824177,0.167608661392491,0.457381848507389,-0.790993428744867,0.555585463401762,-0.56215196371879,0.112590577096017,-0.625685787281363,1.2467517928557,0.0974394144398927,0.369320927932576,0.243166532633144,-0.177888452118464,0.788150258388707,0.383974594527143,-0.412359265575266,-0.247883409639555,0.142080523266805,-0.988480062277145,0.0753670594129683,1.04168504232311,0.596522788560181,0.668007328109312,-0.750969550347361,-0.958878310872596,0.64231138883515,-0.761636911991549,-0.00661573942120481,0.262482819587923,0.296037672540361,-0.578636331943028,0.426789224548006,0.818834165331035,-0.522389670052154,-0.240791154730309,-0.339318457943546,0.174624515297697,-0.56992959641348,-0.717627746874163,-0.585852931104505,0.0874076368502396,-0.567736063490188,0.184166244330403,0.367079929535755,-0.307295470078311,0.26853372125743,-0.239465842700442,-1.08121746461964,-0.0641691523202504
"C519",1.06123744423421,-0.236276811044517,1.00342353343667,0.108173079544797,-0.162479292691032,-0.220022133690533,0.784658806429316,-0.283451140875218,-0.21127078269152,0.588278604291123,-0.244527565255748,0.887753834582304,-0.497654996041272,-0.234311168738965,0.338119704581339,1.11501048411272,0.455819919846874,-0.414769826594143,0.339588934435235,0.265396479900968,-0.0754942232412166,0.568836130618806,0.261073813224512,-1.26781124736805,0.217479777976517,-0.0190688886335038,-0.0108236682832197,-0.203240134571764,-0.372733682800354,1.33397384334243,-0.0584207088490131,0.474167381139476,0.608084572484631,0.0346162549065165,0.150766745087721,-1.14191789141884,-0.127575044725774,0.321834222005639,-0.31135511071057,0.825053979955594,-0.396097746112902,-0.0925050004765433,0.635660793554403,-0.381089205801763,0.808006585983109,0.194393051932358,0.49053444318494,-1.24947678505636,-1.15301397494348,-0.533206088296654
"C520",-1.06023388060653,0.867321782462054,-0.685871189394114,0.942595802863708,0.509429320703196,-1.0579290608063,-0.980111623747021,-0.169400556682555,-0.788933391371273,-0.0429051029508593,-0.307561338460193,0.659883247749171,-0.730647782628237,0.46756280010208,0.407543230204313,-1.11907456623124,-0.626867049872368,-0.198420041865061,0.915751814963265,0.589358260063383,0.251135767487223,0.273725489703523,-0.637000738890035,0.187596099876826,0.691971511364887,-0.960365917507373,-0.42395038047069,0.636725392095911,0.380860032644002,0.359970550962478,0.981102661874949,-0.189555030817574,-0.948335170287822,-0.810994594323336,1.06568210348755,-0.029638992304774,-0.411530354683152,-1.62017797971939,-0.446354197307106,-0.140466224968199,-0.153177556116734,1.11855519494694,0.527511935119664,-0.320276912039827,0.534258655717349,0.445506095000157,0.669673906631128,0.451560931509966,-0.850514567047174,0.342752300877567
"C521",0.246732781755051,-0.0894289696108206,1.2298867612634,-0.285041853945387,-0.781615101124669,0.983226331975212,0.441523539913257,-0.91118595702343,-0.533791747335311,0.906330110259573,-0.0133782667363301,-0.886165451161082,1.41355528116163,1.1302500232246,-0.957657233489486,-0.306117480317841,0.801046630941118,-1.08208379500404,0.587654424161638,0.241324926354646,0.512095296798384,0.674012909863189,1.16271161374273,-0.0856308140668967,1.42828425341712,0.533078052778998,1.15950704595287,-0.300342944642071,-0.0752151100256015,-0.165432064463073,0.52625501375248,0.0500012017933289,0.0832019484846521,0.346218915522109,-0.273453590907891,0.0326318569762478,-0.567141690987498,-0.332248112956065,0.42906767334856,-0.183524227787417,-0.166742627836631,0.202030244469501,0.5122383525633,0.123671144875537,0.215269673794551,-0.280262008040076,0.403798980465597,-0.546034734872766,0.186456547389719,-0.272426563753623
"C522",0.441794509148443,-0.142100877021226,-0.223159110855894,0.887199633345726,0.228610928248712,0.247279739046263,0.906347794726655,0.139958070415377,1.18923864465437,1.03460966182922,0.626039400475673,-1.52664319717978,0.4269635904835,0.0758917259826149,-0.586839984523285,-0.258450654997271,-0.307916378712185,-0.289459518863396,0.0107885745808582,0.0913977867115652,-0.903881812313556,0.604973982432875,0.876705975297321,-0.157841876520155,-0.834606348179982,-1.27718627899813,1.21303324729946,-0.444531824058067,-0.820724533252365,1.42709058939574,0.0577785606460723,-0.0687910381563387,0.157337828340589,0.342872460551422,-0.702090324932775,-1.35770671603907,-0.0510294035869679,0.802978525992601,0.103523767174797,0.0765812986778377,0.0727986660496231,0.41505396728157,-0.0705509276351686,-1.71916525156373,-0.963384089553963,-1.31487533928135,-0.388107823292333,-0.015273269190384,-0.170636781533455,-0.238636546610998
"C523",0.605278463440711,-0.373173120927942,-0.402339032929553,0.00400717625084837,0.127202927493835,-0.141424165983512,-0.166502046271237,0.774088056884212,0.412902645382056,-0.660522318239362,-0.256427682514558,-0.537059611895073,-0.447297577279303,0.448823007514253,-1.2209348233276,0.754744800894927,-0.671035295676978,0.179312475697306,0.436440872644342,-0.70866151484446,-0.87616395886423,0.12100641733373,-0.898747140370898,0.201749530516683,0.0309711595067334,0.321436070109944,1.12820933531443,-0.276614414595234,-0.630644445173239,0.333713480030032,-0.241110203224436,0.338448192980812,0.506670226987364,0.0302564545968777,0.165006216858217,-0.0153620430617174,-0.295792426188473,0.763787443502003,0.507346345618536,0.981296719012833,1.77066834353066,-1.41954284856899,0.85819445468996,-0.75535518431042,0.945141793965335,-0.0684301468655344,-0.762123641559074,0.600132432277134,0.425281500662048,-0.673775335506945
"C524",-0.0522575612960324,-1.09152818930656,-0.0258344203954617,1.02261524782051,0.0485642904144206,-2.14449828327045,0.342408753824206,-0.0962626365645447,-0.0900713374213418,0.353752643851305,0.917429481053715,-0.556928437331063,0.833385520897457,-1.07093631200065,-0.926329881884121,0.619352718496682,1.08687691225384,1.03120274439173,0.566960434294827,-0.541211727144606,-0.0856764226736114,1.04747717580885,-0.195368656433006,-0.248204433409213,-0.100059286089952,0.984938918221214,0.632829612196943,-1.12245661787608,-0.57124568283656,0.538333415455315,-0.0191402560591277,-0.492345375119498,-0.608109225287636,0.454003809236546,-0.231920013167066,-0.989818259309428,0.34808101210678,0.278567924952452,0.286033318123764,-0.0995841510539838,-0.153319246527251,-0.663066492502761,0.0493461042895601,-0.184543945006806,-0.972966215173511,-0.00641834362217981,-0.627014875242566,-0.141223004087306,0.100233314634079,0.353868683965766
"C525",0.515156763544834,-1.00818020730647,1.08230531003799,-1.04721310720308,0.6330897071014,0.333028863023442,1.18732169935716,0.726501438680241,1.41206491206868,1.28298252930983,0.415297266428122,-0.455883458865679,-0.182247016128519,-1.19478719163245,-0.310171043105109,0.298331470792882,0.886316753771747,0.238835775228221,-0.211520235969956,-0.257134635779166,-1.93141214145938,2.11727532539633,-1.4588065750778,-0.46657399912113,-0.564851075408952,1.27391969373052,0.636397179149098,-1.07038395508453,-0.329341399803365,0.202791307617535,-0.392066097242782,-0.140723497286118,-0.162097408495208,2.36709401305874,-0.41987909131402,0.295820928094079,0.693914538582874,1.67501812283203,-0.295169851110241,0.0828665615884625,-0.612733232558393,-0.331684693541652,-0.831593929974691,0.268011649568986,-0.441562288894174,0.182309382833379,0.348103620819143,-0.214528249853407,1.14937920001996,0.384371963921394
"C526",-1.13940097628282,-0.275542432758731,-0.112348967984083,0.232612508410707,-0.457761726666018,0.529575275922262,1.03854839345701,1.60137554382141,-0.0821408359183521,0.448916257885463,0.561490646061042,0.263734101208405,0.391695868255296,-0.959454453159039,0.874717242920162,0.118160071770414,0.576663781729415,0.0710727688243333,-0.65456198458415,-0.579880493744746,-0.495501979122441,-0.244916928313803,-1.33649047756566,0.104572645625856,0.693119677332123,-0.162930486149882,-0.667532850451893,0.505517008806909,-0.239376034088386,0.803515473765947,0.258940750448682,-0.793556149192886,-0.674462708757685,0.705259526833822,0.697416138426551,-0.444520976628296,-0.163080986566848,-0.275611545786295,0.72140871728606,0.75352317525013,1.2961810746269,0.867570590898966,0.19566186219591,0.1336262169726,-0.0141171843959761,0.82373453447663,-1.02097240604118,0.579688360076878,-0.286233213496142,0.101516073040652
"C527",0.429233751281329,-0.250306381386943,-0.00425009167277494,0.559569529942809,0.69023711582852,-0.465580251559478,0.423951201552188,-0.0957336695638655,0.111141181622025,1.29246027626534,-0.0978579733782139,-0.183797267342528,0.808432961185787,0.192608806435595,0.287192896869244,0.591404268759148,-0.229457070631217,0.139916659022486,0.55951921632101,0.382365505763775,0.263520877413586,0.696998157960784,0.143855937947214,0.325899614556052,-0.387702860685004,-0.260824052998551,0.655306329637232,-0.871907251567413,0.534542760907167,-0.448036603694716,0.124776513602424,0.640942933397007,0.249820641380742,-0.0112553064031842,-0.585171620059372,0.19925617189903,1.69506317310234,0.24978403585922,-0.279371560959053,-0.787311501056445,-0.340424032206117,-0.789580524007428,0.089465878046127,0.284670548756786,0.30170027945024,-0.8569826869186,0.273620566450135,-1.21095746412203,-1.0925688702543,0.489077433426112
"C528",-0.309191741220981,-0.436425983043297,1.29282872876925,-0.818883316313582,-0.114185420838517,0.402609312176212,-0.493059015901607,0.108991744466016,0.0658187125519632,-0.0662901071358727,0.000180407274311633,0.891528703902572,0.0121360028857503,-0.0063595334330104,0.596364480196489,-0.143570482473534,-0.377449607653132,0.132921874743839,0.429037962270187,-0.697313579644391,0.383941281408734,-0.995665080394492,-0.931841284445138,-0.227262904282333,-0.0984445939650524,0.358434349550852,-0.203296514215871,1.28499106509629,-1.18387330386615,-0.104652334004645,0.712923003285664,-0.40822057109836,-0.237284956061058,-0.322064698137805,0.677410259835525,0.28680204232034,0.0024674947317637,0.0201129495330201,-0.00534772374833939,0.398438684675891,0.456720972826585,0.374359765873103,-0.0868394704095496,-0.179137206980154,-0.30611841215079,0.166393216707615,-0.00514510794568623,0.383544911490769,-0.539693247300567,-0.634282214388205
"C529",0.988514998464022,-0.401172322245903,-0.918901690950264,0.181907058718024,0.446247420252532,0.879940835320387,0.736701900883361,0.249557348124449,0.0433001115373715,-1.39284831438015,-1.18576888967522,0.577151719600968,-0.0198709835616894,0.53792903968106,-0.55442654524635,0.0834593309845786,-0.856426171162372,-0.0377262839742688,-0.0792699587214937,0.35687404353046,1.47603210970024,-1.9784091705345,0.287957606803391,-0.0291439176368007,0.549062606138932,0.262125846523272,-1.33622744535897,1.36718875164416,1.03612489305739,0.199452764954339,-0.548799624972808,0.151081464131008,0.224759455907293,-0.981058893452112,0.225083848259591,0.279517320221024,-0.325762862516712,-0.446292832565679,-0.1364167786958,-0.263443045320921,-0.755705537497137,-0.30854651138344,-1.22391334807023,0.470883741115741,0.324080279146522,0.092379233647264,-0.353233072858366,-0.340535847111543,-0.83336223499975,-0.401043135099851
"C530",0.437694533669073,0.138290819944167,-0.0997661581915893,0.306122409991307,0.663734968169879,-0.599848519406275,0.0364243550690035,0.468544825568699,0.314885372891209,0.162952146515224,-0.656571968306389,-0.243042163916771,-0.33391869443548,-0.216927661194552,-0.304477504844436,0.109038532261304,0.516192093478494,-0.329358160057564,0.0991588503033725,-0.307227787427784,-0.400373323719907,-0.893700499379809,0.0765199654353846,-0.581083777624779,-0.278608502939342,-0.22687802511746,-0.00862006848799286,-0.291363208965645,-0.520893376927002,-0.0429791476357291,-0.380492840693422,-0.824619550067041,0.40736698280883,0.534451033476019,-0.0935414537652744,0.351375350599972,-0.40411950235965,-0.208443768481383,-0.404331906257438,0.391336711595623,0.986869855695062,-0.343194850349675,0.559243476277223,0.243472363073878,0.238604454393987,0.403343283639761,-0.092982161466511,0.349937085473443,0.0175077998029061,0.298055082969453
"C531",1.03627013820125,-0.294954609927526,1.66797699900375,-0.963643722188818,0.19180469022516,-0.625603377878805,0.563463089867187,0.724399519463967,-0.792129773907095,0.475825540125647,-0.111169315347973,0.830944215005143,-0.601580847119247,-0.59491688475277,-0.243775374850941,-0.167728079084374,0.110931432561065,1.10893196586145,-0.112600527151723,-0.117160321764946,0.368160424685088,0.20528111172624,-0.383087392412563,-0.0982632937869864,-0.797256586621278,0.816811610088588,0.789556034219189,-1.12071663198134,0.757882954138341,0.44410071638807,-0.0384620178992749,0.267323404611326,0.0201462710301718,0.393135768653003,-0.448738150199724,-0.267203586580615,-1.3892950658679,-0.129341340134622,0.529077383615004,-1.11615092420978,-0.175681891631108,-0.075809074280797,-0.0099083821458195,1.32780664335586,1.3023262560995,1.46795842228291,0.68945040413246,-0.807297084751074,-0.239296161770178,-0.555627453460636
"C532",-0.61022283687717,0.606815173546265,-0.630978475441923,0.493225976585905,-0.972590052311325,-0.237431237543584,0.57892293936328,0.314994155322667,-0.0905457154377758,0.385652282897488,1.21731754815928,-0.200347324902413,0.654771335676243,-1.17801138359313,-1.07795194641546,-0.0300190559497637,-0.214708684407044,-0.176552766275514,-0.852496257902856,-0.252057841570063,-1.38477999169543,-0.0200229101704013,0.33485082229929,-0.476515196219579,-0.998145253654917,-1.34588894882891,0.214219357829729,0.0129916973573482,-0.812905131696078,0.151290017954245,-0.859726555641833,-0.0192552307534995,0.900115861217848,-0.0647822380483459,1.1743373316322,-0.00626229078725382,0.211769957131032,-1.15622093267347,0.155995805725231,-0.0430044392125464,0.287267559045705,0.892086055468387,0.253624269852034,0.819132375790133,0.0754604417426367,0.772599751194914,0.60098512195907,0.256214741456777,-0.462755598806836,0.647348362675172
"C533",-0.328131180568861,-0.455966962896773,0.995087336956291,-0.969369061425551,-1.48877182255584,0.582861107840248,0.288406087091304,0.519945765022946,-0.946001499442196,1.49289233282947,1.04721910118131,-0.178728361149794,-0.393301889879353,0.437497701246148,-1.40152151603963,0.898614854291052,0.60258117832659,-0.254505375345845,0.274302424005045,-1.12795961940838,-2.34525093135298,2.60956029966922,-0.174325400782169,-1.25508051625842,-0.350811301277635,0.726512062263845,1.66285955890784,-1.17976323698759,-0.62473763805293,0.84995149961743,1.00941920306145,-0.302433336050918,0.3931078613526,1.63788003810692,-0.994427581875621,-0.957458415508459,0.656212308780404,1.56652956027373,-1.05936971672355,1.39782061484432,0.932890171378838,-1.70281217137062,-1.3559439776325,-0.331038938564179,-1.11376260170239,0.642537664951276,-1.15047358971091,-0.39087121863209,0.424887403505666,0.674491031703548
"C534",0.149606940087457,0.485096184789364,-0.222683492960639,0.0639750348826925,0.0983630970732483,0.461963117280232,-0.912254968494349,1.22510354571571,-0.831111638925563,-0.232443238744853,-0.835408677123152,0.235972210405438,0.466771995670222,2.2580855501807,1.80065772666488,-0.177389857977362,1.07172352830553,0.2108013223446,-0.41075370396591,1.19837301149846,1.03589916706839,-0.145689386552494,0.98445160399522,-0.18081848557018,0.52069916109614,-0.221034172530159,-1.63269596118653,0.535897537079217,-0.169492642041005,-0.496899005724485,-0.095327889982728,0.698577392284663,0.544804014410538,-1.43934252368304,1.1697587488021,0.391710523612798,1.12729439523634,-0.955063257371057,-0.0419854701845496,0.992017256723839,-0.352623953793462,1.7563654997661,-0.440206429998737,1.04225001936214,0.340902104519939,-0.211449596224196,0.465306942088661,-0.647316284387289,-0.938140646813267,0.340397628731325
"C535",0.16379425773857,1.02995754764114,-0.179181199952425,0.129256407417273,0.255974400778974,0.108941184305327,1.17222307307406,-0.617626272165752,-0.156428026900831,0.335724488089035,0.11076850850717,0.0742137412237292,0.915393632017983,0.656102496939672,-1.26620080165375,0.367795299231863,0.695552093976506,-0.987918850903775,1.00122670152522,-0.176962278683581,-0.621602062902484,0.299424213140643,0.488746941000651,0.298637571800241,-0.114239814229514,-0.956420393787982,0.483060664545848,-1.07066755700404,-0.298761215344074,-0.504951617807441,0.648520593968004,-0.193761813141832,0.555713166996549,0.0596729078160093,-0.822921483299732,-0.074312935166123,0.760074564341819,1.05058535816475,0.396460335623445,-0.763192817242564,0.127174989778264,-0.496335875449565,1.1605582875559,0.00696826782454518,0.544463320391158,-0.5225982392869,-0.648041813201158,-0.585186784231989,-0.283574480720023,-0.504407399426566
"C536",0.129775889491664,0.46167687542661,-1.25293333660386,-0.522418359098164,-0.493421352821959,-0.916060099719146,-0.117721848262441,-0.0975409244359308,-0.0596926087499646,-0.853207104700661,0.589170869070507,0.105431961741962,0.647504206649275,-0.42644499200332,0.267331515675446,-0.209141920490047,1.02552723601728,0.310921586250964,1.02019550444001,0.466303041748832,1.25987444743805,-1.06883240319126,-0.018779202851869,-0.332113428467881,0.195779489350675,-0.189724152729193,-0.586901434415196,-0.22070049872072,0.569697464783212,-0.558230958703298,-0.241757201732676,-0.343549290256297,-0.0219019407173792,-0.730397020395887,-0.719268163363333,0.132129240806771,-0.0125381586650783,0.693320625845972,0.636288482841261,-0.522874469654425,1.77193136810786,-0.121400575629352,1.23680399062328,0.030491489763127,0.765649952158399,0.270283552934773,-1.20766161749491,0.15625035319882,-1.24000715643466,0.132862756841471
"C537",0.0256296087056007,0.364490799682838,0.00433778123482693,-0.378969169760643,-1.10125171837763,0.0252370271721094,-0.791306764998269,0.999286413136225,-0.374804912452637,0.747593957984237,-0.425696321031526,0.283285574230732,-0.331807794459935,0.612419974079447,0.398291865811351,-0.0551298858312408,0.333777938413684,-0.736967996828606,-0.177330886137237,-0.400718446782975,0.704942285896926,-1.05168151601833,-0.0163794266032129,0.974776972820511,0.0466882522235814,0.503167279853822,-1.12778027741891,0.621439501580295,0.40787035021281,-1.62758407497737,0.278022482774691,-0.211797033740702,0.327763889138751,0.224770631018327,-0.68264280487391,2.12659821031098,0.2814567934604,-0.0646913184580304,-0.465903809615239,-0.61066829741404,-0.0581693613588526,-0.841649162748145,0.513407467371244,-0.407733885239943,0.788918499976765,1.9720066387737,-0.484257309213612,-0.0835419521492382,0.435208141092246,1.08210093501829
"C538",0.182713367555472,0.230521083383264,-0.726241796581684,0.264188429424268,-1.56390755980695,0.202934053521256,-0.121397222491916,0.0339489371975079,-0.302868042280913,0.998846415994885,-0.18101349562517,-0.716772468311041,0.167295537924638,-0.431547824028509,0.39004780975777,0.267963769240688,0.445761808373055,0.752546440941685,-0.617602524158658,-0.285347328647784,0.250215953666912,0.359398728212846,-1.04665768820595,0.707338400601004,-0.554322139616097,-0.192203662631591,-0.686830708328014,0.14243460050621,0.478666737315256,0.372258301718702,-0.756894655170102,-0.0158381567567837,0.425896562538397,0.0989801795425704,-0.658419979828426,-0.706204916302167,-0.872468171402755,0.196895317366875,0.676899704215578,0.524348961114741,0.118264405483381,0.522400872548029,-0.173457556702752,-0.0807268108425124,0.656422631023645,-0.194087442910861,-0.584474348505079,-0.205734345893107,0.168617200874079,1.32537083741477
"C539",0.0613411037381623,-0.254243532292158,-0.952384390534205,1.60387556075996,-0.362132500558027,-0.683497633681895,-0.173887926375898,0.285949864506191,-0.090806633476165,-1.2190412275742,-1.41183989750368,0.405723478112127,0.292138641900653,-0.372644397436348,0.378802860401105,-0.524057283414602,0.705944534371397,0.828910355908727,-0.551716819628009,-0.134321272512268,0.0818746925978237,-0.655099407598914,-0.283476602475151,1.02086430591766,0.675228752109239,-0.476956799100414,-0.430474875503919,0.0769788099535844,-0.215449786852943,0.523371922197119,0.285683486355522,0.762949816899007,0.439697494023275,-1.132738894172,-1.10870686498421,-0.861625355935208,-0.397116786846074,0.361151697364446,-0.349632909926253,-0.274296001736614,-0.460732022846939,-0.8103364845363,-0.218816008565361,0.535598469149647,-0.006327378633384,-0.934526169195582,0.27707375839508,0.196087594608965,-1.63879685541012,-0.391957488208306
"C540",-0.573072986369923,0.024075248444127,-0.38871199205132,-0.759659912514375,0.151312853674848,-0.672084249879262,-1.66509054981395,0.0388131702074435,-1.25157538843206,-0.74594617796404,-0.943859160378658,-0.471083475997887,-0.516985812223186,0.798583265743886,-0.34228455531492,-0.771179096455448,-0.318260546642057,0.223846184050396,0.260844111972591,0.813566299715802,0.359483064096262,-0.0708240889293985,1.56375004287456,0.0194197337587287,-0.367289529265396,0.278887241580274,-0.00677638290852235,1.34313118719033,0.291179965864875,0.456867279188176,-0.930088979915239,0.250732789093854,-1.00432344806762,-1.04536566210757,1.6970451773164,-0.307514489089399,-0.924823326596668,-1.09507211482598,0.0634476689545939,0.000116087527170199,-0.64156352315288,0.626148027233099,0.378807866465458,0.462026196439938,0.260234631572984,-0.546931701212307,1.01579600683187,0.413317145339331,-1.26417208067429,0.117760564668481
"C541",-0.063890232151069,0.466782918776884,0.444951625520325,-0.386059408773398,-0.449265654260641,-0.452600347832667,-1.23362860761156,0.504674657973096,1.0537456478444,-0.0106865946934185,0.143974828442419,0.814811181449525,-0.334948439586991,-0.253435883553872,-1.06523865038059,0.556611329432084,0.675028688035113,-0.367854533906351,0.171696206162498,-0.144017930195013,-0.591397560292665,-0.0674245387967418,-0.114090346010609,-0.402301035713981,-0.571832111843282,-1.15984412511079,0.54169386363736,0.258354058709188,-0.0701838957315095,0.401825464608991,0.577366037860942,-1.06689998760216,1.40667605890208,1.30609853648834,0.763695150490005,0.366867371931936,-0.273236335487073,-1.64738381586098,0.858450182960676,-0.643670358137788,-0.307443433905681,0.311606528161753,-0.444209294613022,-0.193096903145177,0.00933375857522071,-1.22666021211477,0.527391476253651,0.415789444346663,0.266563980652796,0.440370316004666
"C542",0.526230961537007,-0.294314340738212,0.327145703892585,-0.444925746465053,-1.20376646213717,-0.8742828978314,-0.277013221076144,-0.829634457124382,0.0318471550607913,0.528903560833071,-0.055368033944016,0.742845559107423,1.22196908043922,0.418231547999725,0.301297802491681,-0.08970611263,0.273142027630496,0.175705734355918,0.0437043429770105,0.305482193198799,-0.628087355714616,0.394682580810138,-0.0733724983138312,-0.318636511826971,0.285965651488562,-0.571046303785499,0.508606095421313,-0.764074123720675,-0.469380743970445,0.329908200105217,-0.193882971208982,0.863157133021345,-1.44487934754993,-0.0711164791216812,0.00995732994447689,0.0788810445022678,0.16574555450305,0.355553567690782,-0.455044350487442,0.111920259424896,-0.351893797775888,-0.216736020668312,1.98033713507007,0.315484482332128,-0.00700275976984087,0.354252840078233,-0.522232761371234,-1.45531881721387,-0.691088974667666,-0.105930218783367
"C543",0.151157088451644,0.235713111476436,1.43453854785229,1.57544790857746,1.44622321093109,0.239076392621645,0.029398184689081,0.503123468877175,-0.203597282604344,-0.162439347114886,0.533251773106063,-0.162069717338923,-0.376562529085036,-1.08594328531574,-0.0507281917681424,0.11677731859306,0.557940714341734,-0.28411878091363,0.390026205240316,-0.618660171552738,0.257822306708714,1.03092168176547,-0.206174404268296,-0.557127405291022,-0.189958783643429,0.806967907939605,-0.401472684360544,-0.934138940774435,-0.926556361952533,0.243809620431163,-0.224137837428404,0.536872057586278,0.310185906567357,-0.481661960201334,0.748317657464909,0.786295546380473,-0.118716385145546,1.09329712361545,0.765239975739612,-1.19760905466981,-0.601058316427977,0.0765220250131669,0.435624217553202,-1.34342352528857,-0.0352662497523824,-0.197135713613698,-0.749287764507653,0.312829776460564,0.0354062914563254,-0.0858619775504131
"C544",-0.0705174752345689,0.337971544088899,0.131487607945781,-1.1465741674515,0.0511039935086188,-0.168661290960908,-0.16829076365752,0.668990603703196,0.428011360854213,0.691440174832242,0.771827629522296,-1.46413794799757,1.06720534092903,-0.207591245248402,-1.32491808320099,-0.120743340405118,-0.0376105536431822,-1.09017201803292,-0.189081080410487,-0.188416686738904,-1.72222710150042,0.674169445241465,-0.421376467085771,-0.644381161050819,-0.619885926086821,-0.743903347301115,1.92476081338307,0.048448251168303,-1.54809199644184,0.173847262998264,0.101519881549544,0.679072301035762,-0.965472512331344,0.734946144582627,-0.578053967499963,-0.291040851117688,-0.47920116113279,0.430845559497394,1.44660604110358,0.179732444053991,0.0155020304876929,-0.238255567434116,0.884465796344383,-0.373707575377457,-1.62116224935092,-0.0403154834287298,-0.118042182917486,-0.340866555953222,-0.0996483109579913,-0.504428989719072
"C545",-0.0621256980805827,0.981902371095205,0.135538346339922,-0.833402912341013,0.177894276183587,0.175980900861279,1.47933699331989,-0.240920139962694,-0.783499863240901,-0.255575731527292,0.59736571956297,0.817513891679164,-0.225162394518228,-0.533562457325273,0.11852946665135,-0.0579086950843707,-0.475839377701337,0.730601727089971,-0.36306968553858,-0.312590880430353,-1.02665131348977,0.377692017837919,-0.474215988402821,-0.0416352602297541,-0.350722413581912,-0.031754396952508,0.749794346104506,0.218792952337939,-0.750425085311634,0.407865688833194,-0.155418535469186,0.919047989718765,0.748863956118439,1.24688450022843,0.903229381366461,-0.264931721463374,-0.27259966033187,0.903460928816877,-0.0239971198235332,1.28626976540163,1.57420787728506,-0.0607446045736239,-0.417587473592529,-0.304919962846368,-0.285427581304358,0.0739333959938231,-1.50492952550917,-1.59541221067766,-0.207176831372504,-0.517457175774343
"C546",-0.063592184977509,-0.653668311820261,0.76824006330514,-0.889098511750295,-0.0641474901142131,0.105410232150924,0.676080888134397,-0.360693034703657,0.145211678998772,1.04392604215826,-0.579952105161271,-0.0621433109457944,-0.4014961370425,0.397458119413836,0.896085664096333,0.399978025610035,-0.333432946275328,0.277589216443344,1.17590475078408,0.370510175328274,0.320603313524833,-1.34342265419144,0.106051073747461,0.365468545227476,0.0675741832488658,-0.352282004254068,-1.28730050938545,1.50662255923984,0.298502794664057,-0.0367767792623335,-0.68362252321569,0.459870646570138,-0.489393261921078,-0.282198064084363,0.43732181420245,0.0434906540443302,0.233572348321816,2.2570663101581,-0.0486662604227194,0.0871372657767105,-0.167727739374452,0.845783922619391,0.234437989375216,0.214723802581579,0.19653307889032,-0.389274790931976,-0.508361456899251,-0.860435146297184,-0.30438303707173,-0.657701009638589
"C547",-0.748424939967418,0.662380273912188,0.295056531089593,1.38498114177644,0.432513117351805,-0.564966530035243,-0.507830850556656,-0.520623323215756,-1.45984426099405,0.191402138600873,-0.549168465773341,-0.206089493932099,-0.121702066769473,-0.117898244408468,0.113527936711198,-0.893067226846768,-0.12378569655252,-0.55686550358915,-0.638987778655787,-1.03541286239359,-0.269557777829459,0.034083964490583,-0.807302148441696,-0.980597768688341,-0.125779858691682,0.961857504076755,0.0854160169588598,0.384790994166087,0.522544966714444,0.699118723688541,0.251889187776516,-0.225781511314767,-0.239337434952522,-0.00375491584387214,-0.748633484392813,-0.517816761237724,-0.2046263766228,0.146443727347384,0.215390920450638,0.378902306591364,-0.391657548057183,0.381309343713872,0.135706369151574,-0.512590812519403,-0.179011361062915,0.593536933656338,-0.546729076438977,0.288464793873679,0.401701386123037,0.154503023691279
"C548",-0.965913918816762,0.273690604848638,0.388630199861673,-0.421297253256194,0.555541866762667,-0.0870563154416617,0.350887923850485,-0.878947533148133,-0.159878099779169,0.26169226559327,-0.378807741481052,-0.142448555618393,-0.152622678789411,0.593619787381984,-0.975609800062831,-0.0264802509856481,0.818401718032818,-1.0263793205169,-0.398540788435814,-0.346210148266027,-0.531276520937588,0.605415029171341,-0.34384219367584,-0.377084461237042,-0.603316744209691,-0.326778334149355,0.964902203485546,0.58427777805273,-0.500124924081076,-0.139218021747557,-0.218586294252221,-0.18263005681542,-0.305706172338816,0.0529546193447959,-0.686746579576635,0.661766594706655,1.14679676692881,-0.340218594379257,0.0871118886151685,-0.34915223128834,0.00875758166183843,-0.427869719910071,-0.0215146924885324,-0.590105930279897,-0.317893525960035,-0.822900115191406,-0.228524990736193,0.438281108424254,-0.540616983771657,-0.105802585998759
"C549",-0.787471573851567,0.326979823358062,0.0154464888342369,-0.269727886578122,0.291409536856958,1.2526918560825,0.279155547015544,0.562569907843306,-0.692707942082411,0.0325077914613852,1.27595661019629,-0.260277391743653,-1.00328008797465,-0.831631079694293,0.37299317667386,0.226739947215171,-1.07259494145,0.130367518501205,0.382745039204771,-0.272277907373464,-0.468645989403685,-0.324643843938172,-0.491732594637228,-0.575153159006676,0.831611580588971,0.775967767841435,0.12239113098374,-1.11581111920799,0.31066890104343,1.238472167376,0.59000283958589,0.110002521046435,0.774211929012796,0.124645900497491,-1.2618692540863,1.06464671091677,0.244829229764936,0.859109270040779,0.123250770721682,0.81940135579155,0.0166351474367668,0.00491329735122035,-0.0398207696627251,-0.908344641046151,-0.124635734226544,0.405590862629635,0.829988757456896,0.454722485232671,-0.0394287573877879,0.151811495872651
"C550",0.0469542343819128,0.280072679982442,0.89043225371553,-0.622698227731102,0.17108612576521,0.120888001292561,0.463484000750583,-0.718847185143793,-0.902634695257752,0.9597364598836,-0.0123721392484655,-0.311445598628602,1.02509890848988,0.320504194379094,0.138851172180052,-0.462133406017565,0.985419608022525,0.359237875444372,-0.589794740054434,-0.792566822012863,-1.03970771201152,1.09764352559402,-0.982446927387087,0.0410304543849066,-0.400648264192276,-1.30420650475904,-0.559383986045579,-0.886644561070897,-0.779270201833251,0.174289527451339,0.824779585563955,-0.197534628716399,0.218147020576197,1.50722726281792,-1.10375042481643,-0.0255142400222179,1.36197661619148,1.14014807782056,-0.0586215768524493,0.721112104472834,-0.305362977720073,1.43496518517454,0.0862694769008743,-0.118612990022135,0.540551109813188,0.942669600928663,0.438805048766535,-0.0122655928733528,1.33012023874467,-0.181413901007888
"C551",-0.317861625315884,-0.380269405146115,0.59098933476309,0.308618691581427,0.234086511027854,-0.595423450813584,-0.567939491181394,-0.774193709710409,0.0673392406541061,-1.11486523004868,0.0482381329968462,0.195486559116827,-0.732044436988145,0.807044143190731,0.0344569134404333,-0.532644024826854,-0.809278198864662,0.463450633569013,-0.676165739783505,0.482882826991254,0.213695118614547,0.49289710834254,0.194589766399491,0.534621067479284,0.880925014812496,1.14796093421966,-0.552727049103449,0.115750363752911,0.586062606269322,0.296048006001061,0.553372759120433,-0.320883114411164,-0.21654770259676,-1.03439805098384,-0.364637925288707,-0.105525608528569,0.888083238552191,-0.13215511966532,0.117787661610437,0.772362834840843,1.0306072237216,-0.374943672644403,-0.244424972587139,0.718176735710325,0.16865556094785,-0.0751252048848453,-0.28668713879727,-0.0637858079228981,-0.952630993168859,-0.0521355027986454
"C552",0.116020451452823,0.167916174956434,1.61068496746821,0.905402314309711,0.227914707421725,-0.442385364821373,0.264704354563002,-1.05291363038379,0.210863166835649,0.0196304506519614,-0.229732467502128,0.0960072326078336,-1.32380140967752,-0.461738638740876,-0.929251728253212,0.164183364469291,0.551573526716629,0.741307932143437,0.162719271289914,-0.208298710584233,-0.50122590835959,1.33338921873752,1.41529612228135,-0.611987134413399,-0.449087962336164,1.51103087029835,0.741267689724603,0.172756184025555,-0.252449151455519,0.338405378598206,-0.404530413760247,-0.438652850410815,-0.377370584064177,-0.340095459654041,0.597064169813422,-1.32071782414636,-0.66078845857023,0.084238764238161,1.43029026996769,-0.076019355848935,1.22211064838161,-1.14370376855126,0.10763602847601,0.0755796369045242,-0.165347726081211,0.619948420936947,0.196435468399304,0.233147486829848,0.653812948446858,-0.120393253231954
"C553",-0.460354139288156,-0.234446587661673,0.103199612860701,1.35731541622941,1.23355427724403,0.309528783945505,0.118761926822231,-0.265392524038878,0.109693910887277,-0.871840172158204,0.300786539748745,0.172690475546307,0.0869720774794265,-0.945663303174894,-0.665515468950756,-0.260382435284369,0.536360802977225,-0.158222487042982,-0.364624609727237,-0.40273267231264,-0.356457602131923,-0.0181539702863781,0.538428053390888,0.613235216862879,-0.411452729604013,-0.111500391601677,1.09733043484136,0.767119337436657,-0.451761001074498,-0.836328848994952,-0.289571341287808,0.156215753955232,-0.623509722606703,1.6957374490411,-0.290754860567409,1.60621606660936,-0.184031009203942,0.737861877086113,0.657279366396214,-0.0363948341122829,0.563722370997685,-0.061596578296621,-0.964237587432923,-0.626505964563198,0.273660419911614,-0.955047708743741,-0.404924085556757,-0.642586701604132,0.105510755571728,-0.935787310751671
"C554",0.0372062825920918,-0.466170620866644,-0.538445617444427,-0.666996043818061,0.432786878312304,1.13160819475822,0.344260672869326,-0.352655292750995,-0.173086486458957,-0.992340089249348,-1.13115173732623,0.124352751251364,0.280836760051707,0.250117021660939,-0.809083122509468,-0.196199725830824,-0.662071539076856,-0.261327427924777,0.112467027659767,0.999439105246793,-0.612611051995901,-0.108169950225179,0.791718644135777,0.151482205060003,-0.514989597555039,-0.12252989204018,-0.123002212353381,1.4746149627762,-0.505047676561969,0.271139371720927,-0.355021739264989,0.450880883207,-0.558200283039128,-0.407970148521459,0.502362692160731,0.540046783818397,-1.14370042111813,0.307563047068433,-0.890793167900832,-0.659605677920732,-0.199673831338752,1.00264608930148,0.145047223273734,-0.0484456097981564,0.120461812242799,-0.232723471536905,0.0935045537473418,0.874168554862815,0.294676523154208,-0.626345098241537
"C555",0.43598913002651,0.273450485478675,0.321867517814536,-0.014013527964364,-1.1981529371656,-0.438860179004396,0.0179960757471646,0.4616162245389,0.290045477448451,0.328682847112163,-0.0731667167770084,-0.31160429893543,-0.624186153056788,-0.341500177620023,-0.331408539875366,-0.0465494560073476,-0.317119646839852,0.136290470429204,0.5644717091768,-0.512873657610786,-0.949525113666025,1.86080538504838,-0.206002603095283,0.0095328300739497,0.238429804049016,0.705191734112247,0.642313759622753,0.0235475347947691,0.45931098530852,-0.239293304087545,-0.461427694994409,0.40673927203489,0.0415865395483234,0.789839496574452,0.881753548492024,-0.372285734210674,-0.13791907558206,0.55267657191046,-0.902578906496254,-0.648865641775788,-0.00885448994907799,0.0925921592024014,0.297195956720397,-0.854015019223357,-1.00413242082952,-0.206044806863856,-0.508110078204486,1.14011467576202,-0.216542305370025,0.748468389330449
"C556",-0.553133387901236,-0.156569725858575,0.0853810408215933,0.498723022800398,-0.50562009986379,-0.123231415877639,-0.491342035975625,0.260377175797621,0.348522444980945,0.350281824591676,-0.594066081355627,-0.293145013633197,-0.586949712567067,-0.655588505802372,-0.694664133352904,0.263920595583366,-0.221852941924355,-0.108616168465199,0.616122943372486,0.572125064992398,0.0685507580655123,0.0678021352545046,-0.269959987999176,-0.456339812820512,0.418749764697126,-0.304556364290094,-0.067945506004879,-0.0530591894838214,-0.906459932891051,0.593568656126893,0.661837455126349,-0.570556060034622,-0.294681584568498,0.454412684105172,-0.612210694623752,-1.09492926629301,-0.259860755464359,-0.211949130301178,0.284004552635732,-0.0678528616875903,0.605166405186647,0.123015104051798,-0.210659381074217,0.658086795206366,0.0578872234036295,-0.825057752326973,0.19770709262999,0.773979678595595,0.42206752452236,-0.0546585296410226
"C557",0.60483759167334,-0.0875170476887446,1.47186636336332,-1.05210355644958,0.50028725594813,0.466928704230642,-0.117850992470256,0.434570166277236,-1.30806464797013,0.698935159932119,-0.260844349370716,1.8275572993279,-0.595351692680871,0.369741947012519,-0.923962423078532,-0.273771534652402,0.21758669354965,0.0103127554589432,0.30513236646675,-0.492063870798348,-1.0610692677543,2.34002190559918,1.17741776345774,-0.569785874411832,-0.329883878831202,1.68447143316078,0.876949799867323,-0.242392347495606,0.332802947039037,1.23984320621967,-0.245664509149717,0.107480000767515,0.193232431171298,1.54653478541083,-0.474429378633596,-0.353668233718588,0.686803346539168,-0.599989725036727,-0.749548482406728,0.56254245352719,-0.251027533722415,-0.803791996432452,-0.396838507451786,0.473318263930317,-0.0946611851112271,1.80264645160891,-0.280592900569738,-0.131197819265736,1.35064471953778,-0.174150250161633
"C558",0.0704575435040075,1.44524434328947,0.771732071602096,-0.0709362721894204,0.185447376918398,0.127700852822592,-0.0938544158096577,0.629653709094824,1.02776008638734,0.697073626460505,-0.158982271125905,0.641114296576583,-0.31184309412108,-0.73930866085752,-0.210272148459195,0.412519866680783,-0.0272914028874238,-0.175628821412722,-0.431157724423987,0.398878287428583,0.570820835426245,0.901992549829644,-0.366983738436447,-0.910131581942075,-0.338274704263911,-0.120632972596181,0.755811640203172,0.269900915737723,-0.398224883563284,-0.344547466707281,-0.130936531806443,0.0541312783661812,0.425297815387175,0.666909256033846,-0.301985058516635,0.580105772110604,0.502571235713729,-0.75539951113641,0.0555094916751678,-0.425186119407863,-0.79199064456056,0.818179152828361,-0.195301625551519,-0.202108230644859,0.421050657815559,-0.612236726605233,0.611237292063474,0.686121645498671,0.0612039356389041,0.344705867700146
"C559",0.785693095174467,-0.623981047578828,1.3751942093705,0.934780695476988,-0.301885419490824,-0.744575367572895,0.189009010829885,-0.225541200742141,-0.36634037295291,-0.0243029450157358,1.49569840491908,0.195351912995554,0.511844353853518,0.560140946221915,-0.170544291613886,0.24450615325428,-0.177601655062823,-0.119107872585963,0.722016741332584,0.237825387112603,-1.87089629329896,1.13345777490973,-0.671329683422395,-0.0487629137412224,-0.295113844910348,-1.32451678325908,0.693554471844475,-1.31552195702661,-1.2194662647548,-0.111933575188372,0.68218710518187,-0.277104447141689,-0.240032979708755,0.932651213710226,-0.962124449243171,0.245481743877897,0.387801342831973,-0.0963672527516153,0.445764721023093,0.509217883372788,-0.953670806794157,0.779754184612398,0.609459738695108,0.228054487819136,-0.10775181286439,0.0822123435443196,-0.296673377516568,-0.669844687498746,1.52351603871028,-1.47112771209018
"C560",-0.582456247504449,-2.09782421965344,-0.958394013469512,0.774619188079082,1.23631040462487,0.81064372503319,0.137476617404274,1.01895553881475,-1.31171091825832,0.204749854768082,-0.0653707735817269,1.15028239528997,-0.140297793220849,-0.84639737179657,0.977836127044202,0.521749306239,-0.999553755444224,1.01890391299474,-1.09378038490462,-0.32436597070636,1.10932291692701,-0.165018407375822,-0.451950833869328,0.960879871852957,0.0119615312690909,-0.461471739477873,-1.26912038200084,1.07558781073573,0.44554627501385,-0.121415681322169,0.401078913811945,-0.266248963250021,-0.347378016379345,-1.40142705816886,-1.06878142840726,-1.58245674315151,-0.823434598141735,1.35306725177802,0.233196095226024,-0.950366117622277,-1.14973606570643,0.947347997373594,-0.585594406584901,0.0469592594117271,-0.211658357916042,-0.739711462377757,0.791461900336002,0.448311713401956,-1.32704609869807,0.132106031486497
"C561",0.228009313759937,-0.0839658932461821,0.742243573013876,0.939489572226028,-0.767979821451396,0.422636420989016,-1.25060069505917,-0.512448527801114,0.134433806604976,0.710051040411945,-0.000607962848985975,-0.181600312464545,-0.557761179656081,0.221099412556095,0.200913634718534,-0.0427235486578976,0.185679435213502,1.00546894176448,-0.869814744796737,1.2799441524678,0.43041476148619,0.314295318851801,0.171990067370808,-0.5036527020652,-0.0550445704126764,1.79970551075816,-0.503436054199235,-0.162858101920373,1.06211264559444,0.277907214050468,0.0367734732532449,-0.182457551108276,0.415859177414613,-0.273724156671505,-0.225136977603471,-0.380034097875498,0.441071481352976,0.20536381595267,-0.409221952135514,-0.107800107783981,-0.308200879025491,0.826344933407629,0.416204533836497,-0.312893841136756,0.732311216293749,0.23196056584655,-0.295892942726831,0.124425567555864,-0.342486743670089,-0.0687191133154853
"C562",-0.852785088446166,1.33975456990711,-0.354821184727668,0.491850503774553,-0.0337968099409692,-0.27083521735211,-1.31020865897441,0.759543440018696,0.575485710021334,-0.335539138934042,-0.38462133500638,-0.420387451658276,0.266686284602286,0.4181674999231,-0.247391805335289,-0.179011042142629,-0.346779632506525,-0.397136201491395,-0.125362171744535,0.239198954560506,-0.446328533836645,-0.302258187141451,0.518627719146132,-0.398501542773495,0.450797546202613,0.668207267012532,0.775616022347338,1.19760794263129,0.147757030855872,-1.42966458681748,-0.444466443607939,-1.3641346677029,0.411306674454315,-0.0852653398453402,1.27281946407062,1.53839751468764,-0.665134364948071,-1.31143323144436,0.227280991102919,0.144892087092694,0.386381447154993,-1.0496374142896,-0.120398126542921,-0.141472627196531,0.0588117081592761,-0.271627994181534,-0.265878178150341,-1.0542985653331,0.627321616225482,0.0924975453330302
"C563",-0.091933526028857,0.119688705303111,0.103223170567335,-0.00594777036345994,-0.157939548751464,-0.249199926098728,-0.580298976104108,-0.17842467384324,-1.53595218668841,-0.763011136398692,-0.761580639320313,0.0822660328551977,-0.379190029467824,1.48518153298499,-0.389791951710504,1.15073679932306,-0.335115461280928,0.199395857784219,0.977777290504805,0.312116272859734,1.45563537787101,-0.211643329265221,0.196468287907401,0.800647206099948,1.02373325500682,-0.437937891333455,0.0955497651706892,0.759479293468806,-0.403283791152375,0.101119701305252,0.0121626677436828,-0.703305232698814,0.392963408275799,-0.661113518789574,0.0202609189398891,-0.945671797040043,-0.614741676086685,-0.714893875135862,0.509612290773873,-0.210326401830316,-0.296992758441636,0.631257033790947,-0.330698578809683,0.933385068886344,0.653344541759023,-0.28507057431054,-0.248747497039225,-0.155852295227994,-0.78572311318331,0.273008596472902
"C564",-0.694936122655458,-0.72317368135901,0.469104288860253,-0.55129134970055,-0.345121858858792,0.490363391999798,-0.508950586148469,0.434358597891853,0.216955304499453,-0.697614180172207,0.844222048550164,1.44068152008748,-0.312374799053009,0.44961090894439,-0.786251062022854,0.4156394244716,-0.452346315163093,0.0366680102599077,-0.921627230941189,-1.32453459487507,-0.871535063223447,0.80019463417723,0.280114049263714,0.340113248694628,0.0195070878720649,0.29784461538455,1.22394423430067,-0.161598713258858,-0.0823908390843231,0.329811743774163,-0.363631004432643,-0.251936650970587,-0.337097661731319,0.854754606397867,1.04717681586249,-0.0460020260311236,-0.392097958401027,0.690826253859001,0.622314947225682,-0.173015213771074,0.476638357482627,-1.26554081751121,-0.408415863488796,0.0376781904696914,-1.12976325180303,0.436518018221874,-0.113443347913248,-0.940220448212345,0.395036659014361,-0.0579643549052527
"C565",0.0565391899921011,0.156890476610835,-0.276878650811183,-0.710427530161543,0.710236206854613,-0.44313070274978,-1.74868371101163,-0.738145706548692,-0.177857190790285,-0.989481928567341,-0.512157044217112,1.31621209937861,-1.28338422971034,0.771448282149491,0.30658856117079,0.0558023202733648,-0.448527273356686,0.473444299039771,0.687607637159118,-0.0888475997822918,1.29207179866022,-1.61253494191653,0.177141398812722,0.3864566114066,0.922590740110787,0.514985049091379,-1.0869707893459,0.764030945769013,0.880508007137047,0.145135149604492,-0.055471937000191,0.738590802616222,0.508062255686375,-0.964686217065414,1.02586867954955,-0.649857920505038,-1.25698146957276,-1.50114298672019,-0.514368969060973,-0.571870232752927,-1.37896599023803,-0.375705934396405,0.100927066588963,0.552941229507116,0.687639659514676,-0.601908174244817,0.251782246468772,0.717112696722312,-1.14271942244771,0.0184223792818384
"C566",-0.2689441391144,-0.422473063564861,-0.509019353425628,1.45145622934848,0.900522082444715,1.72619414854039,0.285674127507827,0.0787225091616067,0.0198165016439827,-0.435359417777782,-0.523160284506529,0.390455600779236,0.501465736118647,0.962194917017648,-0.338164605252177,-0.57819680887212,-0.20472806921793,0.697430259773849,0.0525655022173178,0.388065307256518,1.68638938425463,-0.134625221982214,-0.170871153604191,0.656495934345229,0.0582540803498157,-0.334845192721259,-0.393064149538858,0.698876176906504,0.590410783266441,0.198845962955687,0.247479689945238,0.0432365590593483,-0.0454971408508035,-0.492282587998113,-0.560830405495713,0.190351136935172,-0.871945475716631,0.88092913302152,1.09177557625812,-0.416076875964948,-0.643758332390386,0.454257087210687,-1.09181065542654,-1.54197280510088,-0.427294982611855,0.0390198638425205,-1.05359777936756,-0.145362537347917,0.212351075743722,0.618555379591038
"C567",-0.0388085153036412,-0.107513870766996,-1.40698347194956,-0.564691853478656,-0.38208389338856,0.436373637570304,-0.697293350555124,-0.30305423584032,-0.32165553541934,-0.2711885482914,0.677688657755241,-0.0527547429454125,-0.323702323487439,-0.0312875677824337,0.922328253765762,-0.0423794419679315,-0.0928283346822229,0.350373409836422,-0.842338009688337,0.926929298761601,-0.0350231768851015,-1.20150610695025,0.1266382456952,0.39633310483606,-0.304155254769796,0.152926650489521,-0.661228065422161,0.125494003082414,-0.229942818636899,-0.435304484812909,0.162112244489811,-0.308629897622253,-0.163399084561915,-2.12148677903134,0.0744367928480011,0.266451617469349,0.162970049611362,-0.377694161797984,0.0823304621458626,0.540162238478519,0.148776480374238,0.715595132747741,0.199558215601902,0.063960519982741,0.0457158102326173,-0.909892301727511,-0.778103039917589,-0.257234714585149,-1.80893417515029,0.0382066913283845
"C568",-0.242080284872917,0.489326486903322,-0.551238700396724,0.476467999787246,-0.127886667727144,0.00325672044754823,-0.500809148616575,0.377419974115228,-0.651649949899015,-0.306003478286895,0.492098544460969,-0.697708414367139,-0.00189789773854763,-0.148480966711152,0.936704874920278,0.500728911498971,0.834394817717604,-0.330369027536276,0.562792178043148,0.579905416808533,1.25479554360424,0.0458015714656066,-0.681479176362729,-0.551714166771125,-0.101082004726012,-0.206490254313634,0.715358861399843,-0.590493918918497,-1.35144532841585,-0.595919584113,0.0240187041037362,-0.377348848366644,0.33722039331106,-0.30611964238089,0.865419308904676,-0.105395408358763,1.41580761398031,-0.543646018876388,0.441125951794045,-0.67918206157686,-0.359023317289928,0.466907502783967,-1.46429356940781,-0.29305321372112,0.948657931899485,0.030693732519641,0.120599954366794,0.468604854166485,-0.594338688739193,0.0376377182646966
"C569",0.364495110951484,-0.447008757100064,-0.546476659501862,0.297652015926752,-0.405239786882241,-0.240120847783872,-0.828000238999887,-0.528293749004314,-0.019703167762229,0.362320300691825,-0.572816617960742,0.323018563980026,-0.803116398368581,-0.419460799190407,-0.770556194794042,-0.777717635996666,-0.603514877608564,-0.0346526744885157,-0.950649590429832,-0.962509092370907,0.661780855322391,-1.16861336099473,0.173172604583253,-0.468020871892325,0.0227428820661294,1.15231066221178,0.0890641753602737,1.34945799348148,-0.0937430444655902,-1.21785851567892e-05,0.300652629394191,-0.684048605801204,-0.685026645358529,-0.0977956485140128,0.56512046319151,-0.578824131104142,-0.792452303733281,-1.30426038610634,-0.376954643195528,0.877942046914736,-0.340552952850242,-0.71736268482708,0.306100478495702,0.331302085830325,0.832173913538388,0.771125220307917,-0.260766487518776,0.164479909487652,0.487762873178903,0.621841044425823
"C570",0.29940838131679,0.314002498733634,-1.07082349041849,0.464532132362295,-0.128669208670192,0.223808926449224,0.0501223107324904,-0.509980008503852,0.00659527298471981,-0.910825457762289,-1.45450571130143,0.566401553172295,-0.343468591388203,0.518416817975821,0.525179821583104,0.489109768380725,1.29655774558148,-0.107116371857311,0.0775041689219041,-0.0646269995760274,0.367943853044502,-1.33972303182381,0.710212041238451,-0.330766376009835,-0.0550401229809457,-0.313462813394488,-0.790542970125314,0.924118886640189,0.177440667022261,0.192174347116184,1.19841983849484,0.204700962183681,-0.559450427859518,-0.821844044966393,-0.644764317054841,0.59294296082004,0.642150307062929,-0.852766331557649,0.669930510649571,-0.0420550530173853,-0.0648631953675695,0.395568453302436,0.312463138504354,-0.201813656643062,-0.298111202040731,0.250560233832191,-0.0326559127498764,0.415441389591941,-0.397762421749029,-0.338591688939944
"C571",0.71073854727235,-0.121006994357426,-0.398651806494812,-0.187395557187895,0.463396731526944,1.21125034191181,-0.808643854041623,-0.0641244555445234,0.0393462709732004,0.473711292066738,-0.0211317417059148,1.0786732431926,-0.383734295114195,0.272352036567285,0.876033335926288,-0.841871617131049,0.197487772452875,-0.826618944295655,0.434348595454373,0.257391659324125,0.53824000216164,-1.37263726661123,0.196207134324178,-0.925278904775346,0.246284983275633,0.424585107700379,-1.02751309599,1.26223842091242,0.25478404255823,-0.431585141452709,0.0434922046609604,0.237901288717456,-0.738339660457033,-0.461848885006914,1.11941566932384,0.525733470227296,-0.0592632954123197,-0.325064948183911,0.647989461974539,0.15414128745052,0.272393251471768,0.166209102799686,0.189176328326204,0.694130294666917,0.485069740739979,0.63723682333374,0.351743053031277,-0.48229935134757,0.365443170826098,0.187079331298886
"C572",-0.622310924046917,-1.28640354219365,0.55981084495556,-0.454640351607262,0.83905757262206,0.366355019510426,0.166201693606245,0.503265757505731,1.16873210063562,-0.266747087704211,0.128113418749011,-0.959179520478033,0.419810703084124,-0.00712356338953972,0.263680791414558,-0.266048483946567,-0.687420912704935,-0.288614001912479,0.295786147913897,0.148764406868204,-0.717456568928945,0.553566019673463,0.209130501221817,-0.0653177867367822,0.792642663167563,0.865070594403428,0.0233450172820026,0.519298892672779,0.0176307907299333,-0.48460791065541,-1.18247563329642,0.307256852549398,-0.18060842013165,0.783724162728229,0.173652160264978,0.8061958284177,-0.174865294520322,-0.812612769178887,-0.963850636025739,0.156537725205771,0.374854024087405,-0.478246587074905,0.411547415854261,0.307957056282669,-0.360067089446706,-0.700708950366916,1.02239457775962,-0.015227440680532,0.505731706004865,-0.0475260084561521
"C573",0.289789264073679,0.299328599099328,0.177642304009954,-0.660291959327482,0.437137203486098,-0.195986305953053,-0.1790762805618,-0.688740436367281,0.563032488260444,-1.20995212906479,-0.278401553214378,-0.687866443944037,-0.537400177505109,0.431655028986377,1.26149404658658,0.116259765169729,-0.72559284337083,0.329354715111131,-0.399664413532639,-0.289842730156936,-0.731709915556716,0.0489026625926746,0.137089251853999,-0.364969211055581,-0.371681709180518,0.582422793447691,-0.344703953985095,0.0675407640650273,0.70001354420306,0.260308725757383,0.0829863790060915,0.142030946771701,-0.499796109707482,-0.520855271818352,0.691762219305429,-0.616197683843171,-0.6187519897154,0.180162848671428,0.747767504844401,0.539850511581373,-0.17827897092609,0.163205516359472,0.528790239914129,0.232681927249,0.0211323429550733,-0.308307878442893,0.283252177118276,-0.129456023685739,-0.219238310864901,0.272724818906284
"C574",0.694645323030679,-0.391219455928852,-0.14061571837968,0.820712353773623,0.468198966037368,-0.710658075757272,1.11981947637402,-0.296233840560504,0.240934240951541,-1.50186001277718,-0.476257969447395,0.609955382382731,-0.0792042894025295,-1.1486828880707,1.51768467470686,-0.462532575764542,-1.05710665314694,1.06777120077238,-0.0749691810912043,0.436192043646125,0.836271913895868,-0.388383660981458,-0.602197830600652,-0.28817771284578,0.194193514230299,-0.142101232951358,-1.69855918916107,-0.00839001651340004,0.404976027374003,0.137657646077543,0.188802980077989,-0.706106313915708,-0.256893709613964,-1.80927093864513,0.913930111950162,-1.4367593807429,-0.530416384154138,0.0663650938601668,-0.160503738300724,-0.962542548002466,0.0218306622292531,0.523772811459396,0.0202266476606921,0.321359774031641,0.102460997990044,-0.186313540679995,0.11068534686217,-0.024786595921994,-1.29736041602533,0.876599566639394
"C575",-0.550579376357712,-0.976792874205636,-0.00584992672993444,0.188409578513708,1.52209328859635,0.30059702620641,-0.0158960859820007,0.0487142526806366,0.0761723475154744,-0.766017582129135,-0.0191523218384567,0.281278699758173,0.964865621303902,0.133564913726873,1.10704979672182,-0.316501090426929,0.433219641248045,0.387177467728379,-0.154412411979304,-0.689346034798557,1.31604798973449,-1.21797984007055,-0.459261492526648,0.547186418584281,0.753045461196516,-0.925074193314685,-0.771311514698991,1.06315190960651,0.223012778989769,-0.0530598324903393,-0.0832713166506085,0.461423477902778,0.50318914448872,-0.598442112927862,0.335436007739715,-0.695792969522719,0.438443056259666,-0.995204534910187,0.0209403644045872,-0.842757072891459,-0.0472436475327302,0.148733393133949,-0.12469152577708,0.0221362026680196,1.41111948831172,0.527696719273574,0.150053352662133,0.939955111009148,-1.0870711633438,0.0360206323660097
"C576",0.372153371715156,0.411761792661017,0.302066485628066,-0.245138120675917,0.608654949305035,0.482265487291314,-0.226418601666123,-0.371281559619336,-0.401747423160305,-0.124302747079264,-0.560632014413576,0.385473683817941,-0.22299150311837,0.264903737441386,0.553911916354508,-1.26411364382472,-0.498558844126748,0.0243111678691104,0.128147096998077,-0.425920692333926,0.329702465322996,0.135921031199592,-0.0913831816481016,0.485177034287424,0.650367219932983,0.735402510775462,0.206535398153826,1.58386900132742,1.41326878118483,-0.772251048007654,0.141310303756265,0.15088260690571,-0.405478392779087,-0.675518985098788,0.209671689974424,0.0491947618427723,-0.0467324341023403,-0.595372858446053,-0.0639971314249926,0.015688267835186,-0.0947448466745581,0.192016128529474,0.000475608023514363,0.018120798497418,-0.764574906050986,0.400124107462326,-0.823594916946919,0.0498478027150881,0.112468345397653,-0.677476803770252
"C577",0.715433049403537,-0.701371332251533,1.06531178156205,0.349844151072996,-1.03673528880749,0.973481788204506,0.443842212147465,-0.499239089097519,0.239033329549658,1.5298077240528,-0.15109638833811,0.170767115239245,0.803918656858478,1.00744066198363,-0.292186805516952,0.013735806514403,-0.405266075424172,-0.376443712428826,-1.31613419953745,0.433241025187772,-0.6284410243026,0.652965199715354,-0.373469445232091,-0.0479186588094097,-1.17647021266561,-1.2544528437222,1.22862502755537,-0.123973624392917,0.0668134628702973,0.275959142288551,-0.681707314251298,0.0570880733828819,1.17279638539668,0.287951889877789,-0.619568457339127,0.148584616678691,0.507086924625696,0.446164289924638,0.0951264725673744,1.17044240046041,-0.191882921198356,0.673335840789776,0.389075431616444,0.626598042428313,-1.59314190275558,-0.17945523151523,0.163047664482032,0.359778322855421,0.308785609951915,0.0511062217100934
"C578",0.573357488051447,-0.503274086178254,-0.604959214810611,-0.405952987434091,-1.45320254693659,0.238414238947882,-0.310414734289357,0.775371248029214,-0.462615242819997,0.591775840857169,-0.409188234310061,0.238832133206967,0.498952442065067,-0.0226092848162957,0.491859752214745,0.0581649001785938,0.499847997842913,0.394238843265668,-0.733999724047509,-0.384407368652934,-1.21873484303518,-0.33412000216867,-0.205555533433209,-0.883669326077314,0.61390266570932,-0.407276038207496,-1.79957652133888,0.263108378758854,-0.961370588224564,-0.652931441304324,-0.26716740572275,0.051022860636329,0.263291043990186,-0.296459209223554,-0.386008396733327,0.472593110579172,-0.138547214315276,0.842644496454989,0.674665480669553,0.403564150926922,0.261403549700872,1.11103420079472,0.164294639550895,0.237542545373946,-1.60121419018857,-0.362530382337732,-0.087955073000978,0.0913492427745201,-0.945808555350443,-0.404705581837304
"C579",0.562784188006042,0.698593423055336,-0.308172626836076,-0.370475333119396,0.42290829294523,0.256044040157457,-0.685588981628828,0.556012467765465,-0.849971698309887,0.745081143766711,0.612535381622009,0.0879635112144664,-0.588034787673638,0.466601331767091,-1.25563606266967,-0.553359723850169,-0.517690925461963,0.126643071396941,-0.304997247654502,0.789845105429553,-0.131211990551682,-0.119880690278668,0.935077779553712,-0.827136152387881,0.483617010630566,-0.585249028660585,0.48525555132314,0.152335217253772,-0.186421053096179,0.042167364767686,-0.451302335683677,-0.521547213848134,-0.473859640950256,1.92393359388011,-0.55833234005581,-0.100939327332863,0.00453704169098637,0.519610851335923,-0.158956778506334,1.73514023627554,1.17387908247404,-0.274208104177498,-0.65266746647399,0.485622728631892,0.532018985960919,0.305351149626025,-0.798725269937574,0.191907798462469,0.550413245245849,-0.735175339900933
"C580",0.0783792475758998,0.294816999860026,-0.379472691482262,-0.587665053556094,0.815628850300598,0.386968371656729,0.18430267667136,0.688249477939854,-0.637404109415354,-0.931070522450341,-0.724099360738791,0.213904432776346,-0.0491974749385108,0.493048358578952,0.804952553630919,0.321032357920077,-0.133024861591419,-0.0893306591362976,-1.03761284116732,-0.0676082112430793,-0.364832561132157,-0.0250767940553919,-0.118012799691204,-0.169305931720526,0.682429069420976,-0.183085026275521,-0.923229205255372,-0.359757322953756,0.141209835787675,0.177267067455957,-0.151037840658858,0.322063573472924,-0.467132649280486,0.0443686243528052,-0.224154712525224,0.746391400347741,-0.171980695615339,0.888691599559917,-0.340924932286406,0.270831033347162,0.518966512688732,0.0486101795325691,-0.406756900098387,-0.911777869532861,0.506506858028142,0.440111980232404,0.0752731526601783,0.615552480796405,-0.0244864995472776,0.146124477747399
"C581",0.13071975550428,-0.488021274113537,0.402708357633518,-0.962779901920222,0.0968394184045355,0.825347062241957,0.3121778235092,-0.668648820628916,-0.911389578073378,0.209755458715172,0.00364793188704714,0.352813189424117,0.690463356651874,1.12126609833006,0.641794865331335,-1.2135174904335,-0.0318127391396747,-0.738936609309527,-0.152358028347135,0.660627812786495,-1.25320771577566,0.511817889260149,0.669269235707049,-0.705273198240848,0.686014882890571,-0.221672644130256,-1.076998036766,-0.459020132134658,-0.080485966251145,-0.00422080040570379,0.577154299479685,0.256071485237143,0.735014112871964,0.110686896426602,-0.336268878958026,0.216147790949717,0.740004992652743,1.12308531694303,-0.708924514462543,0.602616723903102,0.292044713747239,1.0064960465098,-1.29381094443929,1.83458968371274,-0.85593972293443,-0.0424126677234538,0.276538928245062,0.23902060360573,0.691953681386093,-0.208425444099064
"C582",0.585513902185281,0.358608286277147,-0.203176533956716,0.267294773735816,0.373727027635448,0.723219423458235,-0.0835624611070471,0.985559867764599,-1.55226630734315,-0.47554198219975,-0.579193956408905,0.625858177559058,-0.931418233004508,0.88724943761066,-0.869261691452055,-0.387997779068652,-0.804054725114963,0.488372731294704,-1.19193342659359,0.692772878305201,0.493602813624624,0.205373996555603,0.24764485707076,0.663708697537526,-0.019750597055317,0.160211922484009,0.750223669080212,-0.0897421515569088,-0.112009910273074,-0.346577948997511,-0.139629084776869,0.590419111826442,0.120727507437736,0.0073753244419533,0.0377067566428422,1.02284943664654,-0.863987280371512,-0.213138001324197,-0.822860297674548,-0.501865504524066,0.397524182107436,-0.272853868161387,-0.382434488241657,-0.0349098280024147,0.437350730156493,0.0437825644257979,-0.728936557195727,-0.0282764055503481,-0.132795863163716,0.1953688784958
"C583",0.207993628659066,0.782682228363433,0.433092405930224,-0.69088181215631,-0.326852402455387,0.533207053900358,-0.116721705751956,0.336869822838903,0.654913872830061,0.0734455439639523,1.0097211949992,0.158201029997954,0.603620668202411,0.0559630363095086,-0.174215043512299,0.531160242478159,-0.262131219745734,-1.035828093954,0.348650747836585,-0.391906643623709,0.656466300508585,0.183699397906808,0.228256256068861,-0.993651603653826,-0.748735540296464,-0.738456890470897,0.773742439502706,-0.493627012997163,0.758241083097213,0.144225712564629,0.0530518570954534,-0.0709874735799166,0.112212036991955,-0.579657468134094,1.23025910803742,-0.399737861876455,-0.755021667589019,-1.42918813211358,-0.796886908619268,-1.03209189826918,0.998779403455475,-0.0271934481427494,-0.76018892984075,0.0795446756635686,0.888372778714459,0.185764841914297,-0.382227683068719,-0.879728302353929,-0.546330386894383,-0.290091093660368
"C584",-0.932437762777658,0.414648492501576,-0.0413022575011593,0.0681403122441854,-0.61321817294066,0.330499497005437,-1.27561203953997,-0.041767295086309,-0.0120559286464856,0.567542651345161,0.493056923115324,-1.11407022656485,-0.500621607277797,0.842419630090185,-0.35667573557725,0.127722807952845,-0.594579722570607,-0.983003606440262,0.326790718949964,-0.384711151596178,0.087897875613792,0.270038141984349,0.882104827910429,-0.571488889499286,-0.308613332371008,0.479823220007816,-0.818607942294023,-0.709795326873333,0.974148659394255,0.218055444551079,1.21556136335401,-0.00302948418469353,0.37628002565612,0.41078156860755,-0.489793446136534,0.592877702447194,-0.242085284755352,0.372002894300499,-0.374588923564083,-0.905439288177914,0.191618376514153,-0.264375460041241,-1.15141986380206,-0.582673393243064,-0.305351520207938,0.226547927457497,-1.1573220736277,-1.47192152437817,-0.607099668008224,0.655872084658371
"C585",-0.161440772273264,-0.972711542410965,1.34579154409778,-0.543633701835044,0.986060825599245,-0.0535136313738773,0.0664580185099675,0.723507680339373,0.198496584795948,0.746608149136641,0.322604145646645,0.436514415428106,-0.0633406255017081,-0.860808864453378,0.227498509327558,-0.702703681122597,-0.751180683122852,-0.0128143613198791,0.240164664192243,0.559260083766736,-0.967115785514447,0.706691650623868,-0.183524584108589,-0.83856512404338,0.198039599549839,0.641198299778587,1.24341886137898,-0.717337281561285,-0.199372292282838,-1.08815729629912,0.319857223383634,-1.1989916956769,1.51806542750806,0.755093636205793,0.384237292886361,-0.000777380826995855,1.06497941099876,0.0389126176008814,0.975944574352083,0.596578498702512,1.4310620857411,-0.36675949978754,-0.893164987180983,-0.271200745068069,-0.300852335438234,0.418874590660461,-0.428690442429107,-0.909993792458385,-0.472758911498711,0.239891091719627
"C586",-0.999861361900255,1.29069068470334,-0.901516760797243,-1.38466958147653,0.317877156285318,-0.622072912724763,-1.05768156436652,-0.670786265697724,0.322894187292907,-0.25381755712515,0.247368068673015,-0.340366936845715,0.567660524882568,0.555017796184337,0.263977373801498,-0.511649524134256,-0.286664139460491,-1.02657747990614,0.872626829461516,1.01443762022217,0.0306659204657519,0.136116766575364,0.178602657039266,0.767697966894963,-0.580618176197542,-1.11979449309632,0.445908608617218,0.0503155900573273,-0.68734711536039,-1.11055712123768,0.360392711428092,-0.979216467050734,-0.343698816861087,-0.565804773791869,0.387080674975037,1.08251326714325,-0.212670627139243,-0.606850213312813,-0.343133257050778,0.0815726328350791,-0.844241382951638,1.20920119966966,1.15548780347289,-0.132166140558016,-0.491573972011531,-1.79420815705661,1.75780152885723,-0.787915202715308,0.68667558367135,1.41595221934895
"C587",0.205860806907582,0.886232418703056,0.932391050249292,0.0590532472105633,0.222443158097542,0.0938268621149181,-0.433114195127131,0.367613613432097,0.745037971584983,-0.470293690134333,-0.154438961929255,0.0202680089853747,-0.419225587612505,-0.757073814323047,-0.806531612788008,-1.43171106564913,-0.514487662843738,-0.112123034957471,0.282110862895553,0.234713886945197,0.580582580422488,0.418572203799876,0.679396918487635,-0.0553626540038214,-1.20475496433315,0.702178137801473,1.02479290534437,-0.0662191888335596,0.835508042525663,-0.339523997695717,0.116081837077368,-0.0319946102135308,0.624708052306877,0.985865428682153,-0.272222383798523,-0.29953345821674,-0.523562758746029,-0.599715073217329,-0.269453489795573,-0.0837038586543477,-0.508187786040492,-1.91621296831313,0.656802698631855,0.0175174782575275,-0.300489109096268,-0.0833530830169688,0.196301265045638,-0.66224782837349,0.411856277509938,0.812763027672331
"C588",-0.55210945681972,0.287777166405139,0.146760089368462,-0.5531458337603,0.231276781000754,-0.0528092439408396,-0.117417632572075,-1.04556519143285,0.173276949097817,0.780693358834765,0.14617664954741,0.49082178995564,0.591392752907098,-0.525169038815115,0.436975066189757,-0.227888540103449,-1.07008034952047,-0.0600589493018685,-0.38968010825927,-0.312462044780605,0.120304192852652,-0.804419423350251,0.312667051940722,-0.908626613438686,1.21163255978618,-0.055211517695811,-0.782301149106568,0.379432949531448,-0.328106860308698,0.133052741344274,0.238601907510166,0.448646715518318,-1.03344379368832,-0.393827142197818,0.942853174302588,-0.348476130882272,-0.745383075587978,-0.77058516937557,0.889070640003295,1.05902704394199,-0.149546844257595,-0.508002788268749,0.0742095295715048,1.04841449902547,-0.00123806042679629,0.125866680007406,1.29513599256462,-0.348068900069827,-0.755951244305741,0.168435657939982
"C589",1.30300875619383,-0.0747031523983507,0.577064889718263,-0.258993963013236,-0.0275594396860826,-1.02981331481745,1.61139825075511,0.430096126480742,0.137823030158279,1.24333723405435,0.284448139888454,-0.285615326003453,0.790992110524082,0.019804709783511,-0.87080283480101,0.227661998496048,-0.746313680254357,-0.00441883217808549,0.123865839095135,0.0140140921331192,-1.04265290543692,1.17188081804356,0.367713701921982,0.10038574223842,-0.186756998637064,-0.742160802758504,1.50554886168694,-1.99052398963138,-1.80810771414986,0.272851099152459,-0.202666492860928,0.270337698680712,1.68787549229265,1.45936045876888,0.476973360829926,0.0233261240771054,0.791674464699274,0.596650202471289,0.547452588328805,0.949614429336628,-0.11254729169265,0.752286943768655,-1.46315097933657,-0.886775719397851,-0.179857149873601,-0.337236688870578,-0.545641934000614,-0.358585525871494,0.234506196476582,0.466119939026407
"C590",-0.130824191331545,-1.27673208229023,-0.842751420704317,0.650246611132311,0.713122676425182,-1.32335253629398,0.29644477027257,-0.674158437222054,0.8506197873472,-0.355119662800069,0.228194536360354,-0.162187043018102,0.823866380538496,-0.143585341044512,0.501497446016968,0.208356070580957,-0.520510349273349,0.696271118353858,0.00806550394658376,-0.448468030962951,-0.671386055781153,0.107386169242318,-1.26192763051618,-0.576070241463422,-0.311546000764726,-1.4243579774111,0.692650619849979,-0.285570226269954,-0.571691512700049,0.688449190341571,0.245881909740429,0.434980022363914,0.165743018369603,0.273571904886579,-0.866032053772463,-0.519231029453437,0.929298792328798,1.89856105993869,-0.262069350789208,0.675781934656468,0.551116076601658,0.364220979335251,-0.394137362288403,-0.144411242376006,0.107404939579357,-1.14636333935605,-0.445264173036221,-1.2588047835965,0.242964035749625,-0.478632192368598
"C591",0.0950774666686125,1.00282726522517,-1.70424523728631,-0.790682569649104,0.0247392470843607,-0.139487923219833,0.23669663683935,-0.0173307797808456,-1.00024650687807,1.11695480283176,-0.37521563952891,0.271656688329272,-0.707452767897753,-0.141696433699875,0.759396384208055,0.154842345824209,-0.178924397432248,-0.53941384311338,-0.455124221878709,-0.38825837177859,-0.700850623187285,-0.66998244289455,-0.625135139789455,0.258110835640839,-0.876958159842868,-0.460402883764242,0.338908834525468,-0.426919743389082,0.387107724346487,-0.893053786060958,0.591107720755078,0.819511144373221,-0.265763626737054,0.185876003976604,-0.932243513511682,1.37819675057176,0.0372829640463647,0.794617218895213,-0.257243823574801,-0.233759039937652,-0.208947129547246,0.370255984702597,-0.455608849661006,0.974530450997193,0.0314760414117396,-1.35821601324944,-0.0353139631088253,0.228189534178828,-1.09885941569083,-0.324814030688352
"C592",-1.1169375857284,0.705874857256579,-0.149757167509037,0.93013937078464,-1.22085650659076,-0.261790163648546,-0.775166761356264,0.767289973231537,0.456479917501595,-0.572898331182507,0.31911936566542,-1.09609516857926,-0.477321687941289,0.105120509615743,0.439738751244664,0.255433306575661,-1.28553415187323,0.239656828789317,0.0312403064698466,0.36409997153358,0.541864430513798,0.688647921034555,-0.621709516000729,0.0740004375394466,0.250270293619533,0.166849994830229,-0.34531970118128,0.134278398313095,1.36334445843703,0.895296680566418,-0.395071597560503,-0.485464659506276,0.177666960425058,-0.912108062717062,-0.604756108894023,-1.31088188309312,-0.789164858478444,-0.398795818485584,0.338367909740208,-0.00823165279836265,-0.228689413057866,-0.0402143157050414,-1.66563634589718,-0.299929277414906,1.01048275590039,-0.994384890499755,-0.168436872304565,0.247355346368811,-1.20467814289044,-1.73292035453752
"C593",0.837168503509783,0.110527825912916,0.902894272370173,-0.379751262403845,-1.07452094922202,-0.0551502748707136,0.820838693950004,0.758511533664735,0.112725685721514,1.18469525119317,0.731252049364053,-0.808720382959201,0.779888053259606,0.268234981294181,-0.233933987519316,0.752636819463825,0.902620144524685,-0.443056506247996,-0.218309534199239,-0.234910321826269,0.197845236384439,1.20501931731515,0.278575412415244,-0.153231500837884,-2.05369724236786,0.485315139296004,0.644367765083305,-1.30250822926712,-0.113071365307222,-0.129772171496191,-0.444570103609696,0.119930463674517,0.661424928208011,0.742122988187109,-1.03115943528334,-0.42444766128983,0.708049530278721,0.576334178989281,0.232206987365099,-0.948683142504514,1.1162299290976,-0.578932897602684,0.93653641929369,0.216392438640921,0.608380313851053,-0.498941575372085,-0.541368867431785,-0.715625995155938,0.389190459239602,-0.020763558483495
"C594",0.564044043372672,-0.0813941096914598,-0.519616118090596,0.68803061991874,-0.439342898900443,-0.19303597161034,-0.027800463346911,-0.0251284906273011,0.147759573363736,0.411857633554463,-0.531792687914686,-1.25474667900289,-0.504953021418112,-1.60034171897231,-0.565705012687256,-0.233720405086647,-0.161362229675448,-0.605177989143948,0.343682661668151,0.257853332424434,1.27730608224357,-0.555089810511931,0.168028390876237,0.150165540316651,-0.912267152977314,-0.382289248489748,-0.39609677260536,-0.174375048284259,0.0844287440008812,0.0854708750120887,0.393021438667837,0.689376333277679,-0.244920880614885,-0.794078993293372,-1.2961777064834,0.234502990702389,-0.118614315309346,0.437720850136964,0.0645330742099311,-0.77139704807367,0.911927617840896,0.0227838358664645,0.0582742012941396,1.38702855878635,0.695084678257754,-0.636374326702085,-0.661322944367999,0.581748664269569,0.219213243990287,-0.156796565381588
"C595",0.636337306791692,-0.809129585523678,-0.0877854682705826,-1.01869962064099,0.715872798085981,0.434022096314765,1.6648539780352,1.12891708007524,-0.065417803414382,-0.262937648220634,-0.20281306697409,0.276069982792415,-1.13475239300616,-0.690845134172694,-0.576041976233686,-0.617530567914058,-0.663659790583674,-0.273879971229149,-0.172248491566593,0.293083357049648,-0.00238082863359956,0.397338016835631,0.143920863641898,-0.038286761656754,0.375318871676335,0.572858308693383,0.10525896779148,-0.45342695978137,-0.681047759209539,0.471191877488024,0.422585220232423,1.19629914897207,0.112427194924764,0.264378644053481,-0.0270710536941261,0.295409619142489,-0.42072946040474,0.671288221417089,0.755478489779019,-0.448647273853723,-0.55739937639974,-0.249665988441823,-1.07548729928543,1.04341355843753,-0.123008809299549,0.461929114548697,-0.671168226711905,-0.237374708808859,0.225694451539809,-0.48138964216083
"C596",0.326323307793922,0.791503228641869,-0.140307005531132,-0.052249112705706,0.163935742957644,0.956503190593062,0.0353484785723132,0.13367928792599,-0.0974696802911982,-0.710423318971078,-0.159820919087508,-0.984437529930299,0.0999321482150705,-1.73994462026059,1.87775450427942,-0.250123993278187,-0.519385737258199,0.820465581153299,-1.13063186592619,-0.0768265373827759,1.64163133006981,-0.64103853629645,-0.495078926792823,-0.854087319890515,-0.827701381229431,-0.286637405240455,-0.288008940148138,0.201528122741342,0.154751153681398,0.209027479883771,0.246359346581898,0.575604676488976,-0.143598889489498,0.154419770144599,-0.00271019429804105,0.0877153732800896,0.783140335600264,-0.686739732759081,-0.370578407590039,-1.07168502912128,-1.32296537653312,0.669814352351357,-1.27805997802607,0.676854476152121,0.62270085959672,-0.294129664999703,0.356104169608887,-0.235544598645449,-0.616744076433418,0.649144456828582
"C597",-0.0925851296046162,-0.634298554480085,-0.157579365247381,-0.158354418305351,-0.45241774931432,-0.398456133192351,-0.374342743451722,0.297544340737484,0.136234707139608,-0.233865254039881,-0.114898682969876,0.187355280732851,0.191474045823578,-0.314640847767782,1.19644064384036,-1.43166613007456,0.69004988907303,-0.389797432240095,-0.243450695797006,0.0262979090140988,-0.0517626938903592,0.778725036672315,-1.2854798619087,0.305848974172195,-0.470418156971016,-0.905386607834341,-0.0161484433044258,0.268479418615263,0.457500394117948,-1.1060952760777,-1.22358727004459,-1.11974784975485,0.166817880440091,0.239610079541488,0.477220830604957,0.769519534630763,-0.173743792837207,-0.728499282920825,1.10409094999964,-0.0844908238260439,0.904250000791512,1.58874569891815,-0.0590523028220252,-0.606005108156458,-0.180680447018346,0.402774584225529,-0.378793157337333,0.466822618817732,-0.147869480441625,-0.391861967900513
"C598",1.38228870977521,0.0421539554890135,0.140608533816959,0.331805081604163,0.336582654501937,-0.452080600735904,0.404764728471147,0.51230696010292,0.39179074698801,-0.24857570069596,0.79562692720916,0.407632355915775,-0.847115020920782,0.311551110451489,0.999117856785358,0.433299545107829,0.226126214823739,-0.0594403127798988,-0.00381790892230032,0.350074695597897,0.493387643993824,-0.820596483063179,-0.966261727309241,1.09461229085113,0.930915643813532,-0.333000173038764,-1.45059016016495,-0.734639649658088,-0.00502747939745331,-0.644922540241636,-0.413449310915178,-0.37462905181739,-0.1168566007134,-0.430821910044132,0.464674585350193,0.561630259037658,1.29746654198847,-0.865815805625243,-0.331648110364245,0.415277643769143,-0.726750972534627,0.983866417875934,-0.29776651639964,0.0848593940776197,0.322650780725649,-0.0233568413745133,0.15476784096933,0.180271080021489,0.139683944102728,0.257360567545895
"C599",-0.247400741026173,-0.380349891745281,-0.713548677959662,-0.397669552013921,-0.575987737738474,0.215186739940659,0.186431136266747,0.131957016386786,0.539669396043227,-0.101887616375524,0.0586409652097125,-0.458359290073217,-0.62192223890416,-0.0921428276029827,0.81279575218286,0.77265378666179,-1.22917948512995,0.606526902140207,0.571594714071041,0.406434564215197,1.32673436320948,-1.58882381046821,0.144903409727324,-0.438395659644277,-0.507271907543884,1.18994946196951,-0.13297540857765,0.247501817908199,0.84498473063864,-0.418836619325657,0.850603485424806,0.177305259245967,-0.34070670677952,-1.75462816595221,-0.117275504979901,-0.293190701059182,0.308799461991774,0.806615087478321,0.606648031079486,-0.642120007160465,0.607261520372934,-0.00413677892162062,-0.966120487493783,0.427840495188376,1.3798363712251,-1.69284070491693,-0.242379695734903,0.535145083612916,-1.80377786051143,0.205181249962311
"C600",-0.15906383321758,-0.171153232913651,0.276664887581824,-0.64183101311983,0.550047508132695,-0.988448673793181,-0.36638716730181,-0.0927909595063667,0.572224045965532,-1.4742436020129,-0.814439954112951,-0.293317977638396,-0.191868815901942,-0.36712715568235,0.36589448513632,-0.207342252741675,-0.760792275848003,-0.542811763581546,-0.223256539713759,0.300382533279173,0.454460406654592,-1.32197435239936,-0.0425081834468014,0.385695377347672,-1.00273493048572,-0.731145079980785,-0.120234551181503,0.519739901963269,-0.808207774844581,-0.89407908818248,-0.187158822812094,0.100849243780406,0.245544973887159,-0.277959025302037,0.703115349799393,-0.118150620857315,-0.504716232213185,-0.956380682335757,0.545391592015759,-0.912539049372381,-0.537365990882322,0.975774534654305,0.0408225783469117,0.0718385642961849,0.395062304572854,0.67141550859119,-0.0196109972480018,0.336654247427359,0.320158424928761,0.388343814289371
"C601",-0.66176061500416,-1.04639653417819,0.671813847704316,0.878019168689983,0.173274757172654,0.405263494429773,-0.892943878823953,0.0862133587905773,0.325106271110937,0.694695232946822,0.871494555311807,-0.597763463225225,0.180827884488846,0.438950050536932,-0.402041024798076,0.273349015037261,0.983503242352714,-0.00982166225451566,-0.309803330644601,0.339973239831556,-0.124325553085918,1.32831596674855,0.371784038783694,0.101955574677812,-0.21256856992197,0.651740943013529,0.886815923407157,-0.594678487861959,0.53678665947222,1.23186366844702,1.15250012080365,-0.212890325794504,-0.0263245616727598,0.855140563402706,0.254189945518372,-0.728621674574583,-0.989614484825815,-0.274750197433358,-0.334314687957145,0.119186016705929,1.19715219076164,-0.508492998047844,-0.559510786073344,0.0556745817012579,-0.0921506772800804,0.425723190962261,0.250208391023234,-0.140492046969161,-0.18211524192674,-0.229911261390224
"C602",1.3803681138843,0.314931765677421,1.33665762581467,0.110177603375532,0.55998349899562,0.978229449019521,-0.0708523402246593,0.401745767406522,-0.536953504293967,0.179016635131719,-0.770990722098104,0.860095573358077,0.63992490043619,-0.0252506093191735,-0.740730287484983,0.773253175441409,0.457632696732687,-0.939576085229919,-0.263079829388633,0.325473586401974,-0.506504781614609,-0.707188002884024,0.21597606074903,-0.576819886562115,-0.643944744594017,-0.389753931304377,-0.232032836606332,0.0705009832566162,0.0272777976897746,0.159869006453207,-0.333928548982905,0.393384590928886,0.219676740046468,0.458274931082337,0.435218753496908,0.440283766781067,-0.314016354575993,0.823244986597825,-1.45274381041306,-0.619164635499048,-0.0883810675818639,-0.301144475298053,-0.284513945720824,-0.124226423553106,0.0756978456687113,0.822741080766003,0.256833509602139,-0.668190050429838,1.67453517656893,0.452449924670403
"C603",-0.0634478908878195,0.456524742365511,0.162278150184214,0.166974087214265,0.314943804324378,0.779323285346541,-0.993710138732122,-0.143983925520785,-0.579488814779803,0.195363334387622,0.0660343494408316,-0.462081346228887,0.0736659702225876,-0.0144275459140298,-0.222936267658649,-0.0989295460155198,0.144319383461133,-0.514701611006862,-1.22481974264699,0.317149374109401,0.116382205189397,-0.730695570462586,-0.404603346923819,0.482945617160398,0.590378247130022,0.345913947426234,-0.892708506947353,0.502322922915136,0.251600740310094,-0.539159734325722,0.0336742348568554,-0.0763781151842546,-0.053137332888835,-0.40153583906226,-0.394830286474715,0.277966101614465,-0.027766812189003,-0.909657036936808,-0.3997948400438,-0.0915171661193831,-0.584766052227685,0.431229055845774,-0.813075132918283,0.0404820603037112,-0.213261145375179,0.916648313005538,-0.71955975651929,-0.151392987417694,0.168728269880513,-0.0312388708950916
"C604",-0.101327685058739,-1.45035901271558,-0.762118338117547,0.61922591779864,0.165868516902209,-0.236386185099292,0.555745138168432,-0.4526812236383,-0.652298837849202,0.906538855510436,0.105955311846917,0.42594629963384,-0.516544759747365,0.208357825271926,1.05780101612929,-0.199523963923583,0.0218499200554645,0.16469279029586,-0.779203860297421,-0.795770600167235,1.4561032493279,-2.15190044901128,-0.318406721532498,0.497289746813086,0.366210549749663,-0.179237796347198,-0.891750800761254,0.259261278688385,-0.252803004278595,-0.0404791747435814,0.753281818411405,-0.543921967317596,-0.618754637149264,-0.550053900421551,0.201732646528,-0.461471347205328,0.119677970655198,0.966323536145623,0.320321464904284,-0.29533947382454,1.01295344428453,-0.219612801968515,1.1719107261546,-0.322805646175123,0.779498920594027,-0.657236868664091,-0.372934642346248,0.197279614735545,-0.369394528846384,-0.21656687956256
"C605",0.208473668062356,-0.250106922038037,0.478010716895023,0.299100721412287,-0.177389962304127,0.62282605207404,-0.135265299424416,0.132008198061848,0.090105425759744,0.0583293445954526,0.284529387450977,0.191036175576435,0.394119775662742,-0.366960604121055,-0.448601554068132,-0.0541177202841242,1.57738004153709,0.671327557643928,-0.101503673018094,0.186282286252631,-0.163502211429696,0.77248937420459,-0.252122876565004,-0.867301606352492,-0.275135724450745,-0.352945128510226,-0.47766604316583,0.0489758602514753,-0.259739898678553,1.01793489840688,0.226369711385317,0.461096493731511,0.174205520976239,-0.270959193037101,-0.0971065880282283,0.30058173491461,-0.655134523118929,1.18282464184128,0.789014522107147,-0.159876816504778,-0.255919297025355,0.725587488231463,0.334329202175746,0.253632149880421,-0.348066101208529,-0.680034791948475,-0.273992128931668,-0.128603557472229,-1.17868020100667,-0.143215041906573
"C606",-0.441038144795143,-0.494607185308619,0.861387395623419,-0.603540789687892,-0.125444588735161,-0.0898516300864621,-1.48089404437307,-1.18364092902964,-0.43373732515534,-0.240958112509259,0.908512665795624,-0.322866423496513,-0.109132156144649,0.966958713647722,0.46816525354276,0.326409216424587,0.437466500752831,0.80194683384674,-1.59371408799222,-0.354722627894273,0.722767483564106,0.213736042524297,0.118796506881542,-0.0469243314561764,-0.0656389911891062,-0.167933497908861,-0.580794480803409,-0.13661450597413,0.845268978174987,-0.0714995200001946,0.0436555531970748,-0.231559634586106,-0.653117795226916,-0.0310292589952431,0.596752145077737,-0.205162806481507,-0.702795344744814,-1.54709637874227,-0.598014458026597,-1.49392014782287,-0.68495563601937,1.71362236300919,0.592038219036233,1.75268745120202,0.32468727864068,0.0764672528678453,-0.264148227738383,0.277921943239599,-1.28813547838082,-0.698863173506153
"C607",0.227181835695732,0.341126167672672,-0.0199981294773607,0.204177718338762,-0.0210109049911326,0.349264619785291,0.295533550838838,-0.516481491325234,-0.404938415390354,1.21485048977901,0.694089326638989,-0.877755847541748,0.88885163561112,0.901211789335776,0.818543952506896,-0.208949550574765,0.439666468172491,-0.0236279792798031,-0.622916368181482,1.11265836755265,-0.832062008492709,-0.314751503470055,-0.226389691601871,0.429680548965482,1.28708432424354,-1.10160702950751,-0.508977727717433,0.283077977365478,-0.180307561096571,0.0467806042164865,-0.0331832169655947,-0.473849301071943,0.536135354337434,1.02038526677441,-1.16793860979196,0.57134373242121,0.0387126493528945,0.296877883795003,-0.12988385138707,0.867339065360705,-0.720269292864372,0.756455379428561,0.691466195584888,0.0110769203766043,0.443430145668967,-0.432904770076067,0.390645072338485,-1.13047576557284,0.350028049925377,0.476101146096151
"C608",0.257521382653978,0.339642039724762,0.385265638759555,-0.873848638265554,-0.522734592038581,0.120708736087276,-1.00296874301167,-0.0432143203317736,-0.699221135405727,0.549565756131287,0.252077728463198,0.109339517856678,-0.0692921621236009,0.0611669151842129,-0.726382503907269,-0.3387315791669,-0.74421464140376,-1.64084915927586,-0.099223741460136,-0.221547822768017,-0.179653092197203,0.65354360783146,0.508519294531726,0.472888870316437,0.0423325275975335,0.933855733753662,0.326291046487661,0.573924242226377,1.01884949974083,-0.12542669290469,-0.195260050140953,0.175583169957306,-0.59249520535587,1.11650294933726,-0.192792786533649,-0.38176570333585,-0.00314743290556933,-0.668434289423176,0.646287515857171,0.38104371855181,-0.536349051822345,0.390697937309479,-0.0802937637553809,0.798557083892205,-0.25298604726416,0.326169238543677,-0.0368590750344913,0.997778099243416,0.550444417956563,0.039538675798336
"C609",-0.538129136572035,0.488867596806004,0.868901362655272,0.462246424033974,0.441736663117682,0.0881244506573215,-0.382218276391788,-0.308272206496371,0.20314752291539,0.12359911888521,-0.446859745918974,-0.35987239544273,0.000428935108547517,-0.577975772768698,-0.438563442978395,0.142571609257464,-0.478451146564024,-0.307244659941075,-0.271533992422053,-0.257045608580018,0.111193264477599,0.700671043700055,-0.37812158716942,0.361695725552487,0.0601702128994197,0.768735565755514,-0.315181232188004,0.501565926143107,-0.843784590972299,-1.89722744905424,-0.686051365091786,-0.426650920389971,-0.744893324377268,0.411550910546231,-0.111994441443025,0.0750129903146594,-0.058465183581517,-0.738600499463671,-1.05196858988441,-0.536375716458026,0.119524150925973,0.302663062810858,0.341999167857098,0.773711380471701,-0.296761267812202,0.205923240167371,-0.493406361817122,-0.600509384627355,0.808634328835,0.158552037812277
"C610",-0.474367571503227,0.777166004980591,0.610207192304482,-0.190944305377882,-0.139571352865828,0.395339297677364,0.76032574993905,-1.16992184718376,-0.187329656091226,0.490931896984344,-0.248852571931157,0.478514034354599,0.690089392639662,-0.668931164579205,-0.323392200147941,0.360316158010909,0.280142438858098,0.5671127660248,-0.125287390736408,-0.668142064864276,-0.966108436239372,0.986625424248009,-0.193141855672492,0.427841619005982,-0.755160253190175,-0.205866760008972,1.12464901514275,-0.19597617061444,0.383469483705385,0.285283776679117,0.42927612544173,0.302827282717874,-0.179183295000924,0.300419651275775,-0.385238670711185,0.0737896337608815,0.658377248398293,-0.0741450577436986,-0.491007695822019,-0.422790601296342,1.51463172324173,-0.409649464151357,0.242896671095573,-0.189449584545524,1.28950120931197,0.102051016325955,-0.78181665556106,-0.742719378252635,0.442336859587853,-0.502088377268443
"C611",0.625067897123298,-0.537751349274981,0.00218504608504883,-0.465769779244293,0.0524552438760789,0.59971888428021,-0.951187204199648,0.802670688733625,-0.00207903384251324,-0.887973935809373,-1.34400236082516,0.363594184900698,-0.336267560257801,-0.919099446017802,-0.0810753404434058,0.288709858865511,-0.781556219342692,0.632618002517823,-0.822373703367875,-0.404318335545927,0.913271840378242,-0.792059946898636,-0.650061537294204,0.0427226577666502,0.377978377424631,0.182319767158153,-0.297001601770677,0.47755905436905,0.778010144029003,-0.286311423436649,0.505578314145739,-0.33341951367662,0.563801475642072,-0.336815680938041,-0.912024516520204,-0.0617530222053115,0.280645265903796,-0.245915420518395,-0.0640857387799201,-0.0330949240578832,0.494816832561934,-0.23099991551262,-0.235210626106894,0.290954095464787,-0.280192601976115,-0.23983113952739,-0.138051408887783,0.539035592187894,-0.127862092206282,0.584115996740477
"C612",1.17661330638832,-0.725805772112737,0.39647916994504,0.51634345183522,-0.78509926926847,1.8777000140709,0.27034304222755,1.16663456085428,-0.106675359315465,0.476300073594212,0.202508242025516,-0.376566590814005,0.114741258801509,-0.147290480966261,0.134354060705915,0.63892275311045,-0.603196020850979,-0.605274189192041,0.550914242070724,-0.291400963772638,0.573885274122461,0.842040657556045,-0.278399399701331,0.507431391295936,-0.986845380801481,1.07765460874369,0.310201616391356,0.464480090781764,1.31545216796602,-0.852130550153816,-0.446334444041823,-0.212188391064943,0.769855118657634,0.169260238031527,-2.10571704856596,0.246997109724102,1.04483138671753,0.931269736231083,0.165728611964044,-0.803057712514089,0.566249295514627,-0.831308503738494,-0.976976755881909,-0.663330159689223,0.336196603587682,1.37935250017644,0.355822875094407,0.0949285822743082,0.153788888282903,-0.643337533820218
"C613",-0.866063597940254,-0.534330335943409,-0.348740139729395,0.806198645544538,0.218283334156018,-0.235133112940522,0.642274504383834,-0.121300988984938,0.320606133771485,-0.157587237374475,-0.854853931110003,0.822190819739236,-0.264378329160625,-0.155573858789111,-0.464663513695267,0.117776726346736,-0.393488188328225,0.310402711050181,-0.141698539916142,1.00828197900803,1.22025815590451,-0.0731682699651879,0.170743982410416,0.529671747798059,0.102032308082853,-0.294858527223339,0.333317872276552,0.160264481928306,0.312136104186373,1.4600871485687,0.00268747710025543,-0.109172550557743,-1.44491567831658,-0.400827032260365,-0.158447664591226,-1.58237784464991,-0.488336000943114,1.23841265121,0.280589303404112,-0.742269886768008,0.0917622774332276,-0.156489254840647,1.08700169829197,-0.667272813109273,-0.237257864314752,0.470790430759565,0.296458210238887,-0.191525985686146,0.266834788791824,-1.73284587901819
"C614",-1.12906169807488,0.204312783417494,-0.0371118618424119,0.125302325302497,0.575394693586427,0.0454418204723785,-1.54576119373651,0.483370676767784,-0.492021173736155,-1.54902686006122,-0.29915418276652,0.652124744130734,-1.31126000845275,0.551183256764712,-0.931786960651233,0.0866552977156264,0.515977473862358,0.173999839979346,0.613949877141567,-1.02817068208586,-0.418652086661189,0.102576733918467,1.21588896990154,0.668779072741196,0.824165216942041,0.0754858601564736,0.12843702468571,-0.676454600547617,-0.344015445748807,1.01030007754436,0.526523410819419,-0.857595044339079,0.311991130132038,0.318577185091213,0.746692868308421,-0.172961857827291,-0.304884206044019,-1.69926816324874,0.00281699274390938,0.513763865035026,0.115593760263667,-0.280005090796592,-0.365899487032475,1.01338865162156,0.654182833353939,0.471455157446635,-0.595011916963946,0.289241265162392,0.390459525255967,0.439974172115995
"C615",-0.647668705754153,-1.11267207810431,0.492296195079558,0.0488924818546786,0.855157881608146,-0.478243694569106,-0.785416385462795,-0.223973949894916,-0.519909875724587,-0.683578146052852,-0.464670248096261,0.804238292702398,-0.21938631181995,0.104124299382217,0.170157986380974,-0.15857417187557,0.143901770074264,-0.360829891639994,-0.794857624199679,0.599628393183048,0.914470437820887,-1.06967318199219,-0.616951810324333,0.325439344714737,0.623790037619732,-0.100296123278783,-1.58847662263582,-0.215392332228317,0.440236935043711,-1.23042783384101,1.2106594310264,-0.389591432251392,0.256486077790088,-0.12428233607117,0.834904148754798,-0.429829463821367,0.161192916548654,-0.743420394471301,-0.658904686509862,-0.605543200816501,-0.171493693190694,0.744614584362702,-0.645346565325596,0.511086181756268,0.151908814546329,0.35334440611194,-0.0766321197853948,0.780181301202248,0.162898534816317,0.268985757023185
"C616",-0.0844667962313733,-0.607685669578785,-0.64320462958958,0.118412806692518,0.0371072570177809,0.223302476772134,-0.169542104196706,0.252804924653151,0.388222356427612,0.668365785552366,-0.181727569758442,0.709715877008893,-0.492963800624025,0.550214489610134,1.27114110208101,-1.07948333762265,-0.169522121548995,-0.598725413454563,0.253268473096213,0.569732449480547,1.31463147211899,-0.9402089393938,-0.109254270199377,-0.189408234101226,0.142275730883848,0.528545527764003,-0.565537368757505,0.470899594945899,-0.415959729097457,0.504908391019407,-0.529345062142902,-0.343354003312789,-1.15704036934905,0.488841940447662,0.410780279549146,0.334375468180748,-0.930269481880252,0.985327524851485,-0.487127353186853,-0.0570738721244075,1.13293503553066,-0.37834823697162,-1.15334667253245,-0.294120188858758,0.747977675699511,0.342910883224737,-0.455829884826519,0.121666909223697,-0.0583240042524314,-1.52011649288095
"C617",-0.940355968260654,0.249564004535379,-1.40905879452332,-1.68177138307633,-0.681365119787287,-0.307938239317499,-0.085880508262008,-0.568063011604679,1.23211023105286,0.55911595340344,-0.100353005912991,0.781176957939243,0.191514872115218,-0.3436470290293,0.52505871712918,0.513800186790177,-0.90497606909917,0.465621317342106,0.196614705018421,-1.25696044295565,1.08773650183082,-0.496925527956762,-0.312728486835784,-0.110939457932413,-0.406053827351027,0.535838741750165,-0.595656468169719,1.05278558926445,0.77027498983758,-1.87434144257962,-1.44060113346103,-0.410376246425574,-0.692591800976517,-1.03884224276563,1.00705474027682,-0.0943375342187867,-0.641864647213053,-0.617922982367268,0.0625172073475696,-0.854979705365457,0.615329831982126,-0.959154244741844,0.431402876101697,0.722847033987208,0.667595120967716,-0.693536784494566,-0.409933299283722,0.706278998749337,-1.33365249111856,0.318817256678858
"C618",-0.294155214544126,0.368489150293438,0.272216523695326,0.388481901180111,-0.513061699998515,0.998233020745266,0.229871955245679,-1.21526340351217,-0.407494235129361,0.420305294572562,0.197515795508229,0.525246432933865,-0.301897927098438,-0.435480029200981,-0.696906262536014,-0.0952564323399218,0.106951148527683,-0.0923838430374297,1.03380077775325,0.445398693675122,-0.355143970389374,1.10531358675306,0.578528504150299,-0.321231964969543,-1.02238129929378,0.828546919265839,0.536340955685943,-1.35713777454358,0.361286828199734,-0.748466144248904,0.651497666302827,-0.0028216513141005,0.203429758610101,-0.0470629704562892,1.1854065538882,-0.223334640514409,-0.185985163989547,0.305391563879149,-0.490743562458886,-0.0535429316152017,-0.336683877245995,-1.74333638502563,1.34271765642869,-0.111225248889392,-0.51659334302809,1.30664941611821,0.651864864381031,0.715968427080182,0.93371642044893,0.496059888684101
"C619",-0.362740832686052,-0.177027629850864,-1.29090804981296,0.367817414426588,0.162590854914955,1.17910482860385,0.447623378522642,-0.151912102804804,-1.31185597515505,-0.825309660369585,-0.605607093800625,0.545968916859727,0.088357460421233,-0.103735623339258,0.813203604529494,0.0629236340101505,-0.292596336304755,-0.0608975892662228,-0.598944200829497,0.252090064098085,1.05769422894591,-0.386885562339266,0.439585742464518,0.0395070691997304,0.324467992968047,-0.0167510229933528,0.518750125525883,0.565386126993877,-0.269710916844346,0.177188601697776,0.380842103360656,-0.626582794410545,0.260483107022584,0.308165440216984,0.36020163950411,0.146079518690306,0.0115349359076554,0.513266741548347,-0.380149741292838,0.693609652014297,-0.386849916213761,0.0723699678029319,1.06240382087429,0.679208112960294,1.19807255785528,-0.42955327959204,-0.0704583257722306,-0.121636033532689,-0.0811606011094067,-0.0771494557187023
"C620",-0.0277698015935211,-0.752137716243285,0.485554019261481,-0.646557566882214,-0.964001388681949,-0.0589398076679081,1.08143626937314,0.140567807951851,0.490360127402137,-0.768110880850524,-0.21219578731886,1.29782121254988,0.25454373794063,-0.817842550767616,-0.804422185128746,0.629416715818711,-0.487625351746787,0.681209076493406,-0.282380548862424,-0.414158126625109,-0.24055557292007,0.0516828207627976,1.06507807476777,-0.0366000326055206,0.624662782196996,0.263372760422147,0.296559874008273,-0.545825430402892,0.520876726957422,1.27298696158142,-0.281566932590268,0.591422272557967,0.445532219811838,0.283921285025264,0.716387635424159,-1.09506880079143,-0.428067899196366,0.949298202529895,0.573167055620042,0.938280850699993,0.63703392137425,-0.378280098806336,0.716995684200899,-0.926018612654756,-0.419210936676365,0.698865459290404,-0.358087639022008,0.656153194327789,0.415514098277515,-0.969427447084376
"C621",0.527384444521643,0.862252904551403,-0.650841467099706,-0.344564329291763,-0.946081306289781,-0.447980369674625,-0.660453878267198,0.127557199798732,0.519167342661911,1.1045237908685,0.244592871210094,0.234320472292908,0.0236952937072044,-0.633456779265349,0.569444083240988,-0.298276546785921,0.00304989573720608,0.180771431793102,-0.885296374618504,0.203155834228207,0.358138057019466,-0.266449944456716,-1.00213088192749,-0.0670416028008509,-0.0995795201319723,-0.149083816858473,0.282547108266298,0.334624083221134,0.345775315138773,-0.34206199263374,-0.288761221653781,-0.75066615441517,-1.47708604218978,0.31943150153176,-0.50586785410468,0.575742834264686,0.17179505247028,-0.562643033047128,0.661213509519475,-0.83451478562281,-0.283262807821707,-0.569855195717481,-1.10171034416113,-0.692174864453066,-0.0283565558672486,-0.244666992733818,-0.160559220120729,0.819426815821459,0.201263855688301,0.580063016180811
"C622",0.20309078531254,0.219902669086311,0.711007383962049,-1.37234067185527,-0.259351852006973,-0.0539493479824477,0.511479627544132,-1.13830348774703,-0.56053124224357,-0.276795715695288,-0.296051305279817,0.365924022213188,-0.75926292284922,-0.290130239311409,-0.49411961122021,0.146796023003552,-1.0570763179065,0.804775002065741,0.40269087093611,-0.707390269444455,0.471087021533028,0.386613890468505,0.281206776480741,-0.730376889395043,-0.104256112122905,1.95332329127215,0.0329306367279419,0.376657207065832,1.16774505075084,0.331094462154224,-0.849926924037864,0.391529736916167,0.0468494969694022,-0.364583475281257,0.163703649741945,-0.969166134799331,0.256949194456565,-0.502170785355515,-0.223080769970745,-0.105545150998363,-0.190983589833194,-1.46607846393955,0.0417150405324405,-0.496428663102844,-0.109151480886773,1.28886576301649,-0.319942972070851,1.21577564383909,1.01053266893489,-0.449148321289852
"C623",0.235853275312139,0.0283666960313907,-0.9862579821588,0.800712197391666,-0.219879948050679,-0.256244361317051,0.285302059547845,-0.705306247563032,0.238355662097621,0.735096306644598,0.789630682772254,0.751089282297464,1.17453284064089,-0.0837680777891763,-1.3558642917084,0.77206864671423,-0.53287985780217,-0.372701334093582,-1.15601693674124,0.491544455622067,-0.968751784457343,0.846205919449958,-0.131992740202007,-0.267308163458487,-1.14910868083128,-1.85186224431844,1.44882922188232,-0.642580259605934,-0.417591301980606,0.7570717441814,0.222837668722359,-0.812223753697837,0.831771744964357,0.330001903307785,-0.504761586882203,-0.609626087485268,0.837277898554362,0.957807221129079,0.470068142395576,-0.818015389083359,-1.02965238041756,1.0528054839472,-0.0586020055014938,-0.801905809252346,-0.725761460468548,-1.14178413090844,-0.110800332784656,-0.162456272935439,0.608151280815723,-0.63679138861646
"C624",-0.71829158498407,-0.505009466006632,-0.021523440009618,1.01692530609141,-0.11391811975113,0.170857318448273,-0.743652113591776,0.755611346947513,0.496570027639516,0.321705880719839,-0.208359952077319,1.65597831782796,-0.203945017931027,0.979620733457165,-0.061465077911919,0.47541080121465,-1.33363928957785,0.0873410528815825,0.381570285711657,-0.810738941813126,0.247359626816051,0.786404709997956,0.587160361459859,0.293978236879126,0.403124616500123,0.111471839424871,-0.914094911346272,0.224587413650981,0.0821946182056271,0.554587299778235,-0.704981768444508,-0.78715755696486,0.626872889071797,-1.27133208907489,0.391006836116031,-1.04168009632772,0.518913590812252,0.740185058166538,-0.188413220108852,0.111978211462781,-0.219026712477934,0.386405663365736,-0.789819277710558,-0.514086943258414,0.329316862845934,-0.730748473059707,-0.216449864795405,0.322719169890044,-0.760932299573619,-0.898919963608786
"C625",-1.2816914364469,0.808624008031015,-0.124861471341167,-0.431624453989084,0.441861697490061,0.176988598620747,-1.78039635329546,0.140064755533264,-0.185463483524977,-1.0004177965331,-0.49767570425742,0.640264443599007,-1.21725680360133,0.444826793697815,0.411301542106229,0.477508501028333,0.0204315088499596,0.497721881173454,-0.167207045288993,-1.11316351560596,0.479666991446848,-0.9243388517426,0.121556569924352,-0.613404975585649,-0.185484330350012,2.58022992349202,-0.2700941144462,0.942904535242798,1.27403596120195,-0.0430909753783366,-0.2931134901519,0.50417560365684,0.186688407236412,-1.06443947745299,1.15901898514443,-0.510693425058709,-0.872730858628822,-0.873969164981362,0.209986509280151,0.0458146561026048,0.817863882158663,-0.126755063250715,1.0137218375691,0.151931789734359,0.910472561803756,1.25524906968794,-0.237338055464283,-0.70218981215408,0.11418532158019,-0.506735487259457
"C626",0.390204817900111,-0.203167479140424,1.72766991955327,-0.280712594338681,-0.383835643108425,0.421874988646089,0.718559030799086,0.815944822768284,0.694803529376688,0.541600703402413,-0.309016042710033,0.681505855432498,-0.58403577890853,-0.275361666443163,-0.679732502093015,0.49423040127129,-0.0268089759830341,-0.755943305645143,0.873682211866674,-0.35154233983009,-0.49722467959471,2.19029434668317,0.324248123952904,1.06916578854168,-0.0246927926101326,0.324627519364708,1.5129238156388,-1.42131709691382,-0.760767730258393,-0.465630125733628,-0.159028591083403,0.0553550357488524,0.741717423451283,0.543657150164834,-0.293534918353275,0.164116908982239,0.785747911474775,1.05700627290845,1.28239961933372,0.670125131403047,1.04115667808538,-0.94335983135941,-0.196205025341405,-0.494864316277523,-0.296611149420055,-0.910549925943782,0.0258939512062851,-1.47713637144178,-0.692973249694709,-0.840482966997875
"C627",0.375470826301884,-0.917128903044505,-0.569518438367855,0.241548827707637,0.0745193474888228,0.259598033533463,0.671736201443011,-0.566562789644225,0.543464363045023,-1.05812156947117,-0.237524757082439,-0.760748422357351,-0.541601597180341,-0.979791322213129,0.20064738417411,0.545463742328806,0.303238120528029,-0.936296447663432,0.0374236329313527,-0.129092479910413,0.0937409173740284,-0.664407645859641,-0.738621342251078,-0.0747406289744779,-0.328719400746645,-0.701357048683064,-0.960559079764818,-0.188546356023219,-0.0262153570467293,0.309247101404319,0.607185674607143,0.544168263311873,0.121409477095025,-0.0274337325713192,0.750874364830188,-0.0317674635398873,1.01558215082419,1.02004491138737,-0.433742494575993,-0.407656533332924,-0.787532732831563,0.65188284445757,-0.10474338719243,1.0852285230326,-0.616347507362175,-0.346683607697981,-0.701186901662838,0.807831106979244,-0.23563178832727,0.235186911980866
"C628",-0.370610349056344,0.462368300176219,-0.801217957212042,-0.414107677377004,0.170783572366142,-0.371460254624291,0.712563150519441,-0.0341816604010179,0.198359385035267,-1.28523386723209,0.354649356188794,-0.273271827737224,-0.200599923346881,0.0512381287681695,-0.552554242190636,-0.934587242197708,-1.13133332977686,-0.310949969119003,1.04113145559883,0.0806450077544836,-0.596176713532845,1.5472704579848,0.12715868293997,0.50888505183444,0.194394302822225,-0.922857039461765,-0.191238924659485,-1.71679867908298,-0.883094979317453,0.606376660808989,0.189884222520027,-0.236660527936013,0.875191978835361,-0.488384961861433,0.268904750265067,-0.819293370478991,-1.44744403297178,0.0676595008592065,0.100376744582641,0.669611245643108,0.638981230433795,-0.872659491991073,-0.25820898529531,0.0331922966362038,-0.414070740253916,-0.298340713070221,-0.92265049893281,0.952121109733879,-0.508447432575288,0.0973656191850341
"C629",-0.260287878849579,-1.27292774384584,-0.092074798826345,1.27088126129059,-0.744507260918065,-1.12654587684163,0.459691762454441,0.368311199394883,1.16072122452134,-0.558447209150709,0.660044002828625,-0.281347922228861,-0.18964097195502,-0.0917068240681815,1.61822423169803,-0.476100910220701,0.275030435051618,0.461860225265092,-0.37930345657959,-0.0512549672417322,-0.306741755678028,0.0583515129950933,0.290393396845806,-0.455761217128903,0.81926499569762,-1.8977899349205,-0.592049638570421,-0.281304549462291,-0.853365679522416,0.676609628124999,-0.787691640316035,0.237675741012816,-0.62609498177178,-0.148449221884177,-0.0445776934118381,-1.11100263680053,0.0721067991654305,0.438043086704846,0.170101440312062,-1.31006958995025,-1.0567391374713,1.55701748994624,0.894758686996364,-0.990250956706272,0.487579943827492,-0.742621579955222,0.493884526557415,-0.292909423001818,0.164887181649675,-0.749193686105842
"C630",-1.19640659834294,1.9397518021125,-0.0456472219698702,0.0256101015563277,-0.346382840316831,-0.380611387373044,-0.0318809371490867,0.852010947373075,-0.242144722261468,0.155943104185106,0.0207494820200558,0.451907146925669,0.0415177786579128,0.528652968673395,-0.958013297114563,-0.319512648451827,-1.05115640873226,0.544627479047332,0.776948652940772,0.548340293685343,-0.0993208505862543,0.582549520075028,-0.0191637779878163,0.244194997459601,-0.674549591146547,0.463891470041794,0.44433605203452,0.044509460360264,-0.825712612455225,-0.703842875370353,-0.432134531080058,-0.495554639343001,0.373512452399146,0.0243600993987772,0.60153094685975,0.131546983001602,0.794781564257519,-1.71076732433395,-1.3671926707736,-0.66900568040945,0.236915912431199,0.132482109534662,-0.318360381958604,-0.0889147573297869,0.595992096505056,-0.600186090151954,2.18188097535922,-0.309554475467141,-0.477154931551876,0.275131307042528
"C631",1.08002321432263,-1.14570915835564,-0.410365583172349,0.0302382964041567,0.920915026909475,-0.485967150019382,0.580780229071165,-0.135018232425642,-1.56101633603779,-0.00967669845468833,-0.206698048217908,-0.74971634162266,-0.863357599777363,-0.217010314591397,-0.163208817886758,-0.406256642631249,0.469467275224479,1.06247655198508,0.157620213291668,-0.605602967392744,-0.538560484276558,0.0187131657674767,-1.50351894883242,1.33834399790159,0.184865028500198,0.690912186894302,-0.49513852752972,0.257498035603876,-0.675660977935402,0.256305507493093,1.13371390137149,0.454219368696799,-0.554276811184479,-1.58254790719589,1.05994003438885,-2.18204796275111,-0.349129070478303,1.32410805108852,1.11076043654075,0.664294782023867,0.0823864350703178,0.492644372067725,0.252502004872883,-0.627374786347508,-0.456302831443872,0.256111838632266,-0.559323337971167,-0.249438141360986,-0.236616134881456,-0.591193009999267
"C632",0.386098236481017,0.0710962077022958,-1.15485673585879,-0.955331437902327,-0.397292440079964,1.12495428328619,-0.122001148701575,-0.551816849955909,0.495459957993776,0.412675932622997,0.264069559713757,-0.619213079256543,-0.492162099293468,0.416101687783878,-0.267412550440509,0.0942780219673485,-0.301468837268397,-0.415863641706837,0.299263515360035,-0.440936495933015,0.474424941062944,-0.483641610405856,0.192080219541469,-0.382681309393464,-0.966782844927592,1.76920513878668,-0.688788920726147,-0.226825063618506,1.51828941289796,0.735082763568269,0.320172114030559,0.658815118127067,0.78317708528231,-1.02931800330959,-0.028754590402266,-0.4523863040448,0.259234572264676,-0.190241365298221,0.572710836229926,-0.0822327001616237,0.298460618632688,-0.634026261970202,-0.362503728204942,0.48994948893096,0.242975599294697,0.0941712567536664,-0.0322848823833382,-0.314288609540124,-0.505603808528802,-0.161777433305254
"C633",-0.304304511534369,-0.258234461723944,0.16803232907569,1.00803395113112,-0.079212949674625,0.231983313187423,1.73892177959773,-0.608967384593382,0.173034047805089,1.03086418626012,-0.521897106813313,-0.247374418771575,0.466511219886905,0.663419913070834,1.61395702217784,0.18511122050156,-0.318517884465744,-0.711585222161285,-0.519084922610026,-0.352772320483931,-0.411043260616008,0.460967092014416,-0.633071143155867,1.56011964100613,0.80863452512873,-0.535019075474297,0.156098390014462,-0.689450514563553,-0.0976499784005088,-0.759263139447237,0.430056757770421,-0.0870031033586199,0.663262823267792,1.64602462380151,-1.40175162606684,0.975119825098057,0.155468104461467,1.91762267268108,0.534590346396097,1.27733023718538,1.20830127108199,0.359831932370092,0.242893121872808,-1.39315535026771,0.466524909710092,0.464826573877993,-0.857630761468558,-0.712064540883067,-0.056471156590518,0.306051379462453
"C634",0.0477528454743681,-0.634854484920763,0.0995896063717504,0.968826841155155,0.594294710546627,0.584965250898777,-0.508230743575783,-0.472214060213659,-1.33668483161327,-0.874216288172254,0.178426876548352,0.314877718030899,-0.534001389222672,1.71471439848343,1.65133475532507,0.130159744650956,0.583436776964269,0.513793782185384,-0.511154234930294,-0.575981005819738,1.56019659878411,-0.258017790263642,-0.0264100854382796,0.999450762742842,0.883104069060987,-0.38669226404858,-1.64200455801625,0.622219129815688,0.961424159871506,-0.328757160503217,-0.849351198162699,0.0956845301921209,-0.569275867203042,-0.974451156331221,-0.461681322038983,0.814875813091358,-0.428145527974049,0.0528521657999415,-0.228436909631169,-0.224835396948682,-1.41474644528322,1.70136979284549,0.119014912031017,0.565962283501933,-0.212661635445758,1.05007568181309,0.363105422862991,0.430305287176787,-0.778480187167213,-0.164987758278791
"C635",-0.490837219058083,0.897097425804713,0.376221101690937,0.0712140129473131,0.586490333409998,0.140222401332531,-0.217692170537233,0.337749588502539,-0.534820646710989,0.554214271916099,-0.00141020823183955,0.106410802412494,0.354767456244411,-0.337072358351443,0.088548396012697,0.682991468203436,-0.133424182888633,-1.629279730987,0.863842661455771,-0.187915585494601,-1.02576994025187,0.0178983110190935,-0.606291585267765,-0.454727233978246,-0.617764586063912,-0.130312686787535,-0.400773945283513,-0.398023880474497,-0.403203794971758,-0.933179835386759,-0.646443291821704,-0.329425014040795,0.27624867244246,0.657283653885198,-0.163639276471675,1.41719799704069,0.17106415470266,-0.693017889235941,-0.491799374467517,0.397173952878251,-0.677336047125269,0.0515241924982958,-0.638700119764294,-0.428848055171582,0.383039839169041,-0.107319146567296,-0.252358784666051,-0.618565826974827,-0.840986647454154,0.505645858939906
"C636",0.29010613242024,-0.0317739106431266,-0.231359994600628,0.411563621666576,-1.06436794523484,-0.724712119486161,0.311110458550281,-0.189729363733475,0.248808011649581,1.54659901769619,0.450030932569505,-0.692058780186428,-0.0877367530925083,-0.810536366189345,0.88130683415905,0.171133238394974,0.277591648733029,-0.5556676867064,-0.186271288512979,-0.21395428863235,0.471466121977371,-0.445406875826595,-0.00551788789779096,-0.605925439887928,-0.236463613844991,-0.394946275577,-1.36332538390182,0.365746079966963,0.0284936630025833,-0.0483427709894105,0.465487462246394,0.269491380422437,-0.931287016339863,0.312704968094023,-1.83937524725565,0.225608195737535,0.408088982889154,0.74556185492155,-0.468631276177475,-0.42670626343687,-0.240414442906047,0.692567729248221,0.816267535606822,-0.364349418987579,1.16177756313925,-0.525756180377402,-0.724542322428343,-0.721567250521053,-1.49955907175257,0.0993078915119413
"C637",0.443937635986051,-0.841438917997265,-0.28464164924465,0.431801205470653,-0.65047130696812,-1.370669915184,0.798139801747199,0.206124205373551,-0.160856985397739,0.342878654020144,0.0736761631106579,0.720685789328706,0.954092162109029,-0.122222600179998,-0.595785468828303,-0.753736384725691,-0.387233135691126,-0.598256532156728,-0.612915232376323,0.441704359880574,-0.433924196984136,-0.349074887950101,1.17637424812698,0.118728520234331,0.354284740415368,-1.1532254007288,0.0345600580677625,1.17793547519451,-0.569373528900247,-0.391554686951375,-0.269716692823233,0.35129054608036,-1.37903203933929,1.14963006138695,-0.109749718228551,-1.05879605714603,-0.285943130392364,0.27595960387029,0.180154749578544,-0.273478753874585,-0.0386059918328812,1.5248340556117,0.469370537480443,-0.541537205627191,-0.32583712065426,0.0508148088490462,-0.715295930456167,-0.217421896763221,1.18317299645593,0.0903339050184258
"C638",0.572170162666888,-0.151677801311662,-0.358788336251821,-0.836191399788849,0.702341593653801,-0.316839494107358,0.416673950717738,-0.241231582410912,0.48428046790679,-0.261001742404911,-0.296092970803944,-0.899415868107606,0.934230837900747,-0.204333320526856,0.00271938410828323,-0.598881233413873,0.779004951124575,-0.101933997596852,0.369848923930756,-0.390264770345547,-1.36543415732245,-0.0965795547865365,-0.483439348273077,0.317906325893801,-0.775847211358196,-0.0129548523411556,1.15612459839417,-0.380362198166155,-0.73260757701622,-0.0532194127882877,0.426370294823249,-0.217864745652997,0.670357415690553,-0.514219730637102,0.191408205312524,-1.11295068084637,0.352040994268198,0.0412947700503559,-0.340440402788358,0.464709762840312,-0.0668148803863584,0.544677702700761,0.633063151936239,-0.381964767825719,0.470751776090629,-0.0225149178482491,-0.508417196267456,-0.196406818120157,1.40377816003928,-0.689705488730007
"C639",-0.5319706194832,0.415296819648531,0.476589612005058,0.21868399430522,0.282799379812576,0.954926251201266,-0.669839103434299,-0.00604817301226195,-0.0706530219564395,-0.741348682284579,0.13730267328522,-0.617102002125805,0.41751229464281,0.447047080039266,0.172750865590741,-0.496803670851359,-0.914106730259642,0.183036802067496,0.473886036580602,0.460507375966149,0.361615836130711,-1.24753197940728,1.02056426650953,0.455052361179553,0.868210883916414,0.509618678216365,-0.927248088555832,0.626840394543391,0.867947078446921,-0.692922498951641,0.325117285448212,-0.225509393451996,-0.863434901377364,0.381266570954492,0.141219548174812,0.913714726091455,-0.297607794108946,-0.0852084536566199,0.285872620595722,0.996268997341995,0.181690303817768,-0.720760904885195,0.19352366759682,-0.624121615254906,0.645137226752533,1.14681757538981,0.413847383811981,0.972120737206394,0.33797347987537,-0.15680350194925
"C640",0.158375348188131,0.0803125161603508,-1.09640986446025,-0.149811448279414,1.06411472688618,-0.360559597005599,-0.0419823264514715,-0.572030037803862,0.485307712367275,-0.456479789890356,0.414657221616254,1.06853702849591,-0.106546456002165,-0.0479552930863075,-0.391085828258854,-0.421746648828317,-0.113216529176424,0.934281296657233,-0.0585286872542566,-0.856602720415893,0.29812987638298,-0.450339667372502,-0.200753963855881,0.235371155300434,0.376418342466884,-0.412477090354786,0.754923599139865,0.486667897452208,-1.39958340342858,-0.859056840290715,-0.162352973736058,-0.638077474034459,-0.479628458914643,-0.984873817806725,1.40334385956775,-0.76933995987767,-0.901345573567076,-0.165396585903717,1.87413605984359,-0.61904221745576,0.397307615360562,-0.640298686121937,-0.686952958684917,0.00831483043767709,0.266615641932016,-0.935318061982765,-0.892471695830346,0.817546598768109,-0.760052454942094,0.334401468006698
"C641",0.345708112023043,-1.00900799463669,-0.246890328045401,0.572077725453761,0.520435665220183,0.0859396583321312,1.01381555743251,0.450479906750069,0.253346886478211,0.123744213399133,0.480634339404124,0.0896429937374043,-0.309500429427486,-0.236361952718635,-0.224610676520241,-0.301034194128468,0.332848842642197,0.806022532017695,0.460873728916793,-0.224884204705618,0.151272608822374,0.671677090191433,0.357057510837919,0.346457792338684,-0.0791292604048637,0.0267894917639862,-0.225362951864069,-0.355724751170752,0.887803618747453,1.23337336247618,0.579122600555142,0.158995397610247,-0.400912848512097,0.0530280567409029,-1.74585002982175,-1.10254605166199,0.712431677681548,1.62194954935863,-1.13839654466864,-0.0461103882656896,0.0397972455619152,0.527828382090412,-0.425527165731365,0.202653205182203,0.868736071993095,-0.153467947675376,-0.626479112326254,-0.439175412764575,-0.0222365197041845,0.499968899749574
"C642",0.163749592452001,0.0448048666184609,1.01655465941902,-1.21293945255182,0.979831741738706,0.698886865143848,0.393804734432127,0.0568080226700304,-0.859227537190257,0.398296790685479,0.844280773615441,1.38357146689285,-0.0261705701510175,0.572350275909466,-0.230621750665657,0.102563426683803,-0.728715578904586,0.265070336286395,0.193476085573931,-0.615107779890239,-1.60678905581841,1.60350603320549,0.382269388458786,-0.667497377057505,-0.747093999245704,0.49273187367956,0.294549862593001,-0.550516891494105,0.530900844337255,0.459125572132398,-0.414183902330678,0.193642748324144,-0.324040444513903,0.756576333599168,-0.0534694086559776,0.479345136525415,0.668403665806275,-0.105790465412714,0.648086477025945,0.945461446911632,0.513025875745811,-1.04875924134756,0.00768242552175239,0.751256734315156,-0.447986176065198,0.446757261385128,-0.029552060646283,-1.37471991865401,0.0484534625886648,0.983507433284672
"C643",0.680187738624362,1.66640767741151,0.56499994610758,-0.207065993843357,-0.114820880091724,-0.0652336573704739,-0.149373800100177,-0.136506150511364,0.488201880596933,0.929466276811814,0.233699983253998,-0.710096960633998,0.355909878461839,-0.712597237644776,0.670257279481871,-0.26558164886286,-0.102302942554368,1.17898170116231,-0.473491532436089,-0.117195557523022,0.511299831257827,-0.636215284249196,-1.33100381005541,0.190253664624411,-0.334911843437446,-0.397493855059744,-0.959786156931335,-0.91615255659413,-0.248734254118059,-0.845243483646904,-0.348630317355421,-0.11737690838843,0.123934818854137,-0.93020339890288,1.11314024654601,-0.745840978487723,-0.200754450148274,-0.789125564059305,-0.779785829897473,-0.254767490437279,1.00898731145658,1.4774823931112,-0.0462212870745557,-0.294721650208258,-0.502732329459225,-0.144382065387515,0.0787178049252634,0.37097689876939,-0.988180675093464,0.0661276702009386
"C644",0.362831484569265,0.337457529854598,0.842634898336671,-0.169865303310122,0.121756450550748,-0.0363881381971283,0.249787045720369,0.576728491674661,-0.284043134098782,0.749115465054783,0.677065603382253,-1.09140036421772,0.634134262816269,0.611061982020336,-0.53463109949148,0.412279599399604,-0.361859905991651,0.138712363723734,0.48098573698054,-0.6502686447879,-0.706335211146886,1.10484611462773,-0.245578928615908,0.041896924178507,-0.673195705312852,-0.868250346509538,0.628917863064485,-1.13925860492727,-0.291903320839396,0.595474582168167,0.55995948434855,0.0905256488919341,0.559767763697541,0.526959923009165,-0.725328433898172,-0.839865751270683,-0.298281163702903,-0.61070003810135,1.02743803019475,-0.337956562648988,-0.772230261277216,-0.176766604111736,-0.0720978312677877,0.760512372607582,-0.306740420804601,-0.347148132143336,0.0674610769826309,0.311853033233684,0.142571649642384,-0.606564269678601
"C645",-0.325519678782022,-0.0522160846929472,1.07352877283124,0.0149371723961143,-0.734091543516354,0.14215350558551,-0.330120299231086,-0.110821311322151,0.101757820176476,0.393772509365964,0.0351943355446036,0.142001555583531,1.29387905114256,0.0517600618087948,0.949818008289661,-0.0233272580956331,-1.52546739097694,-0.553335207896425,-0.208593821986839,-0.75679044122957,1.69272062586485,-0.917342104119717,-0.312690878541699,0.513498373977055,-0.672862098282882,-0.688768373155392,0.173472948875344,0.309452369675332,0.548935975936052,-0.479676799778629,-0.960289351508711,0.491365454458914,-0.00525203834101838,-0.709022495336459,0.00578963033633915,-0.218351422335167,0.678663700090132,0.189321732583784,0.354878381223994,-0.949902950366534,-0.673884850291585,0.658737866192869,-0.981904916466296,-0.529581490215555,0.305838420821815,-0.455962777733842,-0.673045746232418,-1.2477580139932,-0.418297362823498,0.034908356675164
"C646",-0.213571869451729,-0.287039182455296,0.673373544608731,-0.317819362745898,0.852697847408078,-0.173812486081078,-0.249261932787558,0.126307038443584,-0.452347476024477,0.512080386947358,0.131572045682533,-0.276876501070039,0.501559889496705,0.469861451416868,-0.439724507307801,-0.959753021645221,-1.37118736111974,0.52239841178153,0.257638703246412,-0.350200587349782,-0.0552788135333096,-0.445690081906246,0.00276441542568882,1.10920510239933,0.315371832269162,-0.757520203641871,-0.85612910043485,0.034893975736346,0.360607244682255,0.758796777170099,-1.17066735382738,-0.475108929698048,0.376958777276877,-0.29521592814394,-0.342913335654453,-0.331934154181554,0.499969367387558,-0.423532448787185,-0.818012434728859,0.262809888803111,-0.882767870249521,0.0996123418241956,0.470762948196927,-0.22783882353105,0.180561938455208,0.234101700031154,1.12749985987616,-0.372604077298306,-0.593073882118327,-0.150774911419042
"C647",0.0911613348485063,-0.61883212678496,-0.123936440128913,-0.461371997848529,-0.300384454154698,-0.165410355437495,-0.708162439510436,-0.517708410731909,0.592137363614831,0.448364451252033,0.361297705350796,0.0185390821069782,-0.194867384526363,0.854399935492889,-0.147432146230606,0.681999230041849,0.418643858623238,0.0186961014014185,0.686390370395836,-0.338108329189459,-0.185948759265981,0.395366305788084,-0.0872715972314197,-0.202210621867144,-0.110781268994713,0.199405129385676,-0.247687771384938,-0.019082978013977,0.319256975557476,-0.145566175357985,-0.672527667192123,-0.524329777053827,0.562239813449356,0.435456817986899,-0.339285022301399,0.653128215116041,-0.252247448143011,-0.494089734183351,0.661101234682439,-0.356140584352545,0.046621094773419,-0.601058260321263,-0.482523907973967,-0.992843572501179,-0.399292126803517,0.0104304928225863,0.959512840307302,0.248930963545909,-0.148313384247705,0.471849521505729
"C648",0.0257664743071634,-0.0171986543237623,-0.863855908209499,-0.66515924625232,-0.209151663878694,-0.127265300254547,-0.21091994773007,-0.505496254990148,0.241339880956425,-0.658422476895741,0.136824245359201,-0.364759348401724,1.34880321445038,-0.504503617796995,0.182751956675919,-0.220766733591797,-0.479908661078829,0.100476039584905,0.293434902462481,-0.754645723648403,-0.554509617837453,-0.668761297682893,-0.143625989180585,-1.08314011649777,0.213154423359312,-1.24113471738566,0.940177217912037,-0.139368817738581,0.164074678451188,-0.446364144966657,-0.243741786736138,-0.368008761357072,1.04076297490188,0.531535883358369,0.822438011143824,1.21219275139145,0.741997493109935,0.395593634315672,-0.528696260184332,-0.501423825860415,-0.334423425192488,0.0901517248821714,-0.687459231705326,0.408505553616057,-0.254914335902223,-0.664102836400697,0.369959814187188,-0.671191660769863,0.158366805350316,0.117171173052664
"C649",-0.708779762552204,0.892771855676159,-0.480442719482792,0.51237850036841,0.372149318314785,-0.250743692738507,-0.21164273596676,0.94949918755477,-0.761703105640415,-0.54473602230578,0.0330128131882204,-0.206160444279078,1.15576949097849,0.063499805517447,1.36713542818777,-0.314395594857553,-0.249664056826268,-0.584916430342645,-0.187117164931113,0.474018380087822,1.40926402780011,-1.4977367031404,-0.63484529980157,-0.169282952599948,1.49438905061276,-0.413040792793918,-1.28872808790008,1.29932333840428,0.171187686272339,0.0351044936119014,0.285259151491111,-0.530362802116007,-0.838581977583758,-0.176897513972981,0.364784197323954,0.965375536767401,0.343870634553405,-0.159272225756463,-0.91626287756459,0.660222617309342,-0.197918734756198,0.543291158445967,0.0588182077729371,-0.303099705792148,-0.728928829759361,0.336463449698226,-0.0694037040888852,-0.151277450687625,-0.09104817154123,-0.123307429846048
"C650",-0.807052763914194,0.149537368789376,-0.50057863925982,-0.93158721307407,0.730629412607195,-0.0360973296206489,0.0440732608551333,0.371470545194371,-0.135947090711078,0.139646054357228,0.537024776205828,-0.213152055101762,-0.435557153488943,-0.391696917423973,0.0315531964962506,-0.403402901750992,-0.650274539180351,-0.487549061216658,0.173576237450944,0.22748770547895,-0.962923415671889,0.479200720855309,0.292126186691497,-0.916804134703286,-0.786858121620945,0.217769424277035,1.19092449873072,-0.526145869184759,-0.219990637582085,-0.9569683647238,0.451268864023007,-0.696697912991073,0.750072317106012,1.38657007054688,0.0371543803417549,0.72272904230115,0.0837308745330949,0.0940316011127821,0.0936152627083577,-0.812237503879176,1.1618334643085,-0.0840533391755816,-0.660207428351383,-0.429097499694097,-0.923508027074677,-0.795921309360132,-0.600395417951968,-0.545436041832055,0.111551776713569,0.243295839292375
"C651",0.108642014284712,-0.257206237096744,-0.159033742048242,0.396041518520152,-0.269605326252851,0.599854555694953,0.428734643709425,-0.974765636195075,-1.32899073981207,0.732917684221785,0.2516117330767,0.966514717520911,-0.248438353451755,0.367745688268917,0.261832949887772,-0.129159841344624,-0.528365093376272,-0.471379489304613,0.495876435302052,-1.26845866423664,-0.0464071799571467,-0.569317091570278,0.0159278557134609,0.30599758809789,0.365116418401875,2.03402752330115,-1.21736824854706,0.496073842185431,1.47056222328293,-0.259935451061953,0.0215612359739717,-0.558370294981327,-0.399734193917184,-0.416291011747395,-0.838140384881189,0.00852269825171163,0.570132771939546,0.659382159520806,0.267171438446205,0.186776537760891,0.479002159865639,-2.22573378951166,0.474204984814593,-0.687939571100932,-0.306084330329445,1.12866390981959,0.430823289694712,-0.148752902472689,0.682898764232493,1.08780042787861
"C652",0.223477482865521,-0.416851465429293,0.795619324830778,-0.231194999493601,-0.498700942639007,-0.0648673773293109,0.634922456704599,0.427029756721717,-0.538608188152128,-0.139939907626037,0.263264724245814,0.458428724345604,0.18992484747502,-0.430163476765596,-2.06047821420792,-0.672886997548465,-0.659976444727666,0.999501486877709,0.444826142545887,0.19673810726834,-1.47901799519291,3.20262862629428,0.901637659041318,0.645086027738485,-0.931141824915314,0.518769081296513,1.30408037313794,-0.89859888919696,-0.220740932581868,0.959696374282558,-0.897421167776686,-0.345698625160164,1.02543265064809,0.755567210008812,-0.526952873452811,-0.680100368794936,0.340128830821177,0.181975658130115,0.435079555215087,-0.167789170925609,-0.382381111755201,-1.18833766965382,-0.465537733008767,0.597820666767994,-0.300763634781936,0.0151751692534247,0.679795393565877,0.0770398392457309,0.156418459502201,-0.221953474229257
"C653",0.632226057433064,-0.111053415092207,-0.122513512723048,-0.137860196227892,-0.242444519337815,0.566242173131138,-0.895438374795999,1.43857349557443,-0.912446501908072,-0.819217130187186,-0.392204739950401,0.594237107874855,-0.683906722698718,-0.0122188421955723,-0.708766106266621,-0.162127086482166,-0.106789624369016,0.507633548054874,0.729307172814819,0.277455807123088,0.406590661467778,-0.310238043894736,0.869710880289047,0.243992346520467,0.736352136708255,0.525900413444865,-0.103484149975228,0.687784901866863,0.34796056092532,0.346739853929693,-0.271581288361778,0.411635597470633,-1.16225119385007,-0.200111213714966,0.330399750980733,0.40038564912477,-0.267933932197071,0.0773474930189525,0.384601739493927,-0.245994231479405,0.251608107543723,-0.301674849834653,-0.375097599543561,-0.113492260742113,0.150972266145245,0.739476902385466,-0.0871446635155043,0.859690828672184,-0.131252522470489,0.31539841772803
"C654",0.0255691397475171,0.000613970798522542,-0.460517050845171,0.391133027436427,-0.91121687886627,-0.293730942269385,-0.337358980986011,0.406756573119112,0.631842976314916,0.507960797764189,0.0181740753297729,0.424196255946878,-0.00258235553432254,-0.0675065210046483,-1.50736396422469,-0.208284225452046,-0.54926692293664,-0.179127788941948,0.937294022619511,-1.21834305371684,-1.16040108080079,0.596428720882698,-0.974486080288261,-0.133354879674673,-0.785871534278298,1.30978266249878,1.81069748050377,-0.674416271302596,0.179171548309263,0.419381823741155,-0.891139914625428,-0.0847172871437646,0.577141413226281,0.794028548272761,-0.0485771967869312,-0.647623692372923,-0.809686740564949,1.05091409926048,0.364703566306113,0.705098163633467,-0.443016177888616,-1.68822874591389,0.0685098361723047,0.125136118620586,-0.909286478933471,-0.502224315296857,-0.284768394976988,0.184628633288691,0.436860242477652,-0.0815289565738941
"C655",-0.977186106160441,-0.10746485959313,-0.779676326456971,-1.1552532269051,-1.12495135857286,-0.506984049092555,-0.881692958179193,0.192988537931939,0.255447390780808,0.440502808731628,-0.228223960906018,-0.503915290591502,0.874028602895281,0.338756093768994,0.743966722591347,-0.248785146851468,0.587573849855201,0.167486881495099,0.701153490146237,-0.262281295551688,0.166382931484418,-0.46409412419375,-1.09834667318864,-0.889900618908605,0.133856316624503,-1.07206575133692,-0.186165542898856,0.444762846078256,-0.212402506354591,0.703686436586283,0.0949993607497111,0.739892530688162,0.058877683277328,-0.27172414208608,0.322301725548723,-0.351287269787715,-1.21788441152969,0.129445395834728,-0.712352164615589,-0.164749837585744,-0.80132678090046,0.449393155534187,0.376512115518384,-1.33386173545952,-0.289069831822737,-0.619406206593053,-0.124907771868386,0.402845352062864,-0.239853710290231,-0.895908839326377
"C656",0.0236951145901303,-0.910912637596545,-0.518246830806786,0.873981336641714,-0.590626946591736,-0.249542473460275,-0.187947401546319,-0.557836058599129,-0.222097055721696,1.67574451017204,-0.0370876998487432,0.364846028027971,0.382203701951845,1.33522189967847,1.13155971660658,0.578985080940046,0.0287929909958599,0.304467573348722,-0.885488570539037,0.905805700681047,-0.00959628036174831,-0.691740184906681,0.0455650097060203,0.440044965435133,0.205731137841807,-1.49541104831728,-1.19243293087853,0.0505354603447691,-0.426838106111748,-0.393019188488822,0.465730056785883,0.784890836480466,-0.231444261643409,-0.278703024158326,-0.544738435338689,-0.13213982488305,0.250095279365417,0.72489542769407,-0.0251622131067204,-0.700664433273405,-2.17975726391966,0.950613807906928,0.136880599736783,0.30011345729311,0.158232030954768,-0.297628662691756,-0.54505114245473,-0.236340361381905,0.0306590957670886,-0.555622994833852
"C657",0.0441200108395764,-0.149305454362906,-0.451445742880762,-0.0339749875289414,-0.444277910583171,0.685054891432393,0.219099487020782,0.687345559940235,0.153854801502654,-0.183095203410067,-0.408548740008234,-0.045368233751272,-0.613995106907393,-0.693932658632949,-1.23414406788679,-0.579648283543742,-1.0164394453573,-1.15552262945965,0.83031163111263,-0.512810403139105,1.78690948607778,-0.0759952187495125,-0.200729284656897,0.3049314507985,-0.503732079273585,0.693395502918872,0.551149453303585,0.285127607116404,0.751932833288144,0.183591358661195,-0.30206509833268,-0.0396497865099903,0.0502406293354908,-0.301810082654863,-0.310091968741678,0.179815134362701,0.215997000092259,0.209617785216588,-0.0101651019588046,-0.561469872370387,0.320654928965306,-0.948884768965756,-0.0163855129296695,-0.357303212395472,-0.175524169484536,-0.642311451736584,-0.475861690248661,0.481680365251129,0.118046052243065,0.217141911509018
"C658",-0.0254559420580324,-1.13420108933816,0.697953330334814,0.848483902082187,-0.91351187095118,0.890830854656982,0.758079334585751,0.199470217198844,-0.443639410373372,0.263428396431649,0.130323386664595,0.315506217168268,-0.0266626359112742,-0.482736853913749,0.0284734683460936,0.4007082500535,-0.348745169039412,-1.10771121373151,0.183360515109521,-0.190447443319447,1.0066195218404,0.375692230890361,-0.0231325715510114,0.224226720731686,0.0768629088032868,0.092506103537782,-0.385574520045994,-0.139162880904291,0.391301477542481,-0.0671327859414608,-0.423347390134233,0.807379293405939,0.115483275694258,-0.847520969123357,0.047358282281839,-0.76451446606141,-0.230535231536359,0.765317191686725,0.423532513138015,-0.0401638618452959,1.18058943227856,-0.964727078776962,-0.830519486694385,-0.0689987942853208,0.580536451110484,0.181048553228495,-0.401454842409277,0.528827084890938,-0.549622777209588,-0.325957527939194
"C659",0.0228681146789616,-1.3737740881523,0.457133906171571,0.556961233176533,0.170463161799648,0.344448055281522,0.148582383724778,0.0836630467588538,-0.136175233228087,-0.341448660317309,-0.200172708246523,-0.360084477062802,-0.732081282071046,-1.42549550594853,-0.543288688482252,0.420673007984504,-0.337277322317874,-0.561213564074143,1.1247039709175,-0.677968897510382,1.45887584198659,0.0769454911063818,1.26477947742026,0.286069481590625,-0.39142024204044,0.418144471695439,-0.25414901621886,-0.18155404287958,0.30526802930427,1.83906125226675,0.297804619437968,-0.19694657826139,-0.565922427383741,-0.772095732449423,0.387497816094512,-0.488344878478345,-1.13440419451529,-0.440846602240046,0.120237124155286,-1.03372120582485,0.555754721192521,-0.798804247846272,-0.956374297109738,-0.150624690444102,0.319496670472689,1.29256355931968,-0.338772305093469,0.264876905332999,0.816601047907753,-1.15164115612497
"C660",0.0322574539055764,0.816816454652956,0.271381974525999,-0.0224509101277429,0.0653769212608843,-0.11815487752608,0.76652898122911,-1.01435437570535,-0.224961926515822,1.24820434289638,0.32877185209137,0.392711259404102,0.781754208465142,0.594505670668632,0.144279876784525,0.427085915581155,-0.111710138575052,1.09353542712031,-0.243411206629527,-0.64343241023634,-0.885076230844352,1.80210356770509,0.779334968758334,0.338304161722145,-0.365326957145808,-0.639992363897653,0.749022750491515,-1.31743745157989,-0.393129023008428,-0.749864663846039,-0.580408615187525,0.290534070222619,0.237382620925739,-0.0168395627424107,-0.278562435360083,0.0536725790784875,0.940350818517876,0.365264018389592,0.366238861288776,-0.48141806730201,0.953845431512987,-0.135911594238061,0.335525525746067,-0.747621810556564,-1.41665732492844,0.147067960757202,-0.10600441610717,-0.435916002934401,-0.202069978702534,0.571205555732188
"C661",0.628501807862763,-0.0625913402603485,-0.637067457869695,0.212231447199124,0.561884152483212,-0.276038525135888,-0.073343260998754,-0.978787888048573,-0.773923335026814,0.0724301837026299,-0.493737326259081,0.158649123449181,0.00864141878360121,1.29034131495816,-0.389696370125996,-0.0686522813884066,-0.0194449997186907,-0.220561981367142,-0.407556759545237,-0.579200021840146,0.583632958021211,-1.02540778934935,0.517009460910427,0.268528280785853,0.831305636142851,1.47167923068335,-0.573894356754944,0.804720940530679,0.665666154429456,0.82609765262624,0.494046769090536,-0.0614547652996497,-0.662518173365857,-0.928101517280954,-0.0530020708940366,0.981936800064541,0.479535277584025,-0.75377737177668,0.693988589420449,-0.453254446728416,-0.342067947000055,-1.62777573984613,1.04519072695011,-0.104880669264208,0.525102048085313,1.34121357869798,0.931538815078194,0.502821352344118,1.12313800849665,0.788945351999779
"C662",0.702676380160702,-0.156106121746918,-0.0651965793077256,0.258572351173688,-0.706870513315804,0.397649378638591,1.23912519959353,0.991401458657434,0.421067797583765,1.44138820376541,-0.60752021470406,0.729341025664273,-0.305292086007476,-0.145364158406622,0.0114735627137061,-0.589376674394265,0.553710150643622,-0.67993257164313,-0.689244925912059,0.498913334682388,-1.12318417732926,-0.258052837975274,-0.810674524809088,-0.495821322641749,0.31382060273405,0.00463227673676068,-0.133379923074685,-1.1494043946364,-0.0554396708458621,-1.00975550532466,0.31411010047339,-0.529649133048013,0.21331881883669,0.700615540445661,0.137427413519841,0.255073964702442,0.0112326894399453,1.62596195719515,0.655025420134426,-0.918789504997786,0.0275578760191864,0.42797711607913,0.175761101312151,-0.502576441420689,-0.0370557581459259,-0.861312592767911,-0.125707516953907,0.693780207134896,0.370450343108184,1.35859705863954
"C663",-0.649818244094456,0.303624894705229,0.778488247618982,-0.149641315798656,-0.20826155538072,0.0733128905689654,-0.467300324116467,0.217263706560028,0.170888331678426,1.19447269876894,0.524678594455684,0.0198271576606314,0.100839668169198,-1.57629377343899,0.0748868368700235,0.885030149898999,1.06931849158452,1.01108441318899,-1.0970356352951,0.47887601358586,-1.29040655455651,0.335421192810947,-1.06528385962591,0.0170361676748516,-0.798970225396445,0.274708090997092,0.0261690475188688,-0.407215111787519,0.307688609952163,-0.444844428949721,0.675418876096031,1.16139713236545,0.171028258290284,1.0004912463904,-0.588991459659317,0.197857307576234,-0.406795171981576,0.46825038463521,-0.037586046840765,0.0857362871175762,-0.0385158520792327,0.164410550683547,-0.26010052437947,0.556213510653269,0.0363134323761746,0.170729262913851,0.065610298611219,-1.22868798011709,-0.656307403267967,0.0316103625277144
"C664",-0.342574290911803,0.320804963055258,-0.52985008534604,-0.964276178649708,-0.216418056577906,-0.110468894144007,-0.875783529632586,-0.513836249981168,-0.35132730005644,-0.147913890312884,-0.0914262233061768,-0.404849159942338,-0.114064427813152,0.498591441860795,0.267221839949738,-0.941529498817442,-0.413427282244189,-0.641931164769456,-0.291130326458268,0.334424286722634,-0.306713614862345,0.0863913480515776,0.0518504085741868,-0.690432888029777,0.0865090576449587,0.419226110629449,0.304502678959141,0.45003852968949,-0.610137977944629,-0.504786550884359,-0.733408880748327,-1.07225694199042,-0.0221641262261238,-0.235797185831832,0.0881448588434994,-0.219311101902547,0.795632426349618,0.270365026088052,-0.020669537958142,-0.102460760208296,0.118570943913058,-0.170281598137456,0.498044259222368,0.484962319768626,-0.660398554848746,0.813550507772567,-0.397784650631719,0.812519211785924,1.13618139695352,0.259992314277479
"C665",0.0381040785230322,-1.11870481201511,1.41987487114179,0.236136199269746,-0.388109738771674,0.62971092247511,0.57943996306274,0.493859257422974,0.0946311274571681,-0.0662305097585364,0.484800934943931,0.433391938937161,-0.262772575301214,-0.820723657852075,-1.69551854431642,0.124640676883319,-0.149048380616045,0.27105891685812,-1.00001385054914,-0.567840818409711,-0.31685978340409,1.12528420173299,0.302592314253688,-0.629471355841572,-0.574835332308953,0.848187605166417,1.2289338727891,-0.67588786759109,0.813783157826616,1.07176358911792,0.214881410238568,0.548734947246677,-0.979619051210431,0.693461994610743,0.217426973355662,-0.677695492462739,-0.067297566523746,0.368109090635531,0.630424475739416,0.00821834283883849,0.100796816380331,-1.40815996994834,0.08503137487984,0.522207656911237,0.108928806567976,1.400101286812,-0.126192086954232,-0.961692795546154,0.654740269976446,-1.55261401681065
"C666",-0.487436352813102,0.231638510755392,0.762939731799151,-1.36632478775677,0.605910571673624,-1.9404715879786,-0.346465458920184,-0.459776189400891,-1.12743799375642,-1.42092635840931,-0.462599022694555,0.160941346692007,0.378668792704456,0.100753979706362,-0.374213958658557,0.114502130036975,-1.76479720928865,-0.100956847463318,-0.419047628629102,-0.0967406200294929,-0.29315163559321,0.695675697761513,-0.228396930278104,-1.547659398109,-0.494073067731941,0.831442606948564,0.256012071219116,0.60643086199047,0.875178186951878,-0.0971003701900226,-0.115014506524008,0.691713027491968,-0.348856936633356,0.314565705716536,0.013356723160795,1.46536315655839,1.22979237837462,0.378823185389739,0.22986494744193,-0.504044412346012,1.09111495197461,-1.18384551244596,0.691002395664755,0.483067149762755,-0.494320236465078,1.59948966600692,-0.52294645419215,-0.555177483575073,0.16353587607426,0.444971281004042
"C667",-0.0663057368862715,0.116708551866621,0.579488654617564,-0.631658212876936,-0.623789580313945,0.229965466225281,-0.605918498513391,0.552721787464662,0.64663416484277,1.14790606255654,0.221692444302504,-0.612969842977005,0.600481310159788,0.657192503800799,-0.418417856388773,-1.3545740623449,-0.346366802801492,0.125545033400957,0.127283523731639,-0.239876325211021,1.38549642132565,0.14760519234527,0.359912519198684,-0.337420158540967,-0.697472756526906,-0.262014747992269,-0.231167401925446,-0.173585948677212,0.305590887077584,0.353619257716993,0.694133627710351,-0.0181113210969053,-0.318597378524047,-0.8353493980976,-0.068701882585644,-0.768017751362264,0.228911781809307,0.114613810759595,0.402172313505902,-0.442660051031577,-0.531968548445723,0.993880295454876,0.972133008367958,-0.361387747567571,0.606754492999044,-0.249873767087196,0.875262341989143,-0.447788274445593,-0.167032720012441,-0.0882725722157886
"C668",0.165594872323928,0.261176734346064,1.02503640324651,-0.940303070335894,0.11752097380554,-0.0392266073737362,0.060593163834929,0.413054756320702,-0.0299727666315689,1.56064098961537,0.921932100499927,-0.954435801194046,-0.154542989054363,0.232648207252364,-0.447993687119765,0.852931246823204,-0.469545490802833,-0.047562767060535,-0.207871027285176,-0.057619654873698,-0.0844341842229709,1.60961871351376,0.541652648932217,0.235859409544347,-2.40380057084499,0.364822547724591,1.18016884866639,-0.398699184598154,0.63497435663013,0.585432332547119,-1.41477306529108,-0.158077454071235,0.825589079139869,-0.489872114474188,0.406246705168771,-0.762532913253989,-0.0505167513180528,0.0140558169636267,0.320781566848583,0.189656752910386,-0.399133053751802,-0.789702562563267,-0.155331083079044,-0.407838870159912,-0.330742518515215,-0.193586910924822,-0.51917935188776,-0.189770060026257,1.10209470983874,-0.904495582042147
"C669",0.127002907035517,-0.900845568485706,1.1317905685108,-0.787664512578152,0.696595229880754,-0.177677269680038,0.209027847670518,-0.793121403304727,0.258225467698105,-0.147863120069369,1.01548403944024,-0.912845221609869,-0.642760427526621,0.422841355741597,0.361403392830138,-0.412915829847889,-0.532553338454506,-0.307288095285996,0.988134560515449,-0.157276403572719,0.670459471399999,0.516301701604134,-0.319938654397642,0.155726908938552,-0.336236369401285,0.759496434997909,-0.978301764673036,0.378666676367767,0.144740712977339,1.21580453465563,-0.198569431724213,-0.126576450774303,-0.472619606227853,-0.945658032197382,-0.469116828682263,-0.779099987648349,-0.0238270199860543,0.728550123820992,-0.738859606552947,0.280594929467431,-0.288959280467482,0.178085734725715,0.769454459343158,-0.447877917492122,-0.3648826978696,0.11487744283409,-0.390450378675928,0.31894256248629,-0.995432962228549,-0.966648860345586
"C670",0.623789265893438,0.760243011588576,0.0986139048573093,-0.154564213625949,-0.593471704144503,0.893902895774319,-0.923590860080248,-1.16618547743189,-0.89839635382035,0.318182495718021,-0.87068744927068,0.00311921423986191,0.730100361917507,1.62890052545442,-0.0126377601710805,0.00767855387697076,0.505791642065684,0.366279321465338,-0.528361663203753,0.306084424461988,0.140841130800264,-0.545947747229286,0.88114882818512,0.566612153571294,1.11916719201306,0.330819936676873,-0.332721421036997,-0.00830728215818911,-0.217113685840338,-0.0739358582938912,1.41523429722382,-0.0514025093055698,-1.00997565531229,0.380874225323801,0.267707604919618,0.122392349523266,0.0472115982836702,-0.678445207134415,-0.42133739525146,-0.130611831561801,-0.0523973818153237,0.555350489333428,0.995389166556377,1.13452246609744,-0.574306385478484,1.06612186269403,1.11021540698615,0.541820743441434,-0.572135491984639,0.910569045898182
"C671",-0.0341393926188231,0.716470943144357,0.103406411691196,0.552354486215763,-0.935215375259427,1.17818182860177,0.716487417936659,0.083813803519703,-1.0884865029788,0.934670302669417,-0.155884198509658,0.959079048973107,-0.433802750059273,-0.0437872477054303,-1.05022490924455,0.573168420734441,-0.356044925896092,0.37313091675896,0.0758092318870084,0.468708158614746,0.32895157636457,-0.106206711870669,0.440082889515621,1.02429293859401,0.0177330419079214,0.727891869584343,0.0451255145697648,-0.0892599607560745,1.0997990178509,0.315591970646145,-0.599384393893824,0.654277221618185,-0.174665528825785,1.34263173901425,-1.51907667595732,0.523144432281483,0.559435256300437,0.458433309959336,-0.589544015714287,0.36170071782352,0.328690688699086,-0.187934718167932,-0.480280214234107,-1.0193620195315,0.144799294949994,1.47338991154502,-0.976640727794373,0.0939001627356798,1.81038635076091,-0.281618298990261
"C672",0.580383097875136,-1.10030471126867,0.0874072127965556,1.04216125905448,0.687339011559106,1.07112167598616,-0.510455374160927,-0.173929696952539,-1.05482235623925,0.336228459981083,0.52970295732778,0.35850290512102,-0.389899634631001,1.1146454636698,-0.920047443691044,-0.612389667073546,0.126505628450895,-0.15707775456416,0.266737917825649,-0.16467840254588,0.530886741050986,0.118164305779633,-0.263241649962939,0.286943479453,-0.692928552208674,1.25744727233311,0.476354339605562,-0.316693632461859,0.587502225594154,0.433845927215293,-0.403217848520341,0.372009146881514,-0.319849590608112,-0.53741156738996,0.570557605584338,-0.89847160052008,-1.61026319870843,0.244201887951125,0.142094543736562,-0.354973491324731,-0.453987342449762,-0.423360830645474,-0.59786279034208,-0.235393354154616,-0.351493849110116,0.41069558321665,0.16344278033092,-0.0564869095132223,0.113766490659715,-0.213517726924919
"C673",0.734074687005786,-0.387756614711733,-0.104904194385839,-0.32236443879987,0.483250332935006,0.520880950349981,-0.119144794768773,-0.393125638305939,-0.216772688257605,-0.513308493573046,-0.976578380036245,-1.05318597544415,-0.635037590491935,0.197441375138661,-0.0979323266369749,0.0969446000670083,0.941816862676496,-0.728445781778801,0.313193262256011,0.156956202357054,0.310426868589401,-1.66734486845248,-0.252539593043055,0.350302406556742,-0.68651882371412,0.814625763552306,-0.0728215475250988,-0.00267955027106,-0.642544897191698,-0.538205149401103,0.751366775771157,-0.1506511918427,-0.234491784390709,-0.677686510103292,0.593006195454174,-0.622875180934978,0.339036461698568,-0.740131639238444,0.464327960192843,-1.10217958358562,0.0263221747580079,-0.027317828311141,-0.20609599125886,-0.270474452478599,0.428967669417001,0.576761453512508,0.636659437792166,0.26577911257168,0.976034744744377,0.352129839609792
"C674",-0.0267793052143799,-1.76263036922494,0.456650152303089,-0.361748657104356,-0.954423262089627,-0.667069597102391,-0.0185903057552048,0.112115120713603,-1.04433932410344,0.0792462861522359,-0.177350585372619,0.768133425482819,-0.272366578702246,0.10540928768451,0.411156048357685,0.0101897940597873,1.28234869953478,0.379014156769541,-0.151358593726079,-0.332566400543748,-0.979759111097538,1.03851106624509,-0.709575136995274,-0.0345580528642953,-0.47138453990385,-0.796720973080388,0.452179229625667,0.0904303255698037,-0.213026406923951,-0.190571715916693,-0.614206071981551,-0.427005524852096,0.502365653450925,-0.0724310853881574,-0.476439761178776,-0.406591482019765,-0.179801888169116,0.343455364982717,0.616457325708499,0.447584322357461,-0.299165413949601,-0.0544430842956761,-0.00073372134820648,-0.169501557040182,-0.101382044948432,0.341148035196779,-1.12583361878954,-1.06736934949119,-0.0845119100007571,-0.689922373312729
"C675",1.14110771061652,-0.574765088829882,-1.09233791195394,0.620683227915386,-0.298111229533602,0.17886870976206,0.801327589355174,1.29088603864548,-0.308064274292606,-0.124680332649632,-0.771166490354999,0.95853145068764,1.27792417928307,0.374385118272216,0.608890009664533,-0.698916331845794,-1.87328056310737,-1.14036651445914,0.93230166673395,-0.00633659775105058,1.12950086696145,0.20796568499168,0.336695283341634,-0.544556288868062,0.283571614898252,-0.213071947023013,-1.03564510823501,-0.696122047501423,0.922546498735382,-0.953095557906864,1.08330109672583,0.5117795987926,0.11139464906556,-0.458722355779218,-0.248497026048753,0.322459084794836,-0.0689588769443753,0.0527198475156212,-0.20970751060774,0.0222454779152743,-0.426630951513123,0.555058649136916,-1.44677916187279,-0.23945124080839,-0.0223751022150076,-0.532880066010287,-0.440468821213804,1.35327649288119,-0.0581337463495107,1.36758500838571
"C676",-0.40857720006968,-0.722565452842952,-0.644135462443534,-0.0742052144554399,0.120763901797833,1.15461137325907,-0.718580253327451,1.3016441373944,0.272446371331168,0.254345299415211,-0.422457768075706,-0.438631392712245,-0.00126420731927821,0.0598875146092938,-0.795038992332443,-0.0936432548786483,0.866222031967385,-0.347078392523737,-0.664600697248732,1.15116563084237,-0.643285027602205,-0.0448466367901819,0.151936992248128,1.23438073066215,-0.549342714243976,-0.0495078991327739,0.756769386977322,1.44295196762826,0.331335900948258,-0.472330830272745,0.434994786776852,0.02995548486846,-0.207745226095066,1.37336903339931,0.517452443217143,0.708209576206555,-0.494646973010644,-0.703573661637318,-1.28860568468519,0.343423531982408,0.41809118376841,-0.689594279229576,-0.403724344394805,-0.187837116351587,-0.797938671437394,-0.182795727216614,-0.712694554301604,-0.148448892734937,0.0643729017406845,-0.146207966413105
"C677",0.462040667304561,0.248549750205872,-0.146120138511304,0.142271790051292,0.934262963546366,-0.530476387765628,0.408633081164569,-0.373746092302268,0.255913191672156,-0.669105303400608,0.0794926208327751,-0.658690077789585,-0.272033509701482,0.0245122092389747,1.40427903158412,0.0430164446024618,0.312597385356732,0.283983816928131,0.518706720893503,-0.642655664048616,0.0460255911144342,0.202867083179348,0.0622733830917622,0.775171079883444,0.511495520481106,0.363840694479913,-1.78152542527739,0.0789286105721976,0.754795856436425,-1.11806038120931,0.12050525154772,-0.533038637518496,0.352320386007047,-0.597970703456878,-0.10048873939225,0.80056859648013,0.0587722276432948,-0.164350757233294,0.15901939420417,-0.162959361864665,-0.198621871380727,0.984401011940169,-0.266898918367323,-0.0608919273257751,0.365439445410489,0.63101168232105,0.105085071347507,-0.88364053171599,-0.995473158989727,1.08614466108997
"C678",0.887337659951944,0.25741584640218,0.467609271866138,-0.869117406643766,-1.1479638996204,0.182151953839831,0.399117729537438,0.201406124916838,0.512764841390927,1.19126227395704,0.167446400042457,-1.07557765638353,0.789980144921372,0.186418334861222,0.0239524511229901,0.579857290566728,-0.591392150988029,-0.336828717163497,-0.15228132735874,-0.894209404965072,-0.563439523382381,0.484061306339617,-0.209144542621041,-1.53406970755371,-0.275254156576192,0.517966946701898,0.268708751496841,0.0587941908405304,0.174037762013096,0.13551546790851,-0.762305662067356,-0.348790369960412,-0.476670904744222,-0.185034911737167,0.732813653755105,0.0975761789813719,0.606429980957879,-1.15895075887111,-0.172054388816714,0.506684973208532,1.01764477999507,-0.549912760273254,-0.267483134385957,-0.37539616278501,-1.49234529477842,-0.456019828739248,1.07929436967009,0.513821949526866,-0.741625325266811,-0.098290289867587
"C679",0.623186564949178,0.349967038672788,0.274315948150676,-0.286215151274451,0.49451825325406,-0.388023427373779,-0.664883390662144,-1.42412268681902,-0.518897032372348,-0.765267322302712,0.298961667529037,0.410718416311563,-0.568845891839464,0.138424508327979,0.864185101682678,-0.17907134522114,0.613008315904073,-0.799637257461734,0.050177832020975,0.419676713410304,0.301717213138225,-0.346853591227743,0.0432995986120876,0.523496863805206,0.532182656126212,-0.45374240687938,-1.03801389285456,-0.00324707240180459,0.828074547128754,-0.567634608783368,-0.0015666112721547,-0.0388491619713991,-0.751462155979399,-0.116158198455123,0.731944023452651,-0.489051084011919,-0.397950503318459,-0.681839474904143,-0.154498610926812,-0.0240454304514868,-1.14484419914416,0.705595041404859,0.220922303461456,1.17922926003454,0.0316230310455145,-0.615700040699398,0.651506724019703,-0.258433067442508,0.531108983013052,-0.192470543705133
"C680",-1.11504187186288,0.594446353291976,0.229684810488447,-0.977216069161643,-0.462590689313689,-0.55324082537417,-0.432929307051993,0.700334129525424,-0.394303217052122,1.0857248945602,-0.446748505137667,-0.0475932437687707,-1.0372196741265,0.550712610026971,-0.0129038462238538,-0.89357571512969,0.267950778819042,-0.341406828559599,0.0161469700512227,-0.228451036930706,0.116807060782088,-0.607592555489384,0.138336812250653,0.128292614367493,-0.26654021649387,-0.484145942372109,-0.168704600969477,1.04029143618864,-0.422807800285957,-0.171196473899156,-0.822567062163526,0.349075451509949,0.538254911895887,0.768568437131015,-0.583457807581733,0.24996960011123,0.756110083721516,0.152644409597268,0.126931437322338,0.380797683808755,0.138723822746185,-0.0707552441708326,-0.703466710873494,0.509560916788016,0.647951557321514,0.189531450374515,0.468500542879842,-0.262150825516084,-0.140977930207529,0.334582022655678
"C681",0.228857534248361,-0.696778901525887,1.75603688316593,-0.807877991440567,-0.268163563666503,0.772623137280131,1.01123507676753,1.52146893855745,-0.397026788016143,1.26294443304206,0.713439844980407,-0.505434671453352,-0.737352984845086,-0.563507924470351,-0.610335652119288,0.0248611980915635,0.158589019954498,-1.08563978952187,0.175275042073071,-0.27365657260577,-1.33984539996741,1.11507191783277,0.055331736858966,0.367197931306036,-0.167496117637321,0.965707515645977,1.23141140048423,-0.785295265410532,-0.0257611678206374,-0.0973816357185059,-0.699805771004762,0.269533664101304,0.572068229878963,1.54893876825716,0.254168003245957,0.156088768491367,-0.699416658664361,0.701936964986133,-0.389098537451372,-0.197526956530659,-0.122961729714293,-0.927646885672896,-0.363222347047169,-1.26707053529662,-0.0701278967989373,1.14633417952938,0.331341327768882,-0.408752339809331,-0.414835025168775,-0.91327876215682
"C682",-0.950595307689679,-0.855735323999453,0.129163363231076,0.162060204181203,-0.5100522024273,-0.858340093415373,0.0106300882372826,-0.0752991709463522,0.378176884399508,1.01655597211791,0.821358526764918,-1.00803553508782,0.723157570654365,0.0357955261192716,-0.606043147036613,-0.550051930779605,0.130755720101198,-0.164035136484979,-0.0656701840367073,0.722147923915613,-0.185655739682881,0.104221428063143,1.30048646758971,0.264502107905728,-1.28204952155662,0.0233305223712564,1.19320735407264,-0.890301869754596,0.295504962443297,-0.20410539732045,0.125959356928427,0.753349321403691,0.089372254640515,1.11022221639199,-0.213670543204913,0.519374008041707,1.10824539322598,1.54449685348055,-0.762059064095024,-0.762800501129756,-0.954463865651996,-0.0341811674252721,-0.226755962637566,0.821162694703841,0.138480436473128,0.119243274202965,-0.113749655874715,-0.267789565169916,0.416759932557471,-0.853626305357484
"C683",1.11632802878967,0.224784545255553,-0.396230091940809,0.155682712031554,0.367595508444921,-0.102723524774675,0.768688693697492,0.88325681987612,0.25618882891674,0.541043521480653,-0.218017308463956,0.548013493617273,1.04626759557751,-0.637952060953475,0.327004722034627,-0.283922842497671,0.758747253671348,-0.342717915909332,-0.39710445803411,0.369653179107103,-1.40032297940726,-0.891526089091303,-1.01272136513545,0.0840413787352181,-0.273997868647164,-0.949383146251134,-0.0784791922052347,-0.25857742059741,-0.875380573879594,0.00405464784428339,-0.0150571533159305,-0.36719834113588,1.56215037682324,1.26638130830431,-0.816940951731892,0.940767050315531,-0.592987667964269,1.68213638983694,0.013737198419322,0.21889653764103,-0.107376038905816,0.338572519869555,-0.075873490273942,0.385560600920283,-1.80874407632647,-0.0158588882545062,-0.201820821258408,1.02848738016216,1.42322172295698,0.117645582483779
"C684",0.160148935595845,1.06461598962909,-0.121290843077705,-0.235690062642282,0.254020316130928,0.847237593806369,0.368757277605957,-0.561027563314701,-0.215762109612341,0.0972342076402339,0.513525250818209,0.863142817699174,-0.0902721989051601,0.333040646805268,0.851636058567817,-0.258626788707363,0.310376191896122,-1.04432428424488,-0.565413937402629,0.319721009258402,0.0257019918185864,-1.4763664477756,0.354219542955118,-0.1030476487643,0.938611791929506,-0.058056041638937,-1.39688357926665,-0.533998531476075,-0.387162915638899,-0.0593900198722482,-0.0712697428808309,0.66302216377144,-0.29264103813687,1.32893330449126,-0.630727092999399,1.33765297559276,0.984926877496543,-0.941232403005965,0.491740285208058,0.96491557539649,-0.328593226093561,-0.395895608855887,0.632795043063915,0.165649145443358,-0.0299272960010561,0.252368507480142,0.892064658799835,0.050595840415867,-0.402205123072735,0.691023132255272
"C685",-0.186804465251547,0.15323575821428,0.255759188749266,0.135887863224623,-0.44556062041129,0.109180281249296,-0.46687825316662,1.00110780071698,-0.0104377794957164,0.588377817651943,-0.500307387940992,-0.32964394229437,-1.07044011768349,0.474475460715848,-0.410205931747723,0.687193422950876,-0.176347089933224,0.424524675936049,-0.000526118261021448,-0.842509612294529,0.936127237025506,-0.645507838257297,-0.862451300526944,0.31168835302149,-0.206452628780794,0.192009385526615,0.159125072119848,0.567066442013517,1.55972565676549,-0.0812267143793993,-0.401799089575352,0.712302735053635,-0.166399004166945,0.710200178663721,-0.653409138690559,-0.333572450903855,-0.215220033920753,-0.0240140262815668,0.617242470690137,0.056684483461555,0.596054991628287,-0.431934144270697,-0.965871079125843,-0.147059604958873,0.323496118701059,-0.198423858469397,0.0246655879303756,0.653889884184008,1.24868267642524,0.309333794717374
"C686",0.274614815600956,0.125440343262678,-0.370130008768172,0.774727367598423,-0.28035222480198,0.737114220610072,-0.569111330128172,0.349431753963763,0.214929555394437,-0.875701614357078,-0.0304323805331273,0.251863645120343,-0.875348851324541,1.39557755285301,-0.107030454162348,-0.722344841547746,-0.971377087480301,1.08344690307863,0.407796024931056,0.744782158431674,0.991938805786773,-0.241283711445037,0.929242786677078,0.77111087480651,-0.481568591910093,1.5699816147239,-0.364923961904667,1.60520207080854,1.1832076609208,0.956015759304778,0.509354196381978,0.990854231116685,-0.170055677393462,-0.411570212746117,0.204418475523385,-1.04354835719107,0.707512345592762,0.234166308935517,-0.0122823918340345,-0.0112268273543775,0.182309097215788,-0.673626723100775,-0.436879864341771,0.166337206582987,0.686096949377876,-0.286682024489531,-0.68835192527954,-0.49143422930762,-0.173119013374209,0.65056794118879
"C687",0.374962992155788,0.0744835068978106,-0.666949236519254,0.0510727718146004,0.80641822813093,-0.267273699590879,-0.940414477073045,-0.17679693129952,-0.871047755372435,0.331895520072739,-0.392965241710785,-0.125400692987416,0.0191429814055828,0.477395296094554,-0.734756543472049,0.0675805113177434,0.0152189713587886,0.444923248131531,-0.302788908620153,-0.6519851001114,0.0654863268700036,-0.50925009722303,0.353440335017098,-0.40133429865993,-0.17980195453893,0.500706335164263,0.420818101535438,0.10145703470249,0.569029399259282,2.36050731609672,0.0157687738928229,0.647361407392246,-0.474423180661007,-0.551483379326296,-0.679790680238431,-1.14851962832591,0.358768105600819,1.03555369980038,0.734367688114836,0.141469795568854,-0.0749541836922149,-1.25704086478209,-0.178740124589702,-0.513335692167255,-0.27866358682935,-0.666228240099757,0.177357050762727,0.282538651174602,-0.104649491670619,-0.810145809540483
"C688",0.439811839680356,0.0913748203148708,-0.49091946068861,-0.0642397399460503,0.117575446574006,0.334621561715501,-1.46298293506474,0.657902668296464,0.568146309948417,-0.537727599564084,-0.993466240219331,0.372706496626511,-0.66942843785995,0.572138381095687,0.105709588079736,0.108817308699388,-0.208369242872137,-0.484558576278925,-0.826255758214339,0.0710599725558256,1.84382718528149,-0.911803819746209,-0.60195923326649,0.604260107148118,0.409645378300024,-0.14818567270427,-0.82844789180966,1.15990146741028,0.718697659779191,0.157323559831977,-0.423978247893293,-0.0313927645101256,0.471742669185889,-1.80140389743145,0.902515997154997,-0.212707944172509,0.218715326194863,-0.49942129746084,-0.104387477568084,0.551053596180303,0.381434792530157,0.0411790368315818,1.16114752453299,-0.526365305444797,1.63513326484014,-0.810758215576816,0.378960033818069,-0.327477358688582,-0.64160907491036,-0.486475296017523
"C689",1.22680522355767,-1.45541308799348,0.90826017261209,-0.824753962746996,1.28700455674172,0.231618540974627,-0.00404111951399262,0.511112440658812,-0.208163322732575,0.304588531947338,0.633722078339871,-0.236658336800125,-0.462641494580267,-0.674696835252171,-0.63493108234784,-0.504489223632277,0.310629457904266,-0.614166587627241,0.347141324948856,-0.459699454476244,-0.569276692137009,1.72198415784295,0.750933124820692,0.154935252196553,-0.643097339738924,1.44312858704995,2.25953955065326,0.0577680847451889,-0.741885172862324,0.750052136685583,1.12143459758467,-0.35020105068513,0.0261296658361389,1.85618308812797,0.450349903140558,0.582085974229244,-0.224809402361781,0.531764559332812,0.548642154392656,0.34698821278194,0.849007808505793,-0.886509770671046,-0.850729247314831,0.86928722872965,0.080977807346316,1.80968987575516,-0.465126396290533,-0.611640354897476,1.75619620831496,-0.759929661538283
"C690",0.958035956288474,-0.633751953985526,0.946525874416726,0.33036219752594,-1.02337717192936,0.459824201081201,1.24649020172915,0.168510995886049,0.455718377365881,0.368004796988164,1.17457926123666,0.0214696435357595,-0.754057835756608,-0.43101157679649,-0.655058040767571,0.0916694973672484,-0.188975835934068,-0.0377313310983138,0.235611927265536,0.201485957825116,-1.67155637792174,1.37203512298303,-0.130084827255277,-0.454923836535099,0.0764653218629719,-0.193765514930047,-0.354089726796682,-1.54814847427361,-0.450052651667322,1.86402778757876,-0.113573679784664,0.426966912663096,0.537305510430661,1.1696105352566,-0.948880853144696,0.00629000334941942,1.41256967427575,2.07480483735052,-0.133201054879421,0.112532397906506,1.01042966057756,-0.268104608401328,1.21573949125127,-0.618594091886785,-0.76471859051966,1.16358518999897,-0.848084783797898,-0.519837173890766,1.37144756240698,-0.837342456662479
"C691",-0.887845012692212,-0.640176779165099,-0.187947622322608,-1.25648150330856,-1.29283817586011,0.0878550363552587,0.657668136421209,1.12186599819742,0.22073663966966,1.65638712799827,0.749433368788583,0.299428760039391,-0.186137774807243,-1.03133890924708,0.880973913614166,0.220638133532357,1.14646006039395,-0.422828933188626,0.745106939089154,-1.00890318111832,-0.137616319458306,0.706993498962559,-0.435440820629009,-1.46103486620552,-0.081105307262665,0.309969809605189,0.349414065673204,-1.20489523174634,-0.891650846688966,-0.0808488207166271,0.609487305866482,-1.12421829727194,-0.099495241329095,0.275846512631067,-0.113613643084043,-0.684065812816013,-0.0332582412017722,-0.00910301487239367,0.524422389659665,0.672544214389916,-0.727042244518077,-0.123946699410342,0.805124032898078,-0.0030964514807856,-0.225317006282167,-0.112249849396964,1.25535255857526,0.545372567865781,0.0201548602551164,-0.15739755128523
"C692",-0.134832189871517,1.03034498428549,0.877650105331309,-0.0931173662376309,0.177848926588768,0.362867055505714,-0.9701085271714,-0.0656140327191066,0.446395967649455,-0.00443246303825984,-0.325381534069988,-0.0573820163554309,0.321530617403412,0.674674696539911,0.47093842369354,-0.0271630745560566,0.53386911604719,0.758675123277097,0.164302512487826,0.397217466535026,0.0219074379523488,0.420942067048369,1.35534716387229,0.619788694108858,-0.548374113091232,0.464684071424873,-0.159034244002063,0.243092526258365,-0.31287137407147,0.165113371166514,0.0551073615973873,0.0160975197676206,0.532426871971295,0.883533354288701,-0.0182211011471203,0.234346640049008,0.0454327143343972,-0.720599166660558,-0.229382726728728,0.220766037062151,-0.574632900407313,0.495072473693247,-0.14286495453942,0.620658374031172,-0.972421923574489,0.69863372645246,0.995569246674595,-0.493733935952506,0.128748684814946,-0.272438347150982
"C693",-0.577981122195847,-0.363074715429359,-0.477004732977899,0.168882920749725,-0.694354714022786,1.10087286610447,-0.133646056670369,1.45438150436183,-0.770506458129616,0.57332697916859,0.993623539131558,1.13807857002089,-0.469138451559332,-0.469727421776083,0.55636887501637,0.628859755554107,0.451796748229099,-0.401978913495875,-0.456066246356257,0.581939734078172,-1.49959554081986,0.45056032161556,-0.450428971713785,-1.03930214161685,-0.77163581524654,0.319827896897123,0.278023901850037,-0.357253070458824,-0.606734717744214,0.398525251222206,-0.884475808183035,-0.58123463483119,-0.218886851590366,0.607750019510386,-0.527403795891916,0.887998468170901,0.668802169724208,0.728209229167732,-0.164830968810999,1.20546969920097,-0.399357756154604,1.89423559313304,-0.871878335045709,0.157965866589676,-0.710158474750838,0.581020037615194,-0.169644642827454,-0.310532632428076,0.121131916092714,-0.400666574584817
"C694",-0.930337896942999,-0.127446844754724,-0.0602226825829456,-0.655848786900475,-0.421191729563492,0.552153839505457,-0.90828690321953,0.244036169840991,0.690077660972453,0.933647942778348,-0.0284702959179456,-0.204069434582288,0.173412056134558,0.114797535923222,-0.267835724414461,-0.157144439865279,-0.215306848678912,-0.658781843012944,0.220839243447995,-0.147523092838427,-0.954479649592162,-0.261121496767705,0.133476149351031,-0.355757316813287,-0.723249371557387,0.627431437651179,0.509260091703432,-0.482719613322305,0.219263152200791,-0.746431823896284,0.111831905478736,-0.106366002023943,0.275762546827334,1.41077646593698,-1.14782473533259,0.370450901827949,-0.000476794785595008,0.00977346892676066,0.58951014357311,0.431438674379207,0.79548309492446,-0.894229226728605,-0.26776939050824,1.20735645489357,-0.513962277288981,-0.483464124738639,0.469471883391239,0.217851200524283,0.875621155107796,0.710186576924701
"C695",-0.369522520432763,0.607941233603656,0.22797552240302,-0.0999251019528469,0.308227920749689,0.400087037197285,0.630527949341499,1.37991523296887,-0.240675117155237,0.370790882885277,-0.0354145579277732,-0.608465158915115,-0.0460305049776067,0.756571862625119,-1.39206885169158,0.211633912401669,-0.236015507760938,-0.217454861411511,0.0160071004318313,0.229736480893527,0.900523603732363,-0.440297478705174,0.8504215391165,-0.609635460944519,0.12235593801279,0.888957996174061,0.675406487188598,-0.0453631664705491,-0.494626017097627,0.104141921736476,0.401990619086985,-0.10401031873934,1.40689753690115,1.59820815695023,-0.847611642698453,0.860532189945889,0.356032307744812,0.310498201528651,0.283265801761599,-0.202352995440696,0.302904498374091,-0.820532382251703,-0.260171987915333,-0.0717145046923222,-0.419352626825737,0.934704697211235,-0.426551840454984,-0.0901457367112575,0.800111244843091,-0.479149491008059
"C696",-0.402269449950486,1.27307662106484,-0.971167702426382,-0.00606909563787381,0.227763264658678,-0.92143834335765,0.2206848385858,0.64239897932796,-0.541816397615422,0.652591079771492,0.470774550602865,0.653955926275044,0.29214265426331,-0.337019866894781,-0.705830679394927,-0.171159859135252,0.350240421103107,-0.620655343601989,-0.198450664590814,-0.14043360211123,-0.717959393194074,-0.0230849836737763,-0.205210746253167,-0.622850533315903,0.738041284111611,-0.557389447143965,0.0642759926997048,0.025591198348619,0.404134582023748,-1.44104307679683,-0.116147372112476,0.655371841671774,0.0843808832154964,0.502144961314684,0.672628510656212,1.3932942908066,0.562309435058516,1.21468056251893,0.888553427131692,1.044909729974,0.488136439572914,-0.522381647845777,-0.0908444353932612,-0.834584951419321,-0.228961069322934,0.087958077636075,-0.596960464844571,0.339373573742703,1.33709726286995,2.01879125880307
"C697",-0.05095386031588,0.502633036801104,-1.02305185821147,0.527821406352663,-0.45994744269071,-0.642858451671154,-0.65155135836225,0.613943251683417,-0.294704179879369,0.8923309729149,0.352172325727642,0.609590819417453,0.112807731582841,1.80139855040999,1.00571912473329,0.0772656585401381,-0.199160527093408,-0.674885472078194,-0.640157454165273,-0.0663076984254727,0.791721315662732,-0.908824770784699,0.16883197172716,0.875146131442498,-0.08482953036927,-1.17630025066459,-0.521941733550827,0.509390994957965,-0.180596865384345,-1.42438116316273,-0.705123271636616,-0.283100128892172,0.772809789793876,-0.0518167567031189,-0.054992681356268,0.438148904606862,-1.24574683537399,0.447295325721855,0.849719690223896,0.785183972341146,-0.598827473900921,2.33464368278902,0.433234539145581,0.0265817889607685,0.0877269990625494,-0.886053124204523,-0.164985718369052,-0.225239473181326,-0.702610770286665,0.376431559766005
"C698",-0.838648056274219,0.428403394645712,-0.633438140317121,-0.133301609005553,1.1662828486015,-0.0816285549106613,0.493579494297376,0.611975704690638,0.96328041498052,-1.14530632771134,-0.611667216886535,0.719284825873987,-0.437594400818323,0.548056720505284,-1.04794630966793,-0.571718373023254,0.396763676559805,-0.916172818379549,-0.834783089121122,-0.0911050617425444,0.800288976594492,-0.426237024523564,-0.170494214362386,0.366403155982721,0.968735210645369,0.682527297290391,0.377833679464317,0.398420925858638,0.544904110214856,0.267964435925584,0.0781224029457913,0.323935731120297,-0.816362024795082,-0.320846401766921,0.302716177650153,0.317209479593127,-0.324763428956655,0.894936044950015,0.524916984688321,1.11229528909032,1.18256583409682,0.845982220235253,-0.581217890694675,-0.0143375051551701,0.324781495209513,-1.09325704565138,0.0296658642528383,0.406519838893117,-0.244319733506792,-0.0530861595152977
"C699",0.0692222595278818,-0.633518918201521,0.203429523500617,0.037786574799501,-0.190672335108586,0.0253815090946298,-0.117552052775372,0.132920707069569,-0.11836121485148,-0.357251150588825,-0.354819699510896,-0.482995486759164,1.29170728654846,0.12649618965895,-0.487121376442772,0.329608528798959,-0.310005350951486,0.427457084661574,-0.955946139176789,-0.100474965014351,-1.28690793844795,0.488865883040259,-0.0718814024356712,-1.01202730538381,-0.880809501124973,-1.71907145256987,0.246773098108621,-1.14312826915603,-1.68178768442578,-0.324651610514319,-0.48452220064741,0.144817643354779,0.99207938338204,0.0901077870165359,-0.134123803171434,-0.562771864416681,-0.417132917191264,-0.223176939521898,0.0921420112244125,0.376100285000726,-0.66902988048289,1.78326601368761,0.59156201720002,0.547059360792047,0.40020891237306,-0.877181854883845,-0.656828135527887,0.172703048282866,-0.289840235633556,-0.186475620217064
"C700",-0.0181546691560812,-0.941115626224281,0.0465483367930445,0.100034964653396,-0.164017901847683,0.863003800130991,0.504949039245556,0.926750352215611,-1.21455517328303,0.361270080121963,1.72259949170835,-0.435331816403194,-0.36364838042941,1.43727622335404,0.703995722730243,0.434009463750288,-0.409534165989628,-0.459614990096252,1.49065166942166,-0.240116071550922,-0.297792491698796,-0.0707190473162461,-0.129551963385678,0.0803785164863978,0.757692970353731,1.08103274327462,-0.105059614722748,-0.46989119269092,0.203807874241805,-0.0323791141232811,0.26614670239619,0.777815325612017,0.991232544559126,-0.430913660875099,-0.00687276485273173,-0.505940922320481,0.160438864739453,0.115861972801281,0.0559905460514581,0.138363935259524,-0.761705112952664,-0.904952340554429,-0.182685557475289,0.279520853163369,0.187704329904595,1.87864996255345,0.93030649076601,0.333346976693316,0.323939547548694,0.412957697496503
"C701",0.128882968910017,0.211495726456488,0.965105929378634,0.587945676735213,0.340604345728541,-0.817188156977798,1.03928064758207,-1.37735333504426,-0.893695902816019,-0.466836918271655,1.04477518154747,0.464239070398205,-0.0242817882323038,0.00618280838206599,-0.467116537753426,-0.308708097900705,-0.177890717549307,-0.299585698122927,0.730943041747369,0.697754398654388,-1.58956112803962,0.305369497536636,0.248403182865998,-0.331237991996151,0.700898015420524,-0.0430089138581975,-0.37901336202724,-0.808494823910723,-0.828061642764928,0.167692278050018,-0.624943059028726,0.439928911907169,-0.852439188464576,0.109220266989648,-0.0859550931033912,-0.716511898535989,0.311581429730208,0.0203702395678831,-0.389680398623204,-0.124665150151142,0.426483806168635,-0.40224804576458,0.319673494690306,-0.440650991305938,0.404165704898958,1.05857761684918,-0.167320987168454,0.398854045118939,1.4646349140401,-0.484733960214542
"C702",-0.261540726181705,-0.41197209241694,1.0400544846849,-0.133834867947571,-1.8052837977037,0.733877372111724,1.26104782680462,-0.699352644659085,0.838326588778832,1.99170089157576,-0.500355113543468,-0.205140409755989,-0.426512058051671,0.185574696886748,-0.622341789721334,-0.630749997118305,0.168032175046819,0.226517940316563,-0.0176608063847445,0.157091001011559,0.0945925723266223,0.822942116680926,0.22119616772024,-1.37003114510649,-0.294402666056029,1.20708993169974,1.58239532136607,-0.965503056533619,1.08276453137183,-0.487136380182934,0.227131753978729,0.273313186679802,-0.516402131931593,0.55149338854627,-1.62521958967471,-0.129117374973205,-0.188416357735875,1.04579847487427,0.0959121669818855,0.686431930409967,-0.042070333316157,-1.24479653477065,0.0606928495370438,-0.320656108533081,-0.330587058587383,0.219601218059893,-0.577183283326752,-0.215259901436319,0.0381816913450708,1.41036268427074
"C703",-0.601299755286828,-0.511709631033647,0.3250717151152,-0.000696535051274264,-0.0638057283607617,0.494555719852038,-0.00814777412713783,-1.40224368044619,-0.914341214096655,0.212638620444632,-0.373214982293998,-0.0632556500719317,-0.52892069090232,0.900115223707827,0.821843829565594,-0.329313365818822,0.401868995613791,-0.396709337705939,-0.496988641985651,-0.0586803198653634,-0.046297536259831,1.47125065349031,0.684219839333796,0.161330994255114,0.418424623936338,-0.885686492483444,-0.86437549567999,-0.246822816483148,-1.13506071153747,0.259432352341593,-0.886632550794503,0.0765662025425944,-0.598239685719989,-0.100137254663806,-0.248537330349007,-1.477268139134,0.538282220757009,0.279616097168478,-0.134670681845598,0.283976658265495,0.305399607661391,-0.246040609535997,0.0139171449996011,-0.192459319360189,-0.855464001261712,0.062229609237044,-0.229788324089682,0.607813184289469,-0.183623120453651,-0.142520403791607
"C704",-0.608352534639292,-0.297517986476491,1.04382099447051,-0.714533766538759,-0.23911608638047,-0.852165974475258,-0.170126998454823,-0.58829331707146,-0.0224734599796509,0.478798533366505,-0.25109322200851,-0.894884990986466,0.30720006498065,0.608928861124021,0.40677780683875,0.0866905745340092,-1.03493686210787,0.014555287482297,0.0639410983075184,-0.916083969897817,0.772661941832737,-0.320795626602029,0.0156704073456879,-1.12686701081625,0.858667569721387,-0.079899482487732,-0.88667573847889,0.558525631851724,0.682482030653586,-0.555582238181508,-0.170098381996986,-0.0591821740268587,-0.615240219662488,0.168967522258272,-0.700797227001012,-0.0111736958823057,0.684722562220047,0.219310461493248,-1.18957850540268,0.523274585814165,0.0265946215712801,1.141134097564,0.907951081708695,0.298193838278532,0.986702718094907,1.01718381905189,0.758524217916281,0.37429050021026,-0.0671805337384854,0.693126848222602
"C705",0.6998023555285,-0.675988225513865,0.539428930281806,0.737409687282115,0.0826100562965692,0.0641105306189889,1.55499871639745,0.630257720734969,-0.433618499094846,0.386987348503714,0.649128304882869,0.346219081812659,-0.368951782137542,0.514051965453683,0.488396921514111,0.0647007937835316,0.341604370894783,-0.322641068830201,0.393590748188202,0.589471427860166,-0.157814504812142,-0.351317894818601,0.534669963888329,-0.175680174377865,-0.324370179638718,0.60729379839236,-0.726291301982212,-0.114675197941247,-0.538293326180053,-0.353690139037634,1.03978422860388,-0.510918837051898,-0.519254717757016,0.695130385723433,-1.06323199659193,-0.50656374567726,-0.0371720384731436,1.68586907587683,-0.689142132089224,-0.431558201805791,0.455123695465619,-0.572324806902881,-0.324682684988108,-0.194101644468627,-0.732887736833245,0.547589599639733,-0.0871849860220154,0.191525598913169,0.917132377822858,0.296575094528796
"C706",0.121307148940853,0.702905604650673,-0.29001461379072,-1.12728166840868,0.206486480265468,0.188347047503057,-0.141043225262412,0.162021442316571,0.459543487192745,-1.2682646382948,-0.023027605315308,0.00397443179468206,0.0582211176859772,1.31537404106036,-0.0777985937640085,-0.327056624381825,-0.95166911822763,-1.28443481105083,0.00843585062344539,0.839164860174555,-0.415926145425821,-0.0252747826183202,-0.0997365706706812,-1.63650864932343,0.651948146309379,0.129812693667106,-0.854214452762106,0.264634584355925,-0.255477508028745,-0.293121912546212,-0.512071055764628,0.619793736954128,0.321099446997859,0.0450163969827006,0.472281684771024,0.350457262382738,0.453938197630575,-0.702463312552113,-0.0985823911297272,-0.434513671237628,-0.400257492704503,0.0274889524433605,0.00628314141717619,1.06583829958591,0.146135295649267,-0.484312587357692,0.609039586467551,0.0614466448015475,0.178810812471464,0.81272752061415
"C707",-0.022170128392605,0.347562448652926,0.736604581739722,0.254386797292176,0.0474942433844889,0.0781556319573336,0.283398649641809,-0.224186509007433,-0.290586811773704,-0.270966532831391,0.576556853607204,-0.193479970668294,0.497005756356951,-0.917555317084002,-0.5714057742366,1.1281681694261,-0.280997624025778,0.445824916666623,0.174459175439118,0.0146509767709489,-0.40650093023552,0.588190947106804,0.58519762842008,0.2107319393454,-0.211606710327614,0.0327749329468961,-0.400782131797966,-1.61052817262957,-0.487119124704398,0.79389713695399,0.105283139844507,0.290347442058706,-0.342526033195605,0.785074902692689,0.869763220752928,-0.498172698716197,-0.991672302666787,0.0489091247917149,-0.160658937329045,-0.0827897615119715,0.152470389197423,-0.328681715186337,0.319415466656532,-0.443077278877095,0.968729896476811,0.253172382040127,-0.634501388245293,-0.494962167738008,0.830092765282902,-1.00390732829298
"C708",0.298405989016331,-0.665355799196097,-0.409129702833591,1.08791044348746,0.48249512211209,0.748060847209172,0.0458283717766633,-0.0588973803697049,0.570872544495052,-0.35894815495381,1.31472718655396,-0.0873843597922545,-0.158584627609098,-0.563334075110356,-0.514041560656409,0.236006200477499,0.805929539200988,0.300650410741658,-0.396990366994685,0.204497938737716,-0.978742416573312,-0.252867708719674,-0.22570031958424,-0.756007033895142,-0.00386209512309447,-0.473946792314857,0.334207742698326,-0.197199395444894,-0.62650102014587,0.272408514362942,-0.295457457148661,0.324233625164166,0.503892339108376,0.00741499464772404,0.403318911118988,-0.441467445409488,-0.554310459286816,-0.752696594653554,0.141710809358011,-0.198121019758931,-0.047963922148312,0.231650766598256,0.770246259565128,-0.438298587863087,-0.814396337488511,-0.993505626786698,0.0839644548896965,-0.662926498587868,0.441631044502979,-1.21610412017532
"C709",-0.378292315506231,-0.45722302378179,1.47182206285608,0.648629966084831,0.175147986254471,0.105279442361298,0.690314650834516,0.221446315597103,0.216444278181826,1.0368746910498,0.376098701727279,0.75400737125593,0.069155014828013,-0.454634024675355,-0.663085865700504,0.272652669402085,0.442799164416434,0.171079701608459,1.00397597263039,-0.261605209336688,-0.545972183385163,0.229123956519804,-0.197435356112638,0.732710892002854,-0.48295260935557,0.48868918106847,0.75148755865146,-0.132221573861004,1.17065504537207,0.62800451377735,1.36007209362225,0.15847747401741,-1.09555222863715,1.06182783754642,-0.197691820099508,-0.720658877890837,0.597720099691073,-0.759440537885618,0.168082625536554,-0.218696801113102,-0.00504376138291175,-0.980625887982953,-0.774343023780248,0.164522703489026,0.368056120800943,0.950723004827901,0.400523708420733,1.32032805445027,0.250985319432317,-0.232509723616934
"C710",0.000264015150938017,-0.153540642855274,-0.0769757469211238,0.244813687225348,-0.855698220404658,-0.29117987402821,-1.11832208360051,0.0552173801914097,-0.345959592739532,-0.47574576081386,-0.477922825491832,0.635599637018657,1.43239806627094,-0.514600148294055,0.476456829892645,0.315227919800396,0.0581185391325265,-0.128855516396976,0.578303480679586,0.620044620999763,-0.489697655426159,-0.666421589852583,-1.17221665697207,-0.451549196679051,0.277460191646004,-0.763472325860105,-0.890356973104227,0.707000484129952,-0.192690209354047,-0.705074119049703,0.114059806194474,0.470307536387174,-0.397355051633162,-0.215533282731038,-0.140768502460778,0.137647557429877,0.0812303276418122,0.60935985191016,-0.362611830774144,0.984401674438694,0.523033510187577,1.0880685873072,0.603102950854193,0.0831406129134994,-0.796090462748254,0.376112919486318,-1.14945032062748,-0.421210776586507,-0.696820947899975,0.440075575865816
"C711",-0.233619278618576,0.468209559937247,0.387396173846007,-0.750748271944128,0.292381658193347,-0.567234848205129,0.416564345420654,-0.136865235400154,-0.477575263433611,0.294927940358021,-0.547607699108578,0.0799557903270391,1.37801663813828,0.869514539153913,-0.0153599827473942,0.081334777050468,0.336753533301434,-0.061982304705694,-1.31141800378706,-0.978679957901156,-1.50179304800426,-0.263572035404372,-1.07753421834117,-0.149947073814347,-0.177538657088699,-0.471628511913727,-0.0789715546092977,0.528558281128561,-1.2319484667223,-0.623524603910694,1.11585801873079,0.495085529819247,-0.439439361952638,-0.707564180779229,0.189727826579784,-0.564602488928371,0.121467753956825,0.850695812733891,-0.553368524486453,1.59184123772078,0.539056474275854,1.25551974284128,0.891755347597901,0.836494731912416,-1.33883365771388,-0.537361527022899,-0.543251580685932,-0.607757050415277,0.425375961255385,0.610448581344329
"C712",0.0341369714391672,-1.55114412684587,-0.0700219049585179,0.65255717114427,0.0408802499468299,-0.369498826214127,0.977106947260018,-0.0763170962308846,-1.08278998513125,-0.000264896094439727,-0.440167457943954,0.0992848355432907,-0.0969019961047812,-0.102166369233209,-0.449287202773757,-0.275239256614662,0.365036788367111,0.0976857057604902,-0.0416351886931619,-0.568452280943264,-1.36610394384057,0.764686676787988,-1.20631679276337,0.0876422122513314,-0.26753900519808,0.592853710330467,0.609166586463839,-0.251631141466317,0.0747967059443226,0.778918947017173,0.19819721149351,0.25964628544839,0.218823976677225,0.717852455261141,1.26704445385699,0.0757794088895047,-0.907103430085049,0.869485883131901,0.833126561954396,0.0630324168111878,0.853813286339186,-0.0967566847310868,0.0472119183978714,-1.75429584031811,-1.3099089284632,1.95597066869005,-0.045230556335273,-0.00436110010687309,1.12590317942006,-0.46412545487949
"C713",-0.183060966290511,0.638316856506556,0.631993953384579,-0.77531897355985,0.965500861471696,0.152877295537506,0.306628837287142,0.462136674377241,-0.105603137159668,1.39302450990743,0.313810507117099,-0.280921749098068,0.204290420400202,-0.157725479843186,0.192410052819786,0.00506045133789681,-0.104963009173489,-0.331712741816558,0.992521874353442,0.372472885596474,0.316198460847708,0.603897489722888,0.483085236644078,-0.167427922610187,0.224792291879079,-0.325221688618372,-0.111926890816127,-0.45375651419617,0.369108587257502,-0.845093970023302,0.390421187402082,0.211233296487137,-0.0722323145956699,0.259642022637631,0.53772067412753,-0.184221042322372,-0.846828075641451,1.12251977640669,-0.0986216865484384,0.0610858170214696,-0.397510733179968,0.584513113136561,-0.216994645128222,-0.523247548487,-0.374749577852545,0.294189100693252,-0.968303111687646,-0.257761459401389,0.265873657853691,0.401025119321281
"C714",0.014823938914502,-0.371470038505387,0.765510687039569,-0.224329445505928,-0.259244602065117,-0.0861864399656997,-0.486395466000022,-0.229194104514345,-0.344179878402324,1.04842080722962,0.536367465471144,-0.0150461498510677,0.171734436460729,-0.0931753051075291,-0.0776193903227158,0.154269198079993,0.161030459680932,-0.795089443346359,0.00694535238245379,-0.192403189987509,-0.243726616543,-0.470475155099986,-1.34074733414152,0.694046717904381,-0.0233315841937389,-0.725214516509003,-0.365940943703506,1.24357097529652,0.88347541879705,-0.0282566530519473,0.546654840327283,-0.519955706740236,-2.06688003357344,0.333071424535564,0.368301067011112,0.331659906889737,-0.972599162960694,1.1709613791734,0.866415476794402,-0.923133534423351,0.0196666907652757,0.400347893002785,0.337220829581806,-0.624640479093881,0.602020121911049,0.321480253519417,0.581393353439846,-0.032060711656646,-0.839154509580534,0.287301002627445
"C715",0.130693358261541,-0.992832503918709,0.757372798691575,0.0320229360879312,-0.303217242752846,-0.451119138174165,-0.304224626315904,-0.397928343216577,-0.0210027504211839,-0.45252487201755,-0.216756015195511,-0.353386931454185,-0.456383840277323,0.662617716410201,0.528474081144423,-0.128613150986609,0.373886323386881,-0.609374579598717,1.42218547915192,-0.681644873013202,0.380471912870564,-0.265548157609837,0.0189646414902907,0.684033944604845,-0.459343059669236,0.576759440562532,0.337571557867223,0.786842001499579,0.378794049463677,0.169386396224442,-0.166503087745851,-0.122682694122589,1.0421584211839,-1.05083341551882,-0.345535793162435,-0.345724595279285,-0.109609126981444,0.125035568300731,0.734256131646284,-0.598646230902518,0.795103800490178,-1.24125724701333,0.720946854942239,0.611491929499341,-0.42038016126887,0.390142986401531,-1.06806538417026,0.510179415065676,-0.641016808068333,-0.48720419890027
"C716",0.592787462007118,-0.089143211470224,-0.946826643942533,-0.992278240791895,-0.436062969473529,-0.0369692191005153,-0.963611963475881,0.503145446048149,-0.707647137901455,-0.137662058763852,-0.798370457768838,-0.0463573372490266,0.115433482605299,-0.787606671551274,-0.498243810622722,-0.0661256719403068,0.117342012161529,-0.796011456098892,-0.0443784316386285,0.649170816653108,0.59114500082195,-0.507971645818302,-0.0516010346507334,0.0684002505892667,-1.07136990478349,-0.0237705276795792,-1.12937777312036,0.105603065084576,0.869210972879919,-0.988330460192115,0.787747437330318,-0.943073680103763,0.561610473207713,-0.674350320717343,0.798095589813028,0.801931765964027,-0.00294736489803471,-0.879027742743649,0.670272175849625,0.0115026850613726,-0.847867137028355,0.949856784822205,-0.27525387875933,-0.160097160916545,0.594946757339477,0.82709443940828,-0.210593200382848,1.05254426233194,0.522304455646823,0.0420480696455678
"C717",1.55789106917285,-0.0625884882781839,-0.0351537670131253,0.299742694231596,0.0605326470843482,-0.554932074719179,2.5925217592033,-0.0426445603886832,-0.191070112661845,0.462290540836046,-0.123432357035627,-0.100199575319918,0.0445428658765666,0.443377424797487,-0.681641657523224,-1.45185417491406,0.468401967811869,-0.71005801009769,1.06024659100325,-0.67355066741925,-0.702487913853159,0.03100226447076,0.525794574329437,-0.113693649078931,1.11589760494081,-0.382029454475265,0.520532564065864,-1.12954035430761,-1.46898578698158,0.647312791278719,0.246995169023886,-0.685448499647839,0.17621305090813,0.0553191652482292,-0.0361821704961347,-0.0496801985267888,0.617851311957021,0.495321793936261,-0.167530346613134,0.610005900840453,0.944647265061221,-0.72284913501641,0.0347140364466616,-0.175213337759417,0.31280003305216,-0.186396209349817,0.357752769165458,0.100808777572527,-0.206474330413871,-0.478132793879204
"C718",-0.313840060133439,0.291330262564424,-0.747421145505683,-0.421406979996835,-0.445905033968188,0.492286669034633,-0.474949469699834,-0.300770898254927,0.58258993062423,-0.559006299598151,-0.0040323727397653,0.296492104123267,0.383705723664719,0.272478269530434,0.759727328437271,1.39465547073096,1.17443197886529,0.679705776921474,0.286487437421287,0.674541633010674,0.268046419767828,-0.253723232378962,0.668241732360997,-0.46656986237405,-0.145611267697877,-0.275450070557632,0.181020654019145,0.530336646224716,0.0256388555373378,-0.127852650867201,0.18379059866689,0.839454506799034,0.290305273138755,-0.535281149564582,0.270042476268212,0.581831293446922,0.164220250599019,-0.329910004840102,0.248419011237482,-0.104081912993658,0.322241368491881,-0.00135819404866527,0.398150026200896,0.105156382006552,0.954465550764907,0.0943400331156035,0.554509065166877,0.358735877360354,-0.254042821691773,0.401992519405086
"C719",-0.596909079675206,-0.25813358592838,-0.570831832822307,-0.043448029097111,1.30987971258267,0.513844087174026,-0.445077602194417,-0.460259281844798,0.479512280095815,-0.0452792427705921,-0.0400382523593641,0.516126121007982,0.561501381693958,0.325048470963846,-0.552850702711535,-0.262335936388435,-0.227864594108689,-1.08845116387116,-0.19629152922207,-0.953359609770902,-0.403861610924691,0.849345823537426,0.338951591317899,-0.102468197001728,1.2144258049414,0.0956284918703908,-0.532938062277056,-0.603712377081322,0.932802374966014,-0.107100779060098,0.748687336358966,-0.706316996411574,0.0766883535797054,0.412315308888049,-1.02119691158161,1.0277170014365,-0.37104345033626,0.46804437489988,0.372324061201836,-0.850720946359942,-0.696817069007936,0.260760929702943,0.119970221705747,0.228281507000552,-0.585955009631932,0.186153496144953,0.132504930086214,0.531971394551384,-0.160879773328728,0.498281420382555
"C720",0.539087188140908,0.259423424088706,-0.0595791024392115,-0.599728308522389,-0.474196783561372,-0.609872365609851,-0.092708768912796,-0.370550047556056,0.504283680656673,-0.527983819932059,-0.121175465583501,0.590516994936407,0.481358458629615,-0.325719390907115,-1.71912708921174,-0.357998134268574,-0.21760882789609,-1.12889294787342,0.0722750325636389,-0.174561929589471,0.0247235178951147,0.326908392100087,0.695311114390787,-0.733791159240963,-0.314533903169127,-0.943793103882541,0.426353824317503,0.282334248157939,0.113245423716283,-0.0415566579813494,-0.0477283185847424,-0.0236517326053765,0.29780267720449,-0.54968465208877,0.821447275186235,-0.564731201489017,0.126082590374339,-0.736734254196877,-0.217029672034395,-0.929303710839543,0.0569599248248139,0.437920560469472,0.175860227800882,1.09750888844934,-0.695983292611357,-0.689602972597865,0.600877363755338,-0.623382457692675,-0.167694526477136,-0.936927664567089
"C721",1.13560078855508,-0.277275871293955,-0.319118889958063,0.690028679067353,0.322765473299822,-0.340128901697092,-0.495419461015235,-0.784233021655497,0.889352733615044,0.0937866098907432,-0.235373191674543,-0.483967603954242,-0.491577417789927,-0.589919764829091,0.233508462669237,-0.105697782797358,-0.568319104126835,-0.277475721253451,-0.0848721610460201,-0.984316369262001,0.739064408063867,-0.463581370432744,-0.233843323975624,-0.311716413041929,-0.830885266785394,-0.0903223843944838,-0.871782255625183,0.203800508841266,-0.102050682641761,0.055794658711773,0.17511479802754,0.274762722277025,-0.967562562420527,-2.04726585289893,-1.34593829737018,-0.455808692656314,0.913742835342478,0.396704389844285,-0.465127727698543,-0.853793457847005,0.349566837276682,0.4663666546825,0.109945939690053,-0.193929900554685,0.138271286483411,0.239312496330252,0.226597117404064,-0.39730785832934,-0.944667928771597,0.44687132571089
"C722",-0.293119200148016,0.396416595826374,-1.12434028198729,-0.908701727379487,0.348201263317824,-0.230993195183504,-0.6190679259804,0.173644928803627,0.793252718169583,-0.372150380096216,-0.28821025668319,0.0211637275388873,0.266993330557459,-0.214712421587026,0.61186448995891,-0.0767435991927507,-0.150262603473622,-0.155387364915427,0.391779660920813,-0.264586909513569,0.832532159948359,-0.338631549940647,0.414651038936515,-1.45217820580674,0.260251697537207,0.683904401158194,0.676868891223969,0.377476396353213,0.119925353835707,-0.961037392480758,0.0521059957660136,-0.265854097471725,-0.162974362413785,0.843835989771415,0.909853481728605,-0.0448229859819051,0.186281024894453,-0.587856545833567,-0.927072636405797,-0.250161038638145,0.19617276234437,-0.0634685617363061,-0.314635172102236,0.661692344711751,0.0875641221257998,0.551277613970541,-0.956342982703728,-0.329497342350146,0.336756467870659,0.550170562212204
"C723",0.424153911804082,0.10434119706154,-0.792497472334668,0.193016576568683,0.0649368954898879,-1.45630739816631,0.768536228405189,0.0823880909527547,-0.206385830869478,0.227511659569758,0.232239589939391,0.937329645312161,0.0001793415821095,0.886848960075488,0.602820550491202,0.185433553905422,-0.0750603092128087,0.685020142596671,0.335539708193619,0.536436589589003,0.94664113499427,0.162825101705865,0.408606587446313,-0.335473311392236,0.492005038265806,-0.24095120662272,-0.0694311410405626,0.215275356504823,-0.104634392510856,0.0709549890096951,0.199029919949562,-0.580360538146345,-0.0515217894147762,-1.11518715085782,0.557113271405255,-0.920010130034379,-1.19981420259316,0.0643492854103811,-0.396486600927134,0.612846530880104,-0.432698876868259,-0.0167513381284905,-0.282832117873868,-0.407061671986728,0.292763301230287,-0.961946276691962,-0.241020039725277,0.474304959695927,-0.033367231767816,0.645425147780072
"C724",0.691909810578686,-0.328383132852037,0.347686416258985,-0.703943223755525,-0.348576787347049,-0.425439680625657,-0.394986015688682,-0.381997077600362,0.713163331199046,0.739759604261154,0.991000993143404,-0.567088866907271,-0.211526337265282,0.663509535246976,-0.0310275308606965,0.181138459403062,-0.185470391801972,0.785572242800974,0.212029380583657,-1.52438852469768,0.423276827014218,-0.6392524533528,0.409823145268882,-0.109993885580951,0.785286279363017,-0.265410192629183,-0.548804781602464,-0.841421380147862,0.75469331623618,-0.435071967182481,0.484759126569236,0.213874232663628,-0.0132126122040001,-0.428972273559545,0.314686485641612,-0.824973285494671,-1.38888701017008,0.247062472363075,0.401525985524202,0.886245915836916,-0.229196050509405,-0.426114712343406,0.734499739028152,1.23855277008243,1.1915353437996,0.871768843351682,-0.0855022841950969,-0.435550005817233,-0.671444029963598,-0.159045136322055
"C725",-0.185106598935285,-0.281340825425052,-0.858494337886152,0.0635921385055417,-0.0751056846944657,-0.517407802610607,-0.833378799478962,-0.256922918161718,-0.0967893871289876,-0.193735355422379,0.28122655269957,-0.473163695787271,-0.367293903953127,-0.596156516190871,-0.464714735876032,0.274530922252126,-0.48339632782464,-0.0946084494102827,0.269507569754958,-1.14048921767799,0.150161953242132,0.73723188882478,0.386892251825975,0.689856643780338,-0.514271900338726,0.385987879128831,0.560716223691581,0.485919342201979,0.655725798103898,1.03823920231879,-0.345650506701024,-0.0139349006034355,-1.10644818502611,-0.499758948678129,1.30845137071919,0.561093145961667,-0.282006956536133,-0.504937136197112,-0.372526733207915,-2.1377942278961,0.381980850420872,-0.931219539951094,0.0864745605077833,0.0842346116940749,0.651051601245413,-0.85833045771779,0.766222274182093,1.09247150946761,-0.256247586409738,-0.383527289920186
"C726",0.674785527549225,0.40644641493559,-0.660276268097544,-0.418849666449553,0.626426218962487,0.868365120892625,-0.45248933734968,-0.487042318640771,-0.412117079682557,0.0161310170896516,-0.184251533466928,0.394660068636882,-0.230070576562217,-0.595788007288976,0.729543843496515,-0.347566060468624,-0.0294671455154451,0.891131278437866,-0.504069835539996,1.15297706963003,0.840197318753323,-1.27945684295328,-0.319823459224409,-0.453087993058762,-0.166311996378335,-0.0449044591876395,-0.649193681394078,0.965042448328966,1.14376216579159,0.741404117422636,0.777158920322239,-0.220887452467458,0.284779115099022,0.156136970396176,-1.18637238564279,-0.682099110382934,0.656590188252714,0.0837100882835166,0.18804974772858,0.43843482238557,0.289506021927271,1.06559085142496,0.0468523238348588,0.299896625839545,-0.0521069901322473,-0.290623869314459,0.31153928266875,0.636101145720738,0.274329814960989,-0.0641955547156093
"C727",-0.30385208984483,-0.976567575194069,-0.0806295954118721,-1.5736673140406,0.58229789535518,-1.03330047372118,-0.560151194223087,0.167836560601251,-0.756755603481653,-0.882049925663607,-0.267959848662853,0.546176836607248,0.134352538097942,-0.00169980558467781,-0.0758119650929879,-0.717796308139725,0.291087754384359,0.0217209210253414,0.864354892004319,1.05222517874002,0.669553568488305,-0.0218863836635265,0.601218003470678,-1.11925658047561,-0.0919708808019807,0.194777659697515,-0.756456238911252,0.197875122220884,0.676618034448284,0.476279058921418,0.168421051740914,-0.616447510032441,0.0333890658839849,-0.221325073065797,0.649424551746535,-0.214406706190383,-1.87980765833499,0.259926828872397,-0.121652108456038,-0.0337703742341103,-0.885391820560162,-0.530227794802578,1.59347609581999,0.315566782991887,0.602259671357109,-0.535199961691721,-0.136766067842549,-1.11366075213947,-0.590973961371925,-0.00681478448644756
"C728",-0.30570624592646,-0.0818345106428063,0.553348067258203,-0.494127891255712,-0.259506792943667,-0.444212250522112,0.975125994599061,0.124985107980983,0.463660500838288,0.0449368976635287,-0.616649856274844,0.292880514852138,-1.16647806542199,0.0603140029877697,0.221818620387037,0.726543951213175,1.35919036867028,0.548770821117375,1.38335005618437,-0.219168531248731,1.01572667457752,-0.550617014161337,1.31209215022984,0.883800360802107,-0.18967830065194,0.558575913932641,0.0963561282071448,0.0135255369722804,-1.19282042354298,-0.438946447811714,-0.432456652121226,0.140949816387662,-0.731243602982649,0.103589167431847,0.299172538047144,-1.04991482748406,0.118454523959334,0.907262081359197,0.87586479969337,-0.894024462027747,-0.561935210626733,0.404231521156422,0.614968296300155,0.24076267735737,0.625853072053344,-0.345729402038758,-0.0943035026516753,-0.0773455617064659,-0.677072066918702,-0.0602295312126092
"C729",0.263844755167176,-0.762863750386298,0.0903353499499976,1.04285055989321,0.89133502943192,-0.817139702050976,0.220956823316408,-1.29804566910331,-0.692053804207226,-1.03543184593572,-0.912919447981122,-0.0755747081843848,-0.220105669058125,-0.0894970750734981,0.580116483542782,0.565670225542269,-0.307221214845247,0.0305110704230464,0.483388107513696,0.19154930340534,1.33407935094064,-1.13726729094753,-0.284996484652458,1.08564087068964,0.962274093841538,0.427255251498275,-0.754188838942999,-0.348146380870083,1.2293414678232,0.925885076088599,1.03695729998945,-0.0621780616557201,0.0514743843176859,-1.35962246839492,0.689893555547487,-2.13290595291867,-0.153957369291617,1.1780841335312,0.783791865775976,0.351179354885116,-0.296894188169678,-0.214393100307205,-0.298450859368249,-0.881549776739528,1.10857248081539,0.149432510218972,2.27035452555187,-0.244675964172044,-0.0157302630598484,-0.158896793092153
"C730",0.611569199586584,-0.196182826755937,-0.85174074428332,1.21013415501877,-0.91108821514384,-1.26134677244857,0.175002335586876,-0.836513217677003,0.470800827727519,-0.299214717332125,-0.0666635013943269,-1.10010794202688,0.0501182356533796,0.146976606559102,-0.029954459745251,0.167503567870848,0.710359021160687,0.760922179069216,-0.700179527236598,-0.472062063694885,1.96375652684846,-1.35545854288047,0.318089794548337,0.384698254600151,-0.165243264704299,-1.06067463641548,-0.803846560302675,1.02180663600529,0.594619597299468,-0.555263224249225,1.154478393787,-0.666593852917685,0.212149161497115,-2.34401278436735,0.735332537673399,-0.571251705076197,0.233120569921061,0.611533734527249,-0.123050671312699,0.818143873422835,-0.174887944020157,0.54230301938313,0.716259150158455,0.626169189864849,1.17013257320462,-0.565211406445276,-0.367927590157758,0.143046753016423,0.145676010836952,0.461395808718045
"C731",-0.209023483944032,-0.264957707747844,0.424709323094043,-0.723004181575158,0.569842341179655,0.686296641747296,-1.01222283890212,0.773141246906298,-0.787480421518826,-1.55837103119747,-1.20866642344504,-0.601894910754402,0.293783888675896,0.497831970348342,0.139149791332703,-0.100082887320254,0.611878006991291,-0.469148814567357,-0.214917628617697,-0.546760125147765,-0.0199570095322308,-0.411305450914159,-0.265849283596304,-1.03588590016135,0.746328000781657,-0.00537424374213305,-0.742953813715589,1.5986907874776,-0.314551157782491,0.406347493909126,1.03861683452314,-1.01876723461127,0.307758974785234,-1.00120638754208,0.274956215933672,-0.278016890901236,-0.0457669077037227,0.0443886948266741,0.408069056499555,1.00184858814452,-1.44953056608851,0.330653378994532,0.407160636155977,0.478200733451981,-0.602151004665567,0.442812653163416,1.22341913644079,1.26913232029841,-0.465684734808276,0.617656933941628
"C732",-0.534835863988925,-0.20626269846508,-0.032382666373917,-0.457697783809241,0.618295875524869,0.252928474734879,0.37038278922901,-0.279816734769868,-0.000743171399970433,-0.917890756381923,-0.689606717590328,0.416587891190294,-0.638023108078803,-0.608004736246974,0.0015983479752682,-0.558674805828672,-0.963587861657798,1.43325868411414,0.253348491656609,-0.666045996620945,-0.255431308862375,-0.106778426672702,-0.448496204921739,-0.774264389103077,0.825758504329694,0.470651554538484,0.839077344570275,0.14996377900434,0.372053188658138,0.0560395525215297,-1.25587207445385,0.0192269807047821,-0.806534511405023,-1.39489777520527,1.31088081537633,-1.63813571481168,-0.752442268394569,0.213024261528662,0.229707688762554,-0.669240753444398,0.263709802070073,-1.2338827017805,-0.128617269964174,-1.02547632142153,-0.467778974962713,-0.615409031679965,-1.06266948783734,0.778730657625327,0.0782097644664851,0.166183974170264
"C733",0.412304591563484,-0.150409486134184,-0.942651128552666,-0.941975949341737,0.58272116269063,1.35524549916411,0.869764277470421,0.428047359910401,-0.161976624713393,-0.772256418429958,-1.18686504659863,0.962176870446602,0.478654383945867,-0.702039873527267,0.868857932902268,0.62330918159639,-0.277674343521391,0.631437143910997,0.357454067012323,0.358763469347706,0.0570799767984734,-1.17176878264168,-0.0358067807415793,-1.07802910115738,-0.302388592550496,1.62154584536646,-1.10484243773749,0.883779666340255,1.12196289058205,0.183405541182668,0.345074643066115,-1.06038888761901,-0.40739549035555,-0.850779746665325,0.250118060384307,-0.0776827903864605,-0.0214917575465392,0.0573492382230953,-0.242846135164634,0.298602702732137,0.166738197873439,-0.13522505697717,-0.808217168655506,0.0227268192159138,-0.930125323935054,0.966925981253973,0.203204193973425,0.354990145489691,-0.610854956676078,-0.200049239563117
"C734",-0.606448313873202,-0.125491937480701,-0.853032056634666,-0.0858101218921681,0.53545193477047,0.269405764852854,-0.504929931702448,-0.148658660511763,-0.0805811517167546,-1.09681661700486,0.476779976174459,0.531543864317406,1.61993429377239,0.0491905522140373,0.943525408499783,-0.590111502298904,-0.0141435870815121,-0.43030925882557,0.00326828994937161,-0.631147789050384,0.485055572315277,-0.80286696898386,-0.0568071382602803,-0.128922256371714,0.947851954727524,0.735497204501408,-0.59699868083333,0.331381891357195,0.835294886602723,-0.303007490321405,0.272873836897661,0.204614341518952,-0.581367635067938,-1.01627673662213,0.864657934335078,-0.355294501367686,0.128716679858925,-0.73359902565889,-0.668091723897993,-0.582069963919695,0.639804194422095,-0.862623742173625,-0.0519573079989359,1.54026162103976,-0.514792337476555,-0.366209660128626,-0.806808546558631,0.00725910096919492,-1.08846131939784,-0.204029543607966
"C735",-0.0450964867420088,-0.133529172334864,-0.0519293682179491,-0.501308829512396,-0.849101821435591,0.91788144260518,0.144512715821496,0.979325565822046,-0.400841576505933,-0.192846868621317,-0.368192702214573,-1.11146813587854,-0.536930501359225,0.114167367979375,-0.559458409983315,0.113691898290866,-0.253235781851881,-0.0555407467409114,0.441964109892695,-0.535858218447455,-0.448837555526102,0.297553336211196,0.305343419360802,-0.0155654951772506,1.41706417179313,1.71038556302469,-0.615354732079272,-0.632518824451382,0.0893907682339796,-0.0426724459533166,-0.193420054790399,1.04368835841782,0.813989479930273,0.488483157200049,-0.598824627971048,1.10693122887577,0.0523506218511112,0.753304574625758,-0.0697675761272289,0.261553131902021,0.777896691376963,-0.50700514424762,-0.725414231800029,-1.4704055086748,-0.0771966366052577,0.827841065968436,-0.135595118245235,-1.05572800911593,0.735670421195026,0.0582658872114914
"C736",-0.181609111393267,-0.158940810245387,-1.58003504330716,0.413774586116402,-0.734465466475793,-0.402597830664857,-0.459595527780365,-0.247255855273847,0.781386045560848,0.920144409366522,-0.211303954822318,-1.22815926982166,-0.525080351176286,0.43423344798315,1.05544590949447,-0.29481179376795,0.20416159218164,-0.0190243634165036,-0.436722630798082,-0.20659289694962,-0.169356289928823,0.0140044746537291,-0.523667166362802,-0.0319146362104264,-0.171692907766108,0.19193850988447,-0.223508507606534,-0.0522510938734409,0.202495974395137,-0.445445433329835,0.893164999242381,-0.592374241449001,0.157228762900726,-0.922086649842767,0.122729542604104,-1.15797943005968,0.0418162941726944,0.221478810660011,0.613549359021538,-0.53563550504667,-1.27435297932733,0.702209864146292,0.338196864950904,-1.13789124888559,0.162235163663542,-1.16185784480151,0.956569783078249,-0.225914707525426,-1.65420337323716,0.0235250603254602
"C737",0.32619422777713,0.598662610832453,-0.334352502975253,-0.0398840787400835,0.130434359199007,0.298513783989503,0.491244197954736,0.475788543239859,0.640058583239975,-0.451610125592261,0.327956461279006,0.0684543772503831,-0.0783428224701462,0.676780709924568,-0.866145837918766,1.08229863239553,0.15969286882748,0.505498342489754,0.260005991234816,-0.0458758711014383,0.205917800853147,-0.835728642184323,0.00755583093232555,0.104022715594991,0.609685527376892,0.249183214285556,-0.307734881295821,-0.661301474396564,0.226655286844051,1.62555059530858,0.277434423334305,-0.0370808538069643,-0.240475115885286,-1.6009718711002,0.547576054092262,-1.5759465235742,-0.557301264394947,-0.827105064429262,-0.224018110755881,0.203469077653041,-0.635638838136448,-0.000220708311522793,-0.0977600522304542,0.102716685112985,-0.088300947469549,0.940393537791621,0.0294052146842115,0.00579108927396651,-1.20780334181978,0.540119725467282
"C738",0.439478033967313,-0.892344589866428,-0.249372807167403,-0.547240426058001,-0.595877130716613,-0.719145621601512,0.281068108621529,-0.875288989955914,0.471770444411572,0.164198256364575,-0.944869706622084,0.483085108506959,0.377128387606217,-0.838956682681709,0.852250090383089,0.407961282788279,-0.167179215886493,-0.922108279889557,-0.728217493986938,0.201196504553561,0.40242578281823,-1.32395567170499,-0.272516791728505,-0.298362400903066,-0.481333385043966,0.500007614133282,-0.260821707947471,1.14475717945333,0.35852702731161,-1.21492831428441,0.810238738185792,-0.232037038180089,-0.479184568478173,-1.27110641454398,0.384280256846223,0.798096418519732,0.14281476735967,0.44669194664172,0.17390590012326,-0.770335972981196,0.422366590009814,0.982117201063388,0.0886541692567798,0.523271944522073,0.048875235376506,0.907270804626851,0.411070040316355,-0.209054204839799,-0.450472040318148,0.140648411748727
"C739",0.799627080965601,-0.128838588643752,-0.0112501551339744,-1.65412613651744,0.206283990991771,0.228383064431945,1.43063128516057,0.383070954507132,0.389845392211018,-0.571160414607535,0.114286638145648,0.533022697337257,-0.933284708358461,0.0423278998286271,-0.0475243113936945,0.253524702301695,-0.0391474638141672,0.644249388637393,-0.00976847860959876,-0.872980921323534,0.548084876955632,-0.274069189094723,-0.0606463804943669,-0.617536746090882,0.108460347449322,-0.0178185621944135,-0.215396483689998,-0.727253212126307,-0.870424444850321,-0.538865278566518,0.644615707161143,0.316255609915734,-0.269478726045445,0.195561990940796,-0.208504854057438,-0.482490839387546,-0.32604606341322,-0.426406137343401,-0.104773023325762,0.709261054115835,-0.00150135112183629,-0.279639132538387,-0.376543765564402,0.240350119534632,-0.112355865375661,0.362533906619825,0.138909804984724,-0.209205176203429,0.769409498442042,0.48554490993825
"C740",0.193019619552766,0.820572961958948,-0.939353754548718,0.317522417913667,0.87911614674866,0.350591776893062,-0.965739572544801,0.496377097326457,-0.015198074802227,-0.126971163031096,-0.329197255002191,0.325773701697469,-0.590787024290779,-0.136305413696051,0.217848291757868,0.297232796404776,-0.502231090835254,-0.451987557936677,0.366157424451627,-0.249002635731191,0.277828092472965,-0.728697212500916,-0.822368047001309,-0.596937463741137,-0.230151881367056,0.617178951093325,-0.419893339157048,0.533778735026189,0.989031660043175,-0.749426356653701,0.135279899657225,-0.0406243829266513,-0.306216869767424,0.0694713318989267,0.314566798966031,1.49513865354982,0.794182703352314,-0.429596681605538,0.643631529161889,0.161950743705085,0.149370652826707,0.367078026720466,-0.637316498577033,0.460118459586807,0.444126199689347,-0.219166514386091,0.433507065250616,0.340963482835379,0.387458959021942,0.434824713405507
"C741",-0.605833145781056,-0.426823072727,0.64606873167733,-0.575409584913449,-0.660682104605305,0.288531023083134,-0.626970804352646,0.921032295699251,0.245179713168112,0.79742517292776,0.0605274421957027,0.480136560042341,0.553953149480927,-0.544754562666466,-0.092988627542681,-0.979601053721811,-0.245329668949324,-0.707479623902185,-0.52449265653564,-0.6517619554846,-0.475203997961526,0.533028212423093,-0.832643255022748,0.108020978035804,-1.08385451728084,-0.299074898505103,0.345557224412492,-0.768074805713206,0.601574899836782,0.0602008196207006,-0.0908518304415297,-0.691163933082352,0.374018070175392,0.803222470761844,-1.01276849209457,-0.212879778334421,0.717884653483423,-0.243647304605303,1.21562756832399,-0.123208739254969,0.290300250261514,-1.33081796632833,-0.72245612832249,-0.744952480608803,0.528820923515901,-0.508147285778957,0.928405620779829,1.14284068614758,0.76463740128909,-1.05302617875397
"C742",0.0426215467897898,-0.648802701487662,0.156479573437153,-0.00326523509643826,0.06177368113937,-0.237488672074853,0.602309340971727,-0.718310540337829,0.292177251098354,0.029730294966695,-0.351573284648819,-0.629932704518691,-0.512582900320531,-1.94567810457232,0.0593375109450704,0.8177509944148,0.445706098901069,0.899025749968535,0.0254529668634362,0.296922546191971,-0.198289473832296,0.611898515179029,-0.837052260984881,0.577440681614523,-0.67696218374728,0.0891003941249024,0.0839207942115514,0.46331969108356,-1.00260857885232,-0.091904178649917,0.820673154387111,-0.300338711117092,-0.334038177003369,-0.973408847305746,-0.266662629801039,-1.22568686406769,-0.462897162904156,0.807540010118805,-0.344844167819751,-0.256947591641248,0.484183060674531,-0.128838189454338,0.636426704021105,-0.903122803700681,0.662843039870999,0.0830526894690592,-0.30191631862286,-0.927282703289441,-0.538581719576717,-0.723830105402254
"C743",-0.59912898006936,-0.990520052495024,1.9477628089308,0.846884946562504,-0.123659533622809,1.06301123831468,-0.384141775636044,-0.37959803121949,0.483403614403671,0.21059068031546,0.52075322081943,-0.947758089192734,0.206499439645375,0.413665308023073,-1.28338557595216,0.0256540172906088,-0.444212429184175,0.0766190873139178,0.253409182644852,-0.962313653746073,0.133286263298813,0.866232593406248,0.139120608526257,-0.19885554969404,-0.248012148953567,0.0865577229446438,1.77090427679151,0.0704787592278999,-0.730512737877188,0.659513411725141,-0.379946889033663,-0.483857732361357,0.299610116405617,0.402650820995504,0.41183678744763,-0.572495922779637,-0.388892865085648,0.333463850458481,-0.352322450220774,0.181301930982149,0.411198012260977,-1.93182113036154,-0.0325686341999337,0.132592258733543,-0.817985546011265,0.0312498914314567,0.0517789598823083,-0.638721027881787,1.24949057964662,-1.12993269156854
"C744",-0.0922976929681189,0.105672189146281,-0.70302731494747,-0.200360365088735,-0.122810608720672,-0.141019069422278,0.278881089307308,0.218393568647355,-0.562809498077178,-0.228407396624811,-0.527781933951552,-0.618560237766806,0.28216980985758,-0.880541969067703,0.165684254649939,0.312799142127937,-0.709983911018874,0.330918788075953,-0.384174826820281,0.800614589413059,0.80713444808142,-0.776535967094356,1.10179640395889,-0.251978322997253,-0.801570333310192,0.207959910432979,0.647700019113343,1.06102423913941,0.30768358474043,0.0262137994452826,0.451827253867969,-0.151458867723371,0.285410001864656,-0.101267313348777,0.719325560863031,1.65376843139163,-0.317195750583221,-0.0298379522405586,0.380565634014675,-0.910291315342308,0.29860119801895,-0.00652736267796674,0.426418945944013,-1.09693141336719,-0.12640898886543,-0.25814239249886,-0.493610454640393,-0.451454245830637,-0.108744188060063,-0.334838708123049
"C745",0.529896158320688,-0.331527002193639,0.758711582133935,0.0276143145336202,0.118843598393673,-0.241530689376562,-0.388514921054188,-0.197346943757601,-0.114654051757333,-1.65293152872412,0.00314900406898683,0.00718339602486627,0.663314544269008,0.401131991654712,0.675850329685907,-1.14286351776185,-0.82598641437793,-0.441174102097443,-0.262257368414102,-0.330223376058933,0.417615443708672,0.45051325077723,0.480091230708645,-0.428304482659096,0.998391362333934,-0.16368175260109,-1.09267289487943,-0.528038734456829,-0.741016330239576,-0.334306996423057,-0.0843954256951742,0.0216240308142145,-0.627622860499678,-0.515890693778847,0.523961405875117,0.876964655382837,1.61757417528987,-0.121857687879249,-0.838720877321467,0.253375948943958,-0.383984612278743,0.300754404441873,-0.158172010838306,-0.607455869110361,1.23456675367089,0.313171390860132,-0.0937070202702244,0.377443599259531,-0.292177222468755,0.556202414175777
"C746",0.290397776552327,0.203827457075228,-0.285028471336476,0.170135433935311,1.19301055713513,-0.980121482518703,0.107549064689274,0.565492483307635,0.327584336387431,-0.689583732250175,-1.08689641358281,-0.58508342285208,0.109342804070636,-0.065622746987169,0.608330345922685,-0.0734105751139591,0.236512486200209,-0.503499061682002,-0.550895883864151,0.0516312920229285,-0.508921223826851,0.829246319334704,-0.393186636694164,-0.0554578472401389,0.435083443347318,-0.410873886656538,0.283868974960608,-0.641159351813904,0.133121790928027,0.562195195858751,-0.173725511811727,0.328896622898249,0.829234782353227,-0.541186918027965,0.866378988353675,-1.49937303685894,-0.0134045054689405,1.02608922329438,0.512447167324963,0.144582242641272,0.134873429210842,0.36966649075505,-0.709946217674029,-0.00601546452136715,0.819071861156098,-1.46690299560243,-0.376649941440553,2.003410897093,-0.57939522782606,0.28767010872432
"C747",0.451598017839994,0.0791675261276365,-0.039501692931926,-0.342362854263372,-1.34509272845746,-0.941419607910834,0.406746540835337,-0.805283639914648,0.526805923311526,0.492640724013417,-0.664399734283247,-0.440993828313642,-0.705639258004625,0.743878728056913,-0.379746986700869,-1.54091772153879,-0.00282358588924728,0.0924535542838274,-0.762027051579147,0.443293198152998,1.1519888224679,1.68863677006141,-0.470608135731309,0.865985897998089,-0.00495818213111204,0.263687870009264,0.743177089862745,-0.968309388608218,0.157241403100234,0.112632642276868,0.583042536974316,-0.00144491703315484,0.521673229473699,-0.735629909007621,0.875645196287821,0.373469007202845,-0.661105392236386,-1.11679279136756,0.116202516650747,-0.908275019563767,-0.23663105850367,-0.916807152123582,0.0571227979224452,0.7212665072682,0.335433515655633,0.374864461353741,1.21361693852124,-0.141285283248506,0.376112860418363,-0.125725761204621
"C748",0.625720810606645,-0.248470424124128,-0.289269327084584,-0.466297723739181,0.223363542322563,0.449059742568175,0.253574858619983,-0.627377554878817,-0.245829876676271,-1.64287900758944,-0.227030778396792,0.660465236750363,-1.09102326688241,-1.05800000686038,-0.538361836216677,0.112837036605354,0.326123160248334,-0.185368916153434,0.170341044377534,-0.395950121726559,1.3839301922973,-0.0637448478118677,0.135161563142739,-1.2682090936878,-0.0883055532520693,0.681242629147827,0.682524013032628,0.420896822195531,0.884360267368465,0.342542860540515,-0.373754513544302,-0.114841611900773,0.0457430764348178,-1.79689461185578,0.722053837305696,-1.71538315660279,-0.54304630220368,-1.82102805879518,0.239224227277284,-0.754540106330501,0.256026205963904,0.246356388760153,0.0791554065322898,0.288454591743912,2.00402401332475,0.642623984372638,0.981276792013144,0.55600459577093,-0.465076497382691,0.463020578696773
"C749",0.67578112139994,0.15206620813976,-0.670509689455729,0.45939563406917,-0.374803323704254,0.0889791597150046,1.14934891384636,-0.306879777942042,0.737334343406455,0.442681803770628,0.584502131361936,-0.521655137119298,-0.0679997135695176,-1.02379451194015,-0.171422444555683,0.219271618751383,0.515187942605051,0.430801172614277,-1.86324480842606,0.264911056892406,-1.05449565918556,0.960945050720275,-0.314684834026357,0.769131909055,-0.352959240523893,0.0301050485147322,-0.418622253475992,-0.94295857622159,-1.17786208086103,0.325478233352822,-0.0701541210567914,-0.0243133918039475,1.21597150807506,-0.137461933881795,0.018911775353664,-0.946035549239789,-0.384396272583463,0.666284722551413,-0.227629258942832,-0.168183783122321,-0.831928760272801,1.46888633262631,1.74181993616384,0.961577636681391,-0.66359590965625,-0.269726084049297,-0.765906246846329,-0.664075015241874,0.663622261491376,-0.379036594442332
"C750",0.89309936939725,-0.0618723261798834,-0.418036426983053,0.476416650799606,0.861540756449927,-0.922864070623646,0.807375735422619,0.850163842919731,-0.057284703735758,-0.278632668394139,0.286716367725775,0.708707498041864,0.632416667891948,0.784177916279256,0.18289773527376,0.391422389785534,0.453329074577519,0.305607965714334,-0.209429070603909,0.0839932055010705,-1.24594676590491,0.33989501839548,0.775199772798917,-0.0766818732397151,1.33109083806046,-0.761379080774618,-0.446502938993149,-0.289041524649358,-1.77052021205641,0.12643735003812,-1.12063878437451,0.273622047801541,-0.0972821084470995,0.0427090268982729,0.56322834792323,-0.784782452045186,-0.75416423000314,0.70194872128998,0.370842515109315,-0.57812673244945,-0.0992132353385715,0.35489129797919,-1.08536387043717,-1.45676088944812,0.218755691867344,0.284857392918886,-0.040442743527842,-0.145919735381012,0.343292333506037,0.268528788005148
"C751",-0.0985036396834561,-0.071166126601478,1.13137651589625,0.380016932461103,-0.318148493650654,0.343931187158273,0.509010708130893,0.348133844616281,-0.479569876630087,-0.323721579398822,0.696936440795851,0.0485742991326157,0.775531929714143,-0.323500734846817,-1.53612298014671,0.597046372966224,-0.160161917999055,0.510467250644641,0.965442415448656,0.868653326654145,-1.7123694707783,1.42825014819851,1.17760599388137,-0.555345114144733,-0.943547076737445,-0.193175981611305,0.868590334462622,-1.37921267043322,-0.591000643329785,0.620814503036756,0.218650534191211,0.329741260604952,0.130710007020594,1.35630403632906,-0.678074185878185,-0.696514566969103,-0.289934969412336,0.819306647129826,0.148264264988561,-1.02111093427329,-0.807535756064224,-1.15680877253529,0.412645316124456,-1.77099634629458,-0.936813486949459,0.698771111038221,-0.154372043217851,-0.931774990064917,-0.161959931399228,-1.07420651019561
"C752",-0.0513194269722558,0.539375072768494,-1.62579751369265,-0.124115549257116,-0.150801293321236,0.878226573968648,-0.0975824570892412,-0.73171096375296,-0.905749453130826,0.191604329781239,-0.182694412229244,1.34911579608127,0.097227195659232,-0.643944929065404,0.961769616133797,0.167541865770082,-0.0748262229090853,-1.20652060039718,0.594978139893423,-0.177896420102858,1.06061867643853,-1.86092836476928,-0.277233939382781,-0.326065365455702,1.84774454911877,-0.719794771061037,-1.81718924364382,0.50205152458974,0.742203913356591,-0.128774496014058,0.199370225478273,-1.27084964365369,-0.675195868962234,-0.438874338529423,-0.48731214959249,1.14762990272959,0.7947347151719,0.590190795396006,-0.172571707809233,0.296040089880558,0.431798819272846,0.189858234759944,0.864009824430522,-0.422176556155011,0.699856835490782,-0.189638337610299,-1.00519828034282,-0.503076430149512,-0.246726011092012,1.03161975907224
"C753",-0.779221187763596,-0.293543790017316,1.0997724074447,0.824750579968179,-0.528252894110407,0.45210088385985,-1.11786356511365,-0.527647326314201,0.265461998486702,0.805510703631525,0.788024747848303,0.280427276318728,-0.106949144443598,-0.249716505288117,0.727641737520266,-0.611779430410597,-0.548521209495899,0.561603762924506,0.551366173115081,-0.727044557501354,0.532622829083856,-0.757268211543531,-1.07534183108387,0.304306619809309,-0.40409318464551,0.455775756526932,0.098031632799149,-0.180765147541434,0.742817025299977,-0.0840265119298644,0.202606839303306,0.695618828208916,-0.0752569714132211,-0.142844161256778,-1.0890085284751,-0.460194600215352,0.302286720347756,0.213001318326302,-0.68472890315812,-0.36127033351047,-0.049694156839428,0.414912109918526,-1.16185323425642,-0.648321540621223,0.80875272766664,1.65347755173767,-0.0110098719071655,-0.988790024061537,0.702760948446474,-0.0756187891677384
"C754",-1.00851576637837,-0.368722843690777,0.532293070951474,0.950742904908392,0.983976914373582,-0.872835087325564,-0.15827580044471,0.0842408835462125,-1.06680374198517,-0.333654971904977,0.28335801723267,0.647919032086802,-0.397448604077514,0.286004003088661,0.664128234765583,1.16840579812233,0.67239825880394,0.493140585035316,0.375886044108825,-0.736800564045465,0.0787072333214616,-0.00640258678796612,0.283179563019973,0.685956285665243,-0.284774474930926,0.884903204102878,-1.09725242177396,-0.0717473371966846,0.4445366648582,-0.555521250123325,-0.742827002850152,-0.277408355049517,-1.70285912005525,-1.44559709345086,0.0528807012987366,-0.959077700413252,-0.16078473248056,-0.108875339187363,0.157847670641844,-0.135421092035018,0.787403620401363,0.024749749331813,-0.25223947285856,-0.963867591743047,0.0582348279039327,1.43632287374321,-0.335208646186283,-0.641817348437544,0.237012082255521,1.14471463617949
"C755",0.0235360011675657,-0.823948737537552,-0.278595621910227,0.328721516104168,0.722362536490086,-0.3330085601465,0.28315977314643,-0.876655376084548,-0.223629160751897,0.130387523969563,0.113715834007877,1.17695824820699,0.00764256412162775,0.66855677159254,-1.17360374893285,1.43435382306953,-0.142172977469064,1.16425675045233,-0.408705911764329,-0.320348684258453,-0.679352755256958,-1.09141640125257,0.973072945262266,-0.770873191642625,0.741500324259876,-1.28237862590108,-0.339670984224179,0.870824028059202,-1.19466336058077,-0.0712256877579472,-0.516570935735606,0.285518387494588,0.451841125867278,1.17557014368471,0.770772644254889,-0.119928996989078,-0.540834367673962,0.0275242204810301,-0.169905464241015,1.56289289369446,0.204816609278039,0.418525477139988,-0.0270777447741489,0.344980499581946,-0.601844133330401,0.876485735335934,-0.0636769470379771,-0.32178622961179,0.817944610587032,-0.181633814989491
"C756",0.291214073377638,0.117576469506353,0.213924792994855,0.0485409968309338,0.676618085086477,0.246282763785415,0.108964367927035,-1.42152873782983,0.402601202349682,1.00340629930965,0.340607374799286,0.466731256690933,-0.549570609008067,-0.450936365919062,0.675288785071494,0.0124710054808692,0.145121782925749,0.207008451976281,-0.0905314892318981,-0.058120463869067,-0.412187222394569,-0.870300398034892,0.424483001043318,-0.372042347420223,0.98200356677253,0.724362185290035,-1.58906124617582,0.233855046976093,0.0818092043073013,-0.348622591679489,-0.410627383191276,-0.458202243977811,-0.200974044757784,0.0279303832286099,-0.175129723892372,0.412011363201215,-0.114570003972398,0.832024746062748,-0.438587787093653,0.258411785154374,-1.09061811041845,-0.0447650758393229,0.527038343989203,-0.0202777630501499,0.664812450950261,0.273457609365795,-0.674387650442755,0.0692638661702587,0.732668673891398,0.537407600099289
"C757",-0.53040128593422,0.760122601139559,0.728400846846395,0.606174201440845,0.859809832280379,0.863523853324413,0.429160739833818,0.0508350245644537,-0.657946146096393,-0.472233870857708,0.325019691083444,0.320248235982045,0.399483891597132,-0.158403976443131,0.471927648956527,0.68006100506363,0.461609366376061,0.520224308464046,-0.0463890077811029,-0.153339103005812,-0.605117549785168,-0.162820755675722,-0.472012784734797,-0.948740207250225,1.05695175000696,0.0789649469811075,-0.329134876443737,0.674921081987354,-0.917198625234353,0.613446031860306,-0.860176993326565,0.284317220164146,0.561726714483206,-0.605614045247207,-0.684096593057137,-0.354571824947471,0.585673787882812,0.591331471800236,0.278758334445266,0.207117901301467,-1.14919870939914,-0.133149260268798,0.366986653552035,-0.0138739925024196,-0.657762073169682,-0.162483408177677,-0.355036225734816,0.256829653056986,0.0641029507523064,0.163868101176127
"C758",-0.702108725805138,0.579711179919269,-0.48229658102048,-0.364999179894576,-0.437529597340136,0.59960611298628,-1.14502528743991,0.878582168942021,-0.519316235576815,1.0560165599458,-0.883536491798462,0.31395762495677,-0.0413416097817005,-0.47817210879414,0.0298290643592947,-0.140564679745862,-0.10968651260279,-0.325728399375084,-0.591798953279279,0.259931184407655,-1.0174489839102,0.0957652008490988,0.307296291224553,0.411260857435474,-0.182613591504627,0.49422521662995,0.749855217318111,0.213834135822063,0.164394346444662,-0.138564055852711,0.201070367133794,0.206420211986254,-0.0426593560183397,2.00090328652167,0.359933508052343,1.32200367891798,-0.428126941172888,-0.714792409191935,-0.539987542878028,-0.322842645928583,-0.00744084671042376,-0.275182856122504,-1.05669726564239,0.307063212354975,-0.434850779414247,0.00422504396107375,-0.834185983406957,0.693984226701325,0.254023898382072,0.479450851158338
"C759",0.934285417138616,0.297012460777522,0.437863499171516,-0.409457696294824,-0.283120456490114,-0.208109753678974,-1.03686643059505,0.313608842515626,-0.665440827143862,1.70673456000149,0.859583728232904,-0.289610067565384,0.170530297746854,0.111481803891176,-0.538317507468214,0.285345927976275,-0.805683383994043,-1.74119615084427,-1.01751363832835,-0.462074867917835,0.314022613439286,-0.305170917671349,0.430769006134052,0.161253664075313,-1.34384181281885,0.0210732093469538,0.593075492119804,-0.442344243477772,0.573524321907347,0.480805017916375,-0.0348571031791694,-0.710789642654999,-0.159129094957467,0.451626289133816,-0.404200124467214,1.25489229637298,0.240312605867735,-1.5026608374698,0.0798712383472537,-0.369235833289635,-0.0898022603568398,0.89084099820144,-0.0872190071232991,0.822620490109168,-0.570876901408237,1.83829647658277,0.181426659895493,-1.33667213966656,-0.310551770392792,-0.499247207573141
"C760",-1.26671279642752,0.132749251956172,1.03279288736639,0.203679706470146,-0.0520324320834883,-0.262883804721066,0.0162825397969285,-0.67158067639536,-0.808432697308753,-0.476334444186897,-0.79785375309546,1.23079233003019,-0.0128444040082968,0.537179652359114,0.419925893374699,-0.673871517622237,-0.246683205935215,0.669660699460205,-0.545150334349824,0.255331993462221,-0.695299448002722,0.0928576764180463,0.181015243739137,0.156302372999733,0.375907782652679,0.575201444410307,-0.791661511435362,-0.783700064457086,0.884151233298194,-0.000595651922810896,-0.36691154077359,0.70120858766556,-0.242790326848408,-0.174002679407167,-0.2282724379191,-0.0128447300791565,-0.696048125269897,0.1741185910008,0.174129391953193,0.522521994173442,1.47761274416527,0.730166905024869,0.372920368412788,-1.70072727398358,0.158411370158853,0.693999372283618,-0.000452862767785477,-0.287905827415966,-0.84597345680716,0.688663108076836
"C761",-0.8896381413063,0.13637412165971,-0.484249551094357,-0.523137932148765,0.0920174125733728,-1.34684294488365,-1.24046683180956,-1.07072742936814,-0.288650500767874,-0.652369639227044,-0.114173724414802,0.234570841809274,-0.763530274879241,-0.839540105958498,0.354268675638989,-0.0597940652396875,-0.827881585145331,0.069673792499872,-0.505906668468574,0.350538012918143,0.49543683251981,-0.431411993705101,-0.750545221041882,-0.547721545539728,-0.856897117947981,0.611979761345869,-0.837462916202051,-0.486919554093339,0.252192679822604,-0.186348122523163,0.0349189888649218,-0.185886576060171,-0.676256540016495,-0.105649531097598,0.397290434323848,-0.568213448403206,-1.70584626042369,-1.59486184702412,-1.35944006635136,-0.366097250495959,-0.0878573655309313,0.955140065840116,-0.388031932980296,0.958364918557519,-0.685897616090778,0.868922506113996,0.734125162646832,0.314836178370425,-0.556668147986418,-0.35577723312221
"C762",-1.15463750114175,-0.1141377389284,-0.0702950868743749,-1.17591439535303,-0.931740783358483,1.14370551071107,0.139793839845256,0.184390123728968,0.0481170525128708,-0.308239479211146,0.564609197916044,0.425373220523002,0.640607842962316,-0.577474720036126,-0.647203620542452,-0.285103446383798,-1.65122116790923,-0.324662522036161,0.959564132121876,-0.155414817108816,-1.79919486986158,1.26585077665749,0.407810291753283,0.0884440954364898,0.546378351463593,1.03211028792386,0.831612622204795,-0.349447999660745,-0.400658534169907,-0.463456034582601,0.680131955598206,-0.581446222123448,0.328094791841736,0.82053916176955,-0.366041905074747,-0.301052426610629,1.20174647700368,-0.509394780927125,0.108274642562786,0.987014529367564,0.0804467704198535,-0.974035100443859,-0.567927608205882,-0.055126695774692,-1.98245936974252,0.383695890392467,0.00923627270313673,0.276665161791162,0.264715055831432,0.303429162207849
"C763",1.27634733176371,1.06166539219082,-0.730470596902625,-1.31257846125741,-1.2057504069946,-0.0128776054087426,0.00086058559137412,0.287926890394633,0.758956232981092,-0.331259963260097,-0.455017491820625,-0.141757463305068,-0.399130947909233,0.762249935656919,0.521009976020671,-0.437861190413178,-0.257397988947495,-0.851211165365595,0.643767571711193,0.695365449930123,0.0941962774419801,0.108001201060423,0.0416228082584689,-0.855777970447351,0.636424989621118,-0.857368403021546,-0.38740176997024,0.102037202776181,0.846878592623369,0.0742409101977535,0.172245090048448,-0.481208678899647,-0.00489371323620421,0.609102101364914,0.640880142145598,0.649387996999336,-0.674512619015418,-0.617977650835761,-0.263462446800892,0.383639842856956,-0.450728200917058,0.583916396638931,0.180700365593038,-0.281973517933806,0.359193921624295,-0.644981610418317,1.03004271898355,1.38601761967934,-0.998927670126401,0.325645555059677
"C764",0.0396115995215803,-0.645105252238575,0.995892216734433,0.108836647250181,-0.335850873964467,-0.544685342487871,0.91197656837831,0.497307107436763,-0.613942319223804,0.323914116132607,0.110457016265894,-0.863759750707149,-1.13736841409335,0.986688659664761,0.395520912379209,0.275191704118464,1.06129678711738,-0.068021196800491,-0.0632365605633207,-0.319449123426091,-0.832517070095621,-0.270396155270963,0.984091695936448,0.241280262326483,0.923005758152872,0.181540285183281,-0.644648272211898,-0.561604769177872,-0.649219265826362,-0.249783017727904,0.44844178156776,0.334016245565355,0.290116180272423,0.933396957523525,-0.343112395522746,0.607141590584416,-0.171659253789854,0.970110616793498,-0.118252321666072,0.0347736425500966,0.21140016879495,0.386669500662436,-0.197596255172089,0.616322644401095,-0.584171128572613,1.45162171113657,-0.897064845167914,-0.874341808186117,-0.659695111603284,-0.561247797430914
"C765",-0.149263426968725,0.0475134824811627,0.98485216436085,-0.0757895560386516,0.0706296817586893,0.325670578710392,0.495255750554038,-0.49155162026357,-0.597736711377954,0.126784530758011,0.502444654072018,-0.892572128349817,-0.135854619711251,0.316716113296914,-0.494273594911716,0.903037079567021,0.141572696373929,-0.155436876971664,0.404123124132456,1.06571063639967,-0.102215972150572,0.366733504837093,-0.327402891789913,-0.133700733929019,0.416241901942195,-0.833328066028272,-0.258985714486774,0.453392784849584,0.235326977970508,0.428514932797169,-0.17773335436902,-1.61359644867025,-1.16168461169586,1.42088493819595,1.72590303442707,0.424389872908298,-0.527563171454016,-1.26933787387209,0.450792564199669,-0.673336701128075,-0.115117880379596,-0.402569180289093,-0.768471189818055,0.261527148149167,0.974313861520002,-0.530507370132732,1.367992322581,-0.354294254853044,0.708822632489877,-0.280398817706923
"C766",0.764906046611976,0.202771934579232,-0.577351159078144,-0.127526280270913,0.596847713097167,-0.354880417832226,0.573008731897727,-0.652778605961565,1.21598928557779,-0.673564335906661,0.892177719297943,0.404341869925395,-0.0321288094774745,-1.52329201255562,-0.963192649467761,0.705131696502683,0.474566652611778,-0.149005797194855,0.234587425043114,-0.0770437599420774,0.726243539663094,-1.11780221257267,1.02429283959896,0.187384568443391,1.03368648214935,0.493277837278083,0.238615902007576,-0.0739355687598425,-0.328154197214256,-0.449790406450002,-0.168084046477863,0.73656889704568,0.665116359899459,0.944202603216156,0.227595073184627,0.691042858893477,-0.399914578495477,-0.497742156891877,-0.629169963893529,-0.202082259849793,0.537252889849816,-0.853134949124,0.382289371840143,0.165827627394686,0.37053479055882,-0.00556865963401867,1.05520375781522,0.0188594589257145,1.13972498384302,-0.261949365684511
"C767",0.292945440849644,0.548665920344126,0.160484425794454,-0.890674132939834,0.0442620657330114,0.471592550988966,-0.315081027247272,0.297043190944289,-0.624976900969596,0.754248731929341,0.520404850681553,-0.305616733928829,0.0719669169361148,0.501995168864216,-0.597923687157887,-0.813092364777943,-0.363646127795126,0.915006640855167,0.402753707330756,0.762652633012124,0.498547648774182,1.15171541397429,0.295632955333463,0.0897243872322084,-0.964945678256651,-1.00897430334596,1.06755395759796,-0.61694937151265,0.0847341725424719,-0.0503660115805003,-0.205888441569715,-0.136183671715432,1.04513484434487,-0.540629598696724,-0.326552907007625,-0.290833341535554,0.752268953568257,0.291880415796802,-0.223634353311396,-0.281190349845656,0.309578419101319,0.262756287511203,0.343024677633134,0.324496607866569,-0.707550752378039,0.691810621842749,0.328109618719536,-0.432461226747404,0.771462910669062,-0.417031313088203
"C768",-0.231107712040294,-0.344286774344276,1.72885008613586,0.578343231543698,0.00470302382902633,0.454105326287261,-0.988076837634648,0.559213784566265,-1.09611757089883,0.271122350944994,0.0803572696683792,0.697371944591027,0.870729023736759,0.162899589222953,-0.831307853634535,-0.352226444188099,1.09839675575151,-0.190010344727924,0.0633000685968789,0.145148565584734,-1.71289791716214,0.78683324088251,0.704210014215583,-0.972981556641444,-0.067985321490907,-0.844677118583492,1.07853539690037,0.921294600564167,-0.932287354666438,-0.205669682537466,-0.404467655358358,-1.14414919375574,-0.624453438456297,1.35696619529278,-0.77946230714497,0.149613120041978,0.858772814443208,0.294607380713694,-0.140244448983423,0.433820798059868,0.741308791335238,-0.639501736407912,-0.229356565413395,0.477689805940288,-0.419049507080615,0.118545471539454,0.339588700790272,-1.37812446054484,0.949973766348462,0.127832200135133
"C769",0.12951312945216,0.629291558580587,0.264584879415172,0.0110611544306415,-1.28744347444459,-0.331653478368009,0.231565697483491,-1.02367667098305,0.369799520980222,0.570709025602352,0.543366799041958,0.99949441746951,-0.038174448314322,-0.316717863514729,1.30482318772151,-0.650153807245526,-0.207216288018961,0.187583505441238,-0.577527918746744,1.26535244165462,-0.861264127775579,0.19312904126026,0.366935372387338,-0.115419419529531,-0.48425543910595,-1.24613251621195,-0.533164133361995,-0.16228748172333,0.0733304153186807,-0.61059697140961,-1.6744990463986,0.162233680283328,-0.0847359843887655,-0.161231351758102,-0.139148205338747,-0.00587695695402585,0.0286106691407336,-0.672085072327151,0.23746778445127,0.677231635736608,-1.46273247884054,1.00868904977049,1.016957072202,1.7733104331922,0.74333776064902,0.598507861652964,0.726346430849027,0.685789984805891,0.260275085671658,1.21307812690907
"C770",-0.163359084204453,-0.397913361534491,-0.0588972929722578,-0.777804326648383,-0.596122426302408,-1.06944002127525,0.778394919996076,-0.077528216676619,-0.384723141474588,1.21468024755857,0.0139907253906815,-0.246637989141878,0.0914102602750383,-0.812708074975157,-0.417592564451627,0.0534279113963865,-0.346577772952081,-1.12547324546061,-0.520814217641438,-0.839728625994079,0.111394789887399,0.0930247702034276,-0.484856001754596,-0.751487507035214,-1.32675309024519,-0.0311504595998954,-0.461387720907199,-0.405758892629129,0.334969249169593,0.855800944205996,-0.188446243411232,-0.447481464714111,-0.233961853516959,0.464658206690504,0.248611402788934,0.347763684517672,-0.444507163333217,0.292191544761727,0.368127204467984,0.310647664988697,-0.480324017316153,-0.322953923682127,0.0638646374057476,-0.635630225439963,-0.266835411694743,0.579573498220961,-0.54614011700764,0.788160504912007,0.0137656694605417,-0.571481559940733
"C771",0.936743145276666,-0.126238851781945,0.669771871104605,-0.280504788793059,0.896768196557513,0.345124742384099,0.60610826021242,-1.24487200620666,-0.216187934286733,0.0275584904989241,-0.179852050486242,0.592509562790694,-0.186165770470297,-1.05676707027577,-1.21228426436471,0.745007364485871,0.377050741523874,-0.0298466725876533,0.696016059568692,-0.533135125798118,-0.728725334267272,1.03455075277349,-0.012088022629405,-1.03462163593318,-0.994702602662217,-0.695502460042,1.22083089389699,-1.01094447892339,-1.08648318411457,1.06201892800008,0.16716111366095,-0.445007490061322,-0.0597830067441084,-0.149460671685114,0.93543068734384,-0.537813347992703,-1.18813696169875,-0.552482504755922,0.837995780939529,-0.907771314523861,-0.162080624870117,-0.643125097664041,1.54033293868535,-0.318166370036973,-1.21810897699777,-0.385002395834359,0.0375621277485418,-0.670983555999607,0.905276829473203,-0.416762601305214
"C772",0.0649372952611851,-0.633083799156135,0.615277031945728,-0.275911651831255,-0.0225180372169227,1.09221495903889,0.363862067695119,-0.314146303703105,0.372415574859965,0.710397133582011,-0.0839771966855011,-0.0150492873193802,0.204044825393196,-0.704368881928103,0.731180570753531,-0.0585756937178943,1.09086017689458,0.207462438495145,-0.794446177914724,-0.758215278463117,0.646513582389189,-0.637508333944596,0.155370659573239,-0.592527937604137,-0.372613365625729,-0.645358740480515,-0.23773095739008,0.833884536698777,0.41322919775681,-0.240737677769765,-1.10768928071635,0.310036469689513,0.180195615272049,-0.422495327006109,-1.88625609885412,0.519567796759614,0.385230473967969,0.585594568763725,0.138318363137177,0.0419252771651965,0.0498593188532543,1.77424780844922,0.627770653255556,0.470610072322842,1.0130843703364,-0.545271436070515,-0.617223335387717,-0.0598600530703561,-0.469753856184039,-0.277204917115898
"C773",0.159747856002217,-0.180991625631127,-0.0820687833292586,-1.37134389249085,1.05895235751955,-1.11442673610244,1.1263749164154,-0.199392521604071,0.463319124939731,-1.18633238832463,-0.48430614319007,0.496295716957646,0.123869890937767,-0.250844916237679,-1.48231464864372,-0.0209862139431297,-0.165096163506955,0.0888318917783245,0.547422035315196,0.153797470358169,0.1657802350533,-0.480893594247988,0.39986646275437,-1.48964808389618,0.389291564898554,-0.97028795797183,-0.352797693114377,0.532925182928945,0.0188678327161531,0.679783348147124,0.0822357332321436,0.255410915888046,0.531844584902197,-1.16372683885494,1.55775265986827,-0.893175848640539,-0.501349297775848,-1.37209728136175,-0.0719728131995083,-0.361995874603938,-0.799931579976088,-0.214113690923323,-0.591766143839642,0.980142560595578,-0.96370259680313,-0.616521493246469,0.295168277373354,1.35665207111823,-0.507346374402342,-1.59158224619053
"C774",0.718225243071892,-0.235067403439269,-1.22728400743074,1.98955753945083,-0.230536738547215,-1.17266142864193,-0.103524714250566,-0.894286494164652,0.682339016324786,-0.328133420765631,-0.566474157167135,0.607784439017085,-0.821034695412514,0.986380772896085,0.244791955421456,0.209712604240585,0.151388177153761,0.153973521368703,0.672064204318532,-0.880973873220309,-0.532872215507735,0.632835266396725,0.401209415434285,1.56879387409013,0.626504351712295,0.192898936445471,0.266935818484282,0.360560198918124,-0.459214856224374,0.185978991103094,-0.250768484540264,0.730735895946788,-0.25587308280589,-1.83860906207501,1.17922809683358,-0.0181432046995969,0.410335457894576,0.183410302155144,0.64499108272866,0.459956389814152,0.302848329122745,-0.43406386334125,1.10467926890373,-0.0269508222492689,1.27478922495361,-0.533190636762459,-0.317993300493487,-0.370654598728659,-0.158753499659719,-0.757838625777189
"C775",-1.27005742899655,0.205637912989617,0.043041877388031,0.661993774355941,-0.689224658583802,0.459677889832643,-1.42537796542813,0.797861709720581,0.0643275439565999,0.466540074897138,-0.338731027963842,0.438835168271244,0.147437053028238,0.761727316890785,0.0914903043065969,-0.00800221026805636,0.0972671095573713,-0.610151054582382,0.470186924490378,-0.195967192962627,-0.727463277593649,0.437405791510767,0.104179495459661,0.211127480735545,-0.808639266967234,-0.904805851430912,0.268974270573607,0.0708659857741022,0.208848343342267,-0.372424185794536,-0.179294983269247,0.539492769313902,0.662212668703047,0.532524932242997,0.0868966235040381,0.380880727055338,0.819754824814656,-0.405441996783693,-0.080938966659305,-0.989023437427121,-0.285958102777059,0.859377932998493,0.31640716859853,0.130325764948184,-0.0692887219591315,-0.0426509843651307,0.5045276277647,0.955671595100214,0.421484422468373,0.480121158818314
"C776",-0.527832006597644,0.576450961693243,0.344190111770879,-1.37974439591575,-0.115755194669635,-0.121459821538369,-1.01339438825199,0.197162497506291,-0.0735022628959829,-0.904014307909304,0.187820871117897,-0.367774414614892,-0.335502415083441,0.132580356910674,0.0226333419491931,1.0432402576719,0.464466918547271,-0.8210522316691,-0.37877644508202,2.18014469678657,1.56373700141335,-0.416018402514904,0.705852759228884,-0.549746366729944,0.731195336356642,-0.836310308296551,-0.567774186486067,0.30094551581541,0.181402561756769,-0.952237732710743,-0.931401206963796,-0.487142960723939,-0.489385716078785,-2.00002943311679,0.253581743866476,0.470401457028208,-0.451410073084441,-1.88016427033916,-0.283561471272213,-0.271363195136367,-0.505288356744874,1.24012200218607,0.180095778912244,0.29420921706117,0.648544212166626,-0.105052254515835,0.473714484734997,-0.777337953943297,-1.35283786149489,-0.496585372934386
"C777",-0.723525491113169,-1.38381053301515,0.598572462826715,0.0576805882035935,0.988767511152088,0.407476150169586,0.823515362803641,-0.655683749457705,-0.190841473508381,0.419910231776836,0.310531021127488,0.204834108653425,-1.24607784278201,-0.0147337073265751,-1.25536591234006,0.232617823272949,0.220983110018956,-0.0792487369384141,0.873880370967042,-0.205474921437225,-0.449282875745086,0.180360131535376,0.143560768422922,0.371325406464836,0.0380325392356694,0.563269531111936,-0.278209762077031,0.181175185017647,1.05783737206457,1.08992364382957,1.05639142635394,-0.606161786315571,0.185299630091357,-0.417330532464085,-0.628809583343057,-0.616811820721735,-0.0517565051654418,0.412271587209991,-0.141225661111163,-0.182212486507132,0.169887093848081,-1.20829056642807,0.0995966939422101,-0.617356757466065,0.336797445639891,-0.00755848870530439,-0.999433023688781,-0.595990088471636,0.200183951021141,-0.94278563948388
"C778",0.536312948371547,-0.387273887111207,0.654699856092725,1.02905548989562,-0.433195815279891,-0.00700836905378992,0.0990430913646489,-0.227586316841968,0.355235271870598,1.37956609307066,0.917236222729907,0.508467044780083,1.09331142321441,-0.267830199279952,-0.515313843478241,0.331502519858662,0.071518101789848,-0.411686683527819,0.0584215038574044,-0.061914267431957,-0.83656879061099,0.673944613962488,0.538606689253623,-0.192932810456134,-1.41781137004173,-0.165989534049232,1.0451065147991,-0.274043938707372,0.644593204954757,0.544540438026045,-1.19171411671672,-0.510834523460396,-0.756635343395282,1.29937127407022,-1.16384502290932,0.0632877110147703,-0.161596908033385,1.37512463624784,0.513183591496351,-0.718736121994333,0.504475394682313,-0.911616253822871,-0.182814967336448,-0.26062216381341,0.496287009598953,-0.488690157173415,-0.380917666749397,-0.225068682236997,0.156620479406904,0.208646636031057
"C779",0.275148943624308,-0.722920478416681,1.00157298728754,-0.094474203648454,-0.732183442985773,0.758172569185933,0.446418017655335,0.195165149012518,-0.193232705526129,1.16011676331566,0.265863535177917,0.45017270617179,-0.593051677006567,-0.660977946249122,-0.441684327868326,0.224155365023483,0.364061554143689,0.232849909656461,0.588255689649749,-0.656551721177632,-0.44936724494046,1.18111541990783,-0.278168932842175,0.00992930354920145,-0.393451351181572,1.01833259246055,0.25541120337956,-0.494797118833275,0.26654396415225,-0.463252631497387,0.806496751572977,0.63507010576001,0.963579985931266,-0.121075342940959,-0.526146351627077,-0.573397280996606,0.482083348022133,0.388486944645466,-0.226633403829222,0.286130237380091,0.0118765528939954,-1.01862639297341,-0.766701613826356,-0.0480960529331847,0.521280046287244,0.872687992583728,-0.587217676908923,0.0894955193074819,0.522435251676206,0.395809464017883
"C780",0.600043773796431,1.27109065590716,-0.636151018179921,0.310192754993533,0.825636507197628,-0.663484510633697,-0.31261047252725,0.322789627865096,0.327234586552263,-0.482008498008641,-0.374249670067167,-0.865876751954999,-0.282386821039754,0.197719532698681,-0.421964595598311,0.152293115066716,-0.242895860164734,-0.341284028316646,0.703780272462773,-0.461525136468523,-0.601700200473129,-0.153284853940704,-0.419863443100677,0.89043318089892,0.876819931611424,-0.00575543838728121,-0.0221845324859641,0.432849729736231,1.02858396676303,-0.318452560401667,0.677085454285106,-1.02726387296615,0.116836722546497,0.740848435812672,1.04193131988518,1.31378768482148,-1.01602335216159,-0.150109205468255,0.00737665055136071,0.540609393378719,0.398720565749467,-0.463512020126663,0.531989566582518,0.248923937052701,0.140499570375905,-0.716360330356922,0.2662080670235,0.33335644016283,0.0536846940218721,0.367321984341077
"C781",0.123146952246264,-0.0457558602882692,0.251816466002219,-0.273701064384231,0.316144721481145,-0.948802712150072,0.551912813585636,-0.465650594936101,-0.261530141516808,-0.0626351907493345,-1.04789904720203,1.03276692898742,1.30265245025776,-0.234559229206924,-0.23988506939527,0.0233614522470926,0.547355615453744,1.11968189025289,0.165442896477506,-0.152421489022967,-0.835571192153329,0.801830937545354,0.263908579290394,-0.665477451417547,0.946681176836859,-1.48144298553774,0.028156945317541,-0.136463863413295,0.313342075598111,0.106341546160731,-0.364376495907932,-0.268570821378142,-1.10493589643853,-0.49051985303783,-0.550883729014393,-0.838271680918656,-0.00934569854017295,-0.240397432980707,0.685128678071929,0.647189305527913,-0.0926692125542335,0.144944053092189,0.806722847039971,0.180226556536247,-0.213811019426688,0.20425016522565,0.720112860452487,-0.369403533188736,0.672438943645322,-0.256458126338896
"C782",-0.256250096185878,-0.354114978250267,0.0339817107969223,-0.317103876067463,-0.476631257874283,0.630452006258454,-0.872165539025666,0.640615425489428,-1.53979572005667,0.708948010311612,0.173159773453175,-0.327924324142585,-0.364553377063805,0.176127352859449,-1.25522194934465,-0.195603988062679,0.9855327302309,-0.706050653399825,0.408224195504488,0.15133069450515,-0.0608941836799882,1.628480358854,0.624629360237314,-0.358984492489615,-0.591171690870268,1.20118401210186,1.82312481297918,0.0424669773982333,0.807899287173365,0.030553893696626,0.26070281857166,-0.444317435719097,0.0685797775251153,1.24467683589472,-0.442690327793175,-0.191211867053955,0.331473080477055,-1.28261001311854,-0.0560064398232505,-0.87764316495587,-0.660938340166572,-1.82271209952825,0.196697558428762,0.705685877868482,-0.236206376436821,0.327004907727348,0.930706060873683,-1.01781652538281,0.923197840157588,0.0450773086549599
"C783",-0.315540520690281,0.816798572164906,-0.153884235764647,-0.619180072952933,-0.194075123873327,-0.119710222984389,-1.58067097787814,-0.163096401838182,-0.86311799570511,0.812469875690089,0.600695252050435,-0.599755277749875,-0.276802444377158,-0.27123003093888,-1.50458317952075,-0.336299640249881,-0.247401229022794,-0.226504917150579,-0.763988563363478,0.737475588251035,-0.38816715353364,-0.763047977552549,1.10667193207376,0.0786657572703298,0.971893289521233,0.821292383651995,0.527989295096154,0.463747279187148,0.602038811150772,0.111969162579062,-0.237237131579998,-0.938927844476218,-0.150457233046577,0.132012020870603,0.433928532494714,0.734201966014017,0.133324297610916,-1.35503465543815,-0.196500341292858,0.766739747410752,0.424582952599888,-0.904180290429597,0.0173003077149951,0.575765883330721,0.520208812676494,-0.214750679746068,-0.581560617942076,0.493540503914348,-0.0514280186929867,1.20599164426754
"C784",0.129672190352391,-0.545739368133795,0.580858186084143,-0.107616122017937,0.00254169810933673,-0.342232119344753,0.619496876774497,-0.233211656043639,-0.609644375115248,-0.548119792057632,1.15940878955006,0.00262786586086754,0.0526822922632571,0.0640412518415715,-0.75387711629759,0.562518507952077,-0.449037346953017,-0.638545947741095,-0.287213532205318,0.276854636208547,0.84199937521154,-0.10557856087715,-0.0664349665588779,0.672542197960796,-0.686692451111141,0.348814797199963,0.788713342709225,-0.466231901788596,-0.0888510308925801,0.771987123088807,-0.0302314028291565,-0.410872115564628,-0.274159457155375,0.949189267184519,-0.45829288024849,0.0379443990715651,0.960274500650645,0.630302120418651,1.52166653167813,-0.531365684271615,-0.0258708976837523,-1.57641302920146,-0.309521049655579,1.13196121822437,1.69208711376208,-0.66110973484448,0.34604619305379,0.0595398398034446,1.15741902647063,-0.71424874711523
"C785",-0.4346000565963,-1.59177841542965,-0.441576868474396,-0.0507780277436411,0.170098906613596,1.29064329016191,1.09435205081719,1.07480821574987,0.286725640178978,0.266088917944335,0.117412862477374,0.0358977639583864,-0.910420121331325,-0.424046918649246,0.912076931091826,0.10967584217162,0.568900013358594,-0.0135467590732479,0.107941435365195,-0.586544553734022,1.48420449203378,-0.988786445839397,-0.293913995957051,0.0792448508445034,1.49158904994935,1.08696978213882,-1.20903878908262,-0.243200387528028,0.226835819234962,-0.072904835473747,-0.18818538900689,0.652429224059643,-0.2882560478836,-0.356290540603007,-1.20928415594018,-0.366947171419073,-0.290310705347419,1.15514694748195,-0.157899109679588,0.0133929791108126,0.392259134528684,-0.506042763955338,-0.391051263294336,-1.74871363484902,0.273946128732852,0.930316378533969,0.0570052291780374,-0.173086026968456,-0.163718615038375,-0.176193246557898
"C786",0.308529259271621,0.211467388510508,-0.78892452821165,-0.475815370034482,-0.280964771571727,0.0347077099628515,-1.1563489491713,0.146941673408742,-1.19181165706639,-1.41152508633652,-1.16434455696848,0.796140489911387,-0.228263838353617,1.32376945671611,-0.480546412638124,0.287686898001988,0.797683993972786,-0.687306718647728,-0.611416586932704,0.423613105803938,0.910045877555281,-1.32209754207718,1.13037910658201,0.0534049368545582,-0.349711294110184,-0.296975591964428,-0.427911727088162,0.62903143625845,0.645120329998163,-0.310469903407113,-0.584124913491029,-0.482713089047003,0.139433765351437,-0.889032806397609,-0.628922684913869,0.202350264130371,0.701297876878067,-0.821698788748904,0.14763088180978,-0.0477536809353176,0.808019793820079,-0.549160684809595,-0.853044996750996,0.964752819761629,0.352532508478847,-0.175146719739894,-0.0944986212514127,-0.110248281454754,-0.734759904355044,1.03353284225226
"C787",0.124331660504432,-0.297702037818901,-0.300413710341351,0.200886743638974,-0.312140766688543,-0.144704633866347,-0.17337423801191,-0.863724410142952,0.38342803851047,0.3404722274297,0.416798900197409,-0.381363344388303,-0.683028162040037,0.524302672788155,0.167239677793021,0.949479903984224,-0.0275007790085913,0.602930340684563,0.269842317678821,0.289888093552436,1.21420518182718,-0.256914052574894,0.807555622058143,0.732898528510144,0.835138099892347,0.857234690267752,0.214453474650688,-0.0927985830514596,0.821422701436565,-0.728076810075091,0.489292392793483,0.354782264232154,-0.71198021005323,-1.43382345297768,-0.313440076742935,-0.821748340360791,-0.206447761013522,-0.129294914051611,0.438699830909189,-0.867948758115218,0.982260923112762,0.309850041769869,0.683641565119564,-0.249997936341631,1.81134663051175,0.391983981946757,-0.597902711587864,0.809265348595531,0.414982668739019,0.615904264928064
"C788",-0.291912439468587,1.25968856509997,0.42521662757168,-0.367728212317554,-0.797762144092342,0.888894314783598,0.590689500788963,0.387136066941799,0.138103168919247,-0.458887246104413,-0.867886449845806,0.157935680166163,-0.345420338931292,0.536025422582212,0.592343728591616,-0.0145318002666731,0.313237156802072,-0.364298968436285,-0.606303352024327,-0.296923580290934,0.50142364821871,0.163686371504225,0.324019858842604,0.748992757710663,0.0973286097216764,-1.21612926424202,0.541545253552711,1.02358647203013,-0.735769226952694,-0.299222454049485,-0.634998373836577,-0.306184680793111,0.185833956239857,-0.296739429842929,0.329329682512745,0.798184559319584,-0.627046493540869,-0.382649865734235,0.777323303921421,0.917604300147064,-0.112915857383436,-0.0801139450534334,0.190104638773849,-0.0264436148999613,1.31150693474775,-0.442183677757395,-0.910224935462715,-0.135979685992909,-0.799255111463459,1.22412476592419
"C789",0.444445790399572,-1.10810643553653,-0.701134889443603,-0.312106118079178,-0.337805573966404,-0.547624357763365,0.357871476147531,0.387385039324538,1.300654554173,-0.151406471251949,-0.623359288434825,-0.581516764647346,-0.045647616197859,-0.704433267525026,-0.123409953284021,0.377037863135877,-0.184124271179855,-0.234280891531525,0.847358229672449,0.0783027511375138,-0.102071081858647,-0.00173444020867057,0.277385074263154,0.289682598463783,-0.5333793326642,0.179162602704495,-0.00916008339199154,0.741135012640036,-0.288444813398832,0.223793294424343,0.9481857824177,-1.01108217645768,0.477442801695949,-0.4904997840893,-0.969479468836158,-1.33069153090938,0.241541367906731,1.04804299244994,0.212573869821604,-0.0143335650434181,-1.31888065868338,-1.06977561228658,0.619834345702044,-0.470085349799753,-0.523627397440755,-0.681262635440958,0.795589929735029,0.291712605313466,0.0144480097751463,-0.789419972257854
"C790",0.112072695775342,-1.06576456208251,-0.301996894837843,-0.587732111883432,0.645395276721152,0.39997552958479,-0.988459472684156,-0.262194016004805,0.713899908652201,-1.54542603225596,-0.994847808454591,-0.421666618245075,-0.431869883219326,-0.402306164235064,0.562588409369345,-0.0646888458780475,-0.0536020088881974,0.308986939650955,-0.910465247602578,0.875248416698694,0.854563592192085,-0.875095663239408,-0.308886986479645,-0.800066214985696,0.264914536913803,-0.00655665599479684,-2.00576521183834,1.22097183861746,0.585071202321769,0.13719758875402,0.292367407455306,-0.185371002297498,0.114940664578466,-2.81413621111478,1.92895094722103,-1.8903795266704,-0.77395823260485,-0.442796779174512,-1.28152972503331,-0.597665050743691,-0.232499330591314,0.765994119247577,0.267202796275571,0.809583934270902,1.12536086972554,-0.981564764465077,0.883323770061898,0.510528510748764,-1.92564789274655,-1.46897497699128
"C791",-0.258829189204028,0.706634892171359,-0.357509592635594,-0.894468692397249,-0.0521676900765744,0.0248574530674468,0.972014209377248,-0.3339022880021,0.479922576632603,-0.482061635273556,-1.0160861009836,-0.435170060425643,-0.362219324547205,-1.02726540134022,-0.246143495495137,-1.33546697961603,0.669868714358182,0.302628841801284,0.434360480531226,0.136422123152141,0.723505220063347,-0.41949301806197,0.335297035073798,-0.649203438789102,-0.259802138246207,0.965349612736318,0.51906301240797,-0.0538177478903306,-0.572328302926132,-0.0380375862397821,0.657091816828956,-0.319740076049192,-0.193548326137193,-0.517429193119769,-1.14033849349561,-0.210638770039542,0.224673169652578,0.79736868340552,-0.210036996633196,-0.546932775243304,0.478192024471282,-0.183708229527076,0.284075697135925,-0.428698323473481,0.274363073064175,0.179420266493562,0.898391297991712,0.605403524609331,0.26227929075843,0.0933810396978143
"C792",1.1425682808212,-1.55469507244741,-1.34391880802446,-0.97319583920978,1.58692222787908,-0.894103742543302,-0.301570278359815,-0.464320308719338,-1.11311483945082,-1.45060985258943,0.385724573037784,-0.825052719462343,0.440887232087895,0.571397614902158,-0.0898591348703343,0.0286071860393211,0.443641248520541,-0.623415285009632,-1.90326823303391,0.262522179635615,-0.332891445714226,-0.0191687592674211,-0.0739264357537403,-0.630081618126371,0.763752341937505,-1.01515921130039,-0.703440089797649,-0.45073277948115,0.0613057901481054,-0.669374176771188,-0.0574378567651904,0.266455640297931,-0.0262647740438244,-1.19145784366416,-0.541374070512142,-0.132512735555831,-0.160721437123734,-0.691556635071323,0.540334468348466,0.061611480983139,-1.32778380384197,0.0968389487643961,0.160491707730736,0.549579358599496,0.107565546649675,0.369804325621952,1.08305385020995,-0.321509446060288,0.307058193223826,-0.224411778120236
"C793",-0.10470519877926,-0.00683804535345799,0.537699586678409,-0.622376865457214,0.190082919474045,0.762411779090158,0.54025241882714,1.0367430339218,-1.50769575428286,0.64772580195172,0.75675553917225,1.14723560788011,0.618436839961374,-0.818613265652243,-0.788993861146432,-1.03123940947451,0.414890571416457,-0.762816847340384,-0.557679513966866,-0.711235629650769,-0.54177544715687,0.597857426014948,0.112277176779213,-0.268514945340896,-0.0186236043684123,0.45196146162534,1.00378194367527,-0.0296711690365655,-0.00137767683474453,0.797317893905227,-0.944196002274856,0.55701159139753,0.461792259118858,1.5495598374566,-0.438758095977622,0.324358625767284,0.224290369770195,-1.62335591790518,0.162822028960397,-0.173768071460024,0.8987951753321,0.716412644787426,-0.722580341217039,0.592495949481868,-0.385068591312035,0.124615812783295,0.155286590492357,0.27657736907926,-0.0224556409637943,0.127870954355845
"C794",-0.462176139723731,0.162895162208799,0.807665652996609,0.572440110889553,-0.782458111214558,0.0594727807422934,1.01495559237551,-0.507197832940664,-0.133870823235747,0.448998594332098,-0.0430884008066875,0.428400039815592,-0.81693862069838,-0.671136629599975,0.301256015086441,-0.0834953527006396,0.548279110381467,0.298429744127346,0.509002593823412,0.279583234288576,-1.47478962307475,0.0552465996253752,0.101000820687711,-0.404221375764439,-0.310716615828888,0.581612945672144,0.536401335855282,-0.344780162200788,-1.66447262699453,-0.746893497269582,0.294205224476736,0.300661343298573,-0.369813509072806,0.87323948657265,-0.0664186669963439,0.743324563297318,-0.57501126906886,0.0105486398640601,0.591690093021613,-0.573566513594882,1.10283093753066,-0.678447047512773,0.0394961718614898,-0.58286581024376,-0.330583448043769,-0.214471368308245,-0.492855556310706,-0.593214745931157,0.462377149394123,0.623938997157866
"C795",-0.296140162813648,0.356731146681918,-0.13369837759049,0.651158473693229,-0.620121744421635,0.223698895002961,-0.902606969188005,0.254337303719279,-0.966783232530973,-0.1730921137807,0.189172361508609,-0.52942500340519,-0.201698824006571,-0.300074238248671,-1.05064079661354,-0.323832578831225,0.0529670530114322,-0.610315226940065,-1.04608956427175,0.455795219428825,-0.689051860622269,-0.245994808115239,0.477405347615444,-0.525264388868439,0.515729157890724,0.0462583487972644,-0.0463303233977033,-0.602847445361047,0.252070393673917,0.13328569693168,1.47312893209479,0.518966233403641,-0.303642981336393,0.506536941227931,-0.585548439807029,0.74735973459707,-0.459354802114154,0.839564655420548,0.847000027647842,0.14590213796769,-0.06175989257007,-0.00418338301582327,0.371445809462957,-0.321691122322441,-0.910362191976784,0.86410370749611,-1.22363793526497,-0.0842119932894749,0.664802056823884,-0.942498523202198
"C796",0.628513749721183,-0.495142230454632,1.0743079851455,-0.911858269862044,1.20776749292895,0.417193774149048,0.39505056511084,0.170124342277136,-0.438812726479965,0.11066927982691,0.368951494901303,0.0385300744872809,-0.475638904596249,0.612880259766714,-0.281490034752944,-0.343503196364609,-1.62897503318141,-0.324086747967389,0.047877112860923,-1.04129795864499,-0.336436513084791,0.193330773485379,-0.21986923677944,-0.719636815342045,1.18082303631787,1.16563865088933,-0.128089967458378,0.377380388558471,0.848213116123134,-0.141785580092049,0.195212322044802,0.346188628552809,-0.850630284139617,0.700122748500287,-0.568290149522893,0.814107904969421,0.44529458301534,-0.57761640528388,-0.4098434570115,0.430597224605665,-0.0335054814078918,0.120799247432004,1.06788779556925,0.894046615798455,0.389787117262923,1.77941384490782,0.906995943254425,0.246639329715929,0.559375767898187,-0.398133663657305
"C797",0.188304006569514,-0.53361444382895,-0.714048580579413,0.227870014549896,-0.33335808539025,-0.227842425171043,-0.284402181564487,0.571088149131724,-0.655198587718085,0.0994792075553132,0.239171653832631,0.135318047048194,-0.49420850349263,0.222078921278299,-0.844824752091861,0.131280732177075,0.0792603707095453,-0.494301509226495,0.0929361083757303,0.233387299656318,0.227323804227307,0.613170143001579,0.0679058830700761,0.182852110837212,-0.158477286360334,-0.15608388108157,-0.558288122041459,-0.0676185025465224,1.05047387943217,0.452611123765111,0.124990379379305,-0.563966296001468,-0.640984609074414,0.744997089513127,0.262148599634952,0.331964101266777,-0.142585133041779,-0.797879484428333,-0.466121112880286,-0.463069308920369,1.17766079807786,-0.536404177347994,-0.463153549017638,0.0423202731800429,-0.669895284903377,-0.0398376202118523,-1.34666861408069,0.343112207082117,0.598916418939562,-0.322766706097272
"C798",-0.21729536434094,-1.39999703001026,0.136348027803592,-0.40574828288087,-0.898825030422692,1.58649804841455,0.543498670556067,-0.726408151028747,-0.0499570022562736,1.31692686598429,1.07318848870478,0.0673281408112933,0.153266241047626,-1.39968153850059,0.000965254668796349,0.18883557741086,1.3708498450227,0.309659660947115,-0.613696612300582,-0.116046680511318,-0.0492697501744716,-0.241562882220784,-0.446065093811994,-0.379591384476373,-0.879282940510339,1.13744368562128,0.320402927814588,0.247994983624768,-1.34486257889592,0.711168404343657,-0.691558502058422,-1.12379495189745,-0.477607483406234,-0.356253157076892,-1.86326177676269,-0.995044650552262,0.706721620921736,0.762664876150296,0.289615325369646,-0.0607956981712193,0.468680580864616,0.0260611907745058,0.141529438760197,-0.732561410709701,0.143046139448239,-0.415673456314708,-0.411038409806573,0.0458259585089326,-0.340075756255704,-0.652554818974806
"C799",-0.367783483803273,-0.19247705990695,1.00150600315657,-0.767361757361327,-0.310921531799068,-0.569548316092775,0.111343593456054,0.371676532066516,-0.920678762498829,1.50488770353133,-0.698032768901021,-0.175366955146997,1.33356387100599,-0.508207791862983,-0.702650758162525,-1.0610736012091,0.524632254300161,-0.229829656840467,-0.0549707515651446,0.627546591589933,-1.1518697275549,0.582136725278482,0.508765434359903,-0.464891593715573,-0.425043185303794,0.179370542528394,0.690939169318102,-0.735804257187876,-0.474591005116148,0.142979920036364,-0.722712215325331,0.618576179235423,0.06749938003147,0.546475310311062,-0.38467851257657,-0.185697861760102,0.316353826554824,0.330275455636863,0.190286716141476,-1.42760976118586,0.928576678081856,-0.984664944255226,0.28940596393851,1.02188182679741,-0.626260717212729,0.827011740422342,-0.712216369171183,-0.928446762468698,1.39398185946694,-0.116971026822945
"C800",-0.318536965064665,0.791247364672918,-0.258304730645146,0.614215747104917,0.580284706849868,-0.4848102765586,-0.0641109640773113,-0.557923690554303,0.357771195813649,-1.28518848748206,-0.248948505391582,-0.034368326461705,0.978839674740323,0.107161366232555,0.452661808719277,-0.0763913504137694,0.893200959865039,0.447011233772692,-1.08466192104376,-0.210255526432601,0.321760780350333,-1.84586857454006,-0.156117809458029,0.164628661676955,1.09892807828431,-1.4041785315321,-1.25884286998638,0.485432486231474,-0.65431572247494,-0.202471572366473,-0.515876163757204,-0.54442317536736,0.497724562614711,-1.43143986794116,0.681992321949027,-0.79048857751825,0.290985329499763,-0.385605998607037,0.700807788364159,-0.0812309926998496,-0.662638245053426,1.56458897318922,-1.0825526180738,-0.103547865198394,-0.523639620063811,-0.480232662230694,0.739317090032805,-0.175868281125886,-0.434862008828339,0.32956096322963
"C801",-0.546521229285951,0.314813328688025,-0.133844195151909,-0.511776333061804,0.451485794787392,-0.892492493507941,0.26149120694999,0.0865985452718058,-1.02015751311276,0.382791043312799,-0.352947036280819,-0.753479848244434,-0.314898285961666,0.17999636902648,0.875462204258267,-0.0998030786343245,-1.25674020453634,-0.0825994049610444,0.447380848880029,-0.125321386830685,0.514868468898779,-0.202903009038595,0.0454265982101328,0.906868983877688,-0.409824804474841,-0.3140914691763,-0.583652485466875,1.09719858741493,0.762494496221362,0.123719604862434,-0.537373609547853,-0.140114274252959,-1.41630759995976,0.277108002041269,0.680681796412158,0.802158223218503,-0.789284454316929,-2.04215865021687,-0.364524474912238,-0.0771981434790724,-0.582333395325237,0.29824923237848,0.880758419399993,1.09206411569665,-0.138082248489072,0.840541042314508,1.28732620717255,-0.312963543797278,0.188829792495835,-1.51168607825283
"C802",0.507156346234471,-0.314527756571568,-0.90102121657317,0.494734276662201,-0.704142787222249,-0.953693598816793,0.205060521845772,-0.526822025711231,-0.262721872066277,0.339288785856663,-0.495471184606761,0.102343908617728,-0.676470303383271,0.795589537120619,-0.111475160890469,-0.0306084070132226,-0.700078024015486,-0.266418519843009,-0.914071189929877,-0.587997974322746,0.0623316547660739,-0.427418320745423,0.456887680211773,0.820521316052739,-1.1773275307267,0.959319970007029,0.583692737666708,0.123591408067378,1.30073246492474,-0.112486511609524,-0.50804257763387,-0.0505578929161656,-0.337187751419993,0.72914071499792,0.744955374488321,0.97773661642571,-0.0323160436594928,-0.229895381835959,0.295516840623605,0.0387857874764502,0.0253123919025439,-0.809557007460177,0.228463410772849,0.817734310055506,0.939626995390151,1.27308548590878,-0.209966325808275,-0.582617784049225,0.196519940722006,0.148808708894212
"C803",-0.330476806756407,-0.508063728722943,0.736300926416166,0.488273304916342,0.712754550800909,0.00570044450272238,-0.0688216487129531,-0.887907230438127,-0.0793548822086792,-0.279274393646299,-0.071758363447286,0.130597246019493,0.642907339825574,-0.857037806381467,1.29918107231856,-0.187205749059303,-0.262485878496764,0.460331674808343,-0.63410094679285,-0.114718984318812,-0.595929976947713,0.82375348427746,0.291913995411114,-1.56042553591342,0.694959372332221,-0.0152020119891795,-1.09548993140607,0.114310283566722,-0.310662957548868,-1.00702797060614,-0.471745873931666,-0.0341753225997646,0.590954667434814,-0.340935582735627,-0.161790517875446,-0.637090723064551,-0.365746537036455,-0.66932110455158,-0.383556975310819,0.665722924429379,0.165304895096458,0.531030021714155,0.674247746716261,0.0376970378834826,-0.664342637636202,-0.652691244316001,0.0764631371036301,-0.948336892199676,-0.0813508172620345,0.867729774723661
"C804",-0.454032487943328,0.221625704937404,0.0162508241079463,-0.843702290135968,-0.703318359321453,0.713108546064996,-0.612713201423795,0.11200198805256,-0.692858433710912,-0.13397904735036,-0.957721586811081,0.0521466474077493,-0.162117233526429,0.798743233894689,-0.91529204630054,0.361995856503401,0.208421420490609,0.926280597110442,-0.373735611654813,-0.24056981179635,-0.827515922680863,0.537264381673802,0.13371204267882,-0.291162924944952,0.758876882047824,-0.0187726330494633,0.408777558617764,0.728456340860073,-0.863464215115655,-0.436354420970262,0.448969157815995,-0.48220431629203,0.41793558724865,0.128953725195725,0.195840056471007,-0.203806059350711,-0.517547473364226,-0.568694924896483,-0.313416384520368,-0.163741087433795,1.22402580344872,-1.27665138813259,-0.394980662493223,0.492430442158941,-0.14149698320243,1.00761185132803,-0.538841311492784,-0.480042698534177,0.590882273517521,1.32782288392267
"C805",0.606092605439975,-0.35933665782015,0.236292372935786,-0.744644842575274,0.84337821960521,-1.64305017351365,-0.792645587562925,-0.00835435226578625,-0.0281525530791399,-0.796542823374448,-0.629018216807696,-0.382123977043506,0.134114611072611,0.673832614590295,-0.0641273716281272,0.30476312607884,0.33392809255631,0.409942847471735,-1.19280704123373,-0.219129874596095,0.362165524885045,-0.913476078683611,-0.00181458351957746,0.232312311402058,0.899064627862822,-0.684663229613368,-1.08577486799565,-0.0798676503034554,0.378384280299131,-0.591187031003771,-1.08006981361099,0.389629848430989,0.426436995158836,-0.324949414969132,0.430351402909302,-0.395950785838055,-1.14805749964541,-0.592822216128862,-0.214293896904935,0.720033253605296,-1.53159950504899,1.39553887414383,0.0759196514129926,0.334378649749612,0.489540191528485,-0.262195211055077,-1.06842905436559,0.618777279622772,0.0718824669515897,0.00820957659306993
"C806",0.821989280814285,0.3190846141493,0.702417009960102,0.142521822587117,-0.976611855636961,0.429790542307974,1.38051969589207,0.970814443950659,-0.411569576045705,-0.569089254935881,-0.081451889287355,-0.0850430899534007,0.61253122247359,-0.659050487499849,-0.180631606958979,0.329105858264966,-0.263079443617528,-0.0569591808831388,-0.4384521485708,-0.172404212318663,-1.05202257278073,0.775842638848234,0.280127862561616,-0.977022758734282,-0.139010957336308,0.476669055252187,-0.170120068627534,-0.43452093951764,-1.46538481720734,-0.86956937661346,0.232013060483884,0.746353429727336,0.567987089089497,-0.183684962033722,-0.89203301576842,0.204946280848696,0.139911215811963,1.36692322643302,-0.31058161979191,0.326363309672165,-0.0394643355365109,-0.247735039460026,-1.3554949701328,-0.925262875928854,-0.901289263137897,0.328880505212616,-0.442982335901298,-0.0255706526007381,0.141117983699922,-0.270720105043656
"C807",-0.0674167264886828,0.237766125290462,-0.558215674327659,-0.178943148653846,0.178338032042003,-1.12616685998269,-0.23064765643059,-0.152273777785416,-0.686266202138181,-0.12964029162291,-0.603187513777965,-0.341213987456768,0.747902930267671,-0.054400874192728,0.487942115970063,0.0408159937820569,-0.867266591706171,-0.428450273243046,-0.66287139721011,0.125450118434831,0.109970652115923,0.645193797978809,-0.153976540976001,-0.273935405763032,1.52821782539878,-1.33304242855491,0.43511881782775,-0.293205412410578,0.18379984057556,-0.484939169983355,-0.173528727636923,-0.367609467316251,0.512369460239045,0.898218717186072,-0.353411084797171,0.924637781030932,-0.316297036737758,0.155181132838801,0.450348051302775,1.69872318299522,-0.283147543568669,0.673934384517553,-0.363676314439795,0.754715094174255,-0.424909021606088,0.228378789503219,-0.118857297540614,1.1022362211223,-0.198170456915935,0.533198596907025
"C808",-0.587015516053357,0.639746098852077,-0.144028492794268,-0.192582383279456,0.671292930979154,0.351936052019578,0.0752264547402756,-0.376197779439819,-0.139212112932462,-0.757331782885097,-0.608543042214483,-0.124349151579907,1.20990988244774,-0.186381210087345,0.0451659262089912,0.385528591668804,-0.271322295512238,0.826330494845376,-0.551582912416182,0.0506194034705544,0.241359842837495,-0.0721390629874952,0.470832398886671,-0.383531305152082,0.118758673938998,-0.983577252126172,-0.401807540760528,-0.150032230031026,0.283644732319005,0.290927890338236,0.709812607296626,0.424527837672575,-0.140622407933031,-0.0544265493373879,-0.473794571144012,0.725214494295229,-0.249000202828237,0.262593980927967,-0.428332373551313,0.147850789938781,-1.28350462025258,0.910983876453759,-1.22827923244944,0.516496969991646,0.138473646575062,-1.13231558031387,-0.515062640723684,0.371524097479451,-0.246565721298838,-0.00936990347912489
"C809",0.0318639229623315,-0.974813036071767,0.127447915264751,0.798543053225519,-0.481325642795762,-0.457329145991578,0.860481569800242,-1.03688767095262,-0.229182170486721,1.51841865962258,-0.00551542509985563,-0.672576162046542,-0.827754701164408,0.00505625684853761,-0.45647402975316,0.817915570242468,-0.549254044640681,0.0243136058322571,-0.505810463704873,0.2286611133178,1.29391003341778,-0.0203439955388161,-0.267093469181777,0.675150568134445,-0.657335620578304,0.403610680485497,0.562252726458331,-0.375050835834645,0.515177961924184,1.83278987234504,-0.499451959199099,-0.442390016716034,-0.20397415930387,-0.391066603025095,-0.693487631466974,-1.5169983428243,-0.582483688831498,1.70124579745516,-0.0569179338060853,-1.17737326802859,0.50521196559645,-0.809914314351525,0.553131386170244,-0.329201265735808,0.640105949000626,0.653825590844643,-0.324770904805946,0.300730651722808,-0.517642754716141,-0.962788798204765
"C810",-0.233307735279192,0.779880263183737,0.817209146072333,0.297977287376808,-0.216627373988145,-0.162616459028807,-0.276284596309046,0.0615835435613303,0.363120792567905,-0.0890985317629357,-0.434133086060856,-0.495182108060864,-0.918903644387594,0.420341253928566,-2.22967699102673,-0.252620007638767,0.3845608283751,-0.242948112954904,0.814576574912866,0.79171297157253,-0.763555329806575,0.498419453165377,-0.305397116694472,0.679905726926196,0.0049900182945208,1.52461826045234,2.04693343654427,0.571811749143106,1.52008891295636,0.154129990585979,0.519722460694535,0.539890620906632,0.608167978461673,1.56771782648977,0.402525488961773,-0.410901161428296,-0.403089721394343,-0.600816904526037,0.263435695477474,-0.972107256529173,-0.490410759602575,-1.13163829885652,1.38405176294821,-0.261814320771885,0.421094921393186,0.767957544074557,1.27408507825984,0.827104319601945,1.15560087211662,0.218169224065863
"C811",0.552604774090608,0.82254441510906,0.56652897943149,-0.422593927747424,0.521505671081901,0.720805857221141,0.26479312723263,0.601066286111098,-0.684241977458174,-0.397447967569894,0.683908349591162,0.474312139896166,0.136035904374771,-0.0978407073536912,1.19724719119705,0.330252920650832,-1.55125708212588,-0.676620347130723,-0.554479991159309,1.3116807233182,0.69895211190834,0.280545175909738,-0.41767812072046,0.896352956894831,0.860242212464284,-0.984297213953264,-1.55283050650771,-0.721243178262348,0.444897071657281,-1.2395442118219,0.635555589731817,-1.03312262961497,0.490324688476222,-0.29104151692936,-1.31612807354509,1.29688419626053,1.20411275614335,0.677763659555117,-0.0599063483222217,-0.295447521767327,-0.168338497549889,0.955210835775382,-0.507599963392109,0.537328370792519,1.56444310647031,0.0827441357425491,0.0178657991573951,-0.773391912132707,-0.221126773227068,0.643693043351201
"C812",-0.190168549332137,0.276033957883262,0.067260027955793,-0.593976249182553,0.0243414188671147,-0.424439149837167,0.650151097338475,0.700022600176165,0.660811497412941,0.585869540935804,-0.182742342622547,-1.10574578569128,0.504538557722501,-0.861908126104362,-0.981913785969295,-0.0944758922487035,0.472727633682105,-0.0086150499967742,-0.903499909436317,1.61646170074886,-0.0631372073787257,0.766044438556511,0.260979419019299,-0.801864051082142,-0.287751809970293,-0.669281551620006,1.39794229004349,-0.842792256052983,-0.41412257897963,-0.710338827390381,-1.27248340985654,0.431952429723494,0.555401978722489,0.447674992028517,0.0094376065465182,0.0169417614159617,0.579386428295125,1.31592943225939,0.0324911322165458,0.259571795503065,0.0162523427542776,0.381619311725741,0.871807936464039,-0.536734071336972,0.00820958291845096,-0.261180170623737,0.255075770887168,-0.132728049084065,0.256862629826321,0.60129245152642
"C813",-0.119216280262494,-0.327306855787328,0.0100685905941168,0.858462210458124,-0.181711802578949,-0.0241684254632259,0.621358980749022,0.313673924478272,0.7235118856091,0.406826601087973,0.152847612985155,-0.172255975039267,0.656846535144057,-0.0793225178375057,-0.319222071019658,0.320176871331509,0.930861324310552,-0.456057837706467,0.857917717578213,-0.542903203289261,-1.25988387272685,0.0679850796271183,-0.0684126363029024,0.136641512778086,-0.0354062281743605,-0.217749828431122,0.80165113513508,-0.742709997814102,-0.275996124425567,0.80112631741782,0.389675815359403,-0.455771584944526,0.16384211352269,0.545470014077828,-0.809220221795386,0.215201026829746,-0.181009995435121,-0.387915152798129,-0.0941681435435308,0.767370397743279,0.110846286563796,0.538694785754105,0.335567260041136,-1.25752295275795,-1.23258726150562,-1.05280886314753,1.18663252034182,-0.595227537704419,-0.192384361017656,0.142852984120712
"C814",-0.141949654240139,-0.136985222922549,0.743055201443985,-0.96310587622857,0.177287741588699,-0.969403332666456,1.89909101790671,0.153084061843358,-0.111023370832805,-0.379280386165207,-0.677559079073753,-0.33684766466058,0.0406988862220186,-0.819731388793295,0.994878483065382,0.85750834597194,-0.0299473587293916,0.585349149359619,-0.182968367164323,0.272174519022069,-0.387101525386415,-0.383985321964227,-0.934111075097361,-0.374735518110448,0.173791790411712,-1.09900417525094,-0.797245286966325,0.705387186096364,-0.887624383683764,-2.36936932342584,-0.0726839302325526,0.548680318544052,-0.568085735028919,-0.223592408106068,0.640294903056858,0.99848289605873,0.858083925359676,0.450169076789752,-0.0880531538580414,0.717704229963625,-0.0744001200345655,1.71387072142348,0.0990363852250587,-0.561602587722791,-0.218668103735233,0.955149562463025,-0.364382162275223,-0.310965143103803,0.0663296492790236,0.666143451143741
"C815",0.2603272878235,-0.206717368469676,0.421466710258303,1.10365095924084,-0.369136317677326,-0.238804929191784,0.00140111534304124,-1.28161072655121,0.487127617102093,0.960582398136137,0.457428948142521,0.228276693595801,0.809911324295691,0.0235553323431132,-0.0923845456570991,0.113628713780126,0.4859545234796,0.371759114936083,0.00154406382533357,0.214008855025994,-1.43682153732559,0.344786645774047,0.448883060857747,-0.512647144867975,-0.665327674293182,-0.812697836376149,-0.0269731396028105,0.367493827650909,-1.17668138793208,0.47968290432229,0.132807608547586,0.966176765632327,0.443571679353667,0.660739423075036,-0.584397126883742,-0.67051092571675,0.173164185691847,-0.182720741207867,-0.359307629121824,0.363868624843333,-0.361743920613578,1.02930535257197,0.212150491495383,-0.729540165610133,0.606240759726727,-0.531911312232798,-0.264622324293931,-0.313437986979281,-0.0942131415293579,0.369459402159483
"C816",-0.432198903613695,-0.940442699284987,-0.539571438858916,0.581173831181009,-0.798825969370147,-0.0436350955073627,-0.328290337656899,0.360991606104822,-0.00643672173039522,-0.233839338566573,-1.26777786778964,-0.583855357285688,0.667247864968435,0.658081654148726,-1.07396582566362,1.12235551989126,0.0422620015799347,0.914720181881598,0.20478161509077,0.485174419758084,-0.279935605565553,0.772648501868734,0.589696967688418,1.45585919019214,0.39735560832941,1.25769347640142,0.857594296724317,-0.559383867103712,0.0399156138805051,0.968125645597867,-0.347959319472774,0.686118087063281,0.353772031135015,-0.689670275737685,-0.0060467828239158,-0.895324064131928,0.0214417832882884,0.19821143536012,-0.432676400903905,0.413048169969901,0.34496670463737,-0.118446301217057,0.0428716740444547,-0.307572611485876,-0.969620607312005,0.73795372917514,-0.615139902065016,0.373464527517403,0.28372963408774,-0.216804749772744
"C817",0.662595276438259,-0.539467265302865,0.119389483091535,-0.962056788928971,-1.53730361309342,0.369722238260087,-1.4720874048872,-0.267744217126391,-0.106065156605897,0.508087176761405,0.359986040727275,0.151465284037867,-0.158748256089742,-1.23664693188487,1.27544121338816,-0.0861107924669803,-0.251203199673179,0.268742971777939,-0.106580296726482,0.0602245921520846,0.79224430071405,0.937185907926215,-0.521130746074212,0.378523906247081,0.980293225103583,-0.111205102029847,-0.584039291660954,-0.445153620511201,0.866302860693387,-0.237513575393737,-0.0150626027203651,-0.237406775090411,-0.324028615225221,-1.64505064381401,-0.253899431713518,-0.910712226563581,0.15697165979994,-0.256857751609596,0.326370929705359,0.208622578905329,-0.594383950470021,0.107709821429095,-0.122922480907711,0.716893852406041,-0.459542618429589,0.160206842683089,1.23176064604664,-0.114722398143936,-1.31374720801325,-0.159703389145821
"C818",-0.0871023777856304,0.251137825375089,0.425270438875496,0.118678008472299,0.959954614383481,0.449463557261853,0.611126161329222,-0.167172077416838,-0.243997831960249,-0.301504796793755,0.385569649165108,0.517566015433787,-0.0537112336071083,-1.05223555026733,0.238103030252932,-0.172530738264609,-0.227629997508866,0.129533252837926,-0.603545171851211,-0.164603515795689,0.353909129626604,0.432988319266731,0.70398754416562,-0.412190742769278,-0.574777053170017,0.193125111028785,-1.10482739137912,-0.962945393692914,0.33349529779992,0.415438050846529,-0.424187409394312,0.989394432204955,-1.08347658909667,-0.415466810802799,0.329970752066357,-0.902358093081083,-0.347710409111584,0.302779668188801,-0.100962083999497,0.769503642483601,0.62093040629904,0.73791545978425,-0.737092546242726,-0.976262743056207,0.892426192395627,0.947034319066873,-0.390105080765668,-0.545607887326701,0.23882543871229,0.264241103953727
"C819",0.224333259862029,0.51360836086511,-0.664881702406058,-0.55726371504045,-0.0637087012856016,1.18531198039997,0.34637641014132,-0.181809457229503,0.646223438752482,0.0924706210564737,-0.715741598319762,0.40775709796868,0.242420845724285,-1.61841804439772,-0.820334384627017,-0.187705339189903,1.0250657475139,0.43979931445992,-0.76013403206357,0.871287217534802,0.199952574484596,0.760235464243555,0.768020573123497,-0.768130462925843,0.389389393012161,-0.621719197055561,1.38478099759526,-1.03484961144982,-1.63499794474196,0.499270140790164,0.802804528281718,0.72663820949789,-0.023643263260672,-0.565751920450837,0.162850391210673,0.0160607997481909,-0.777743742896093,1.27263658234729,-0.17198243346013,0.556365134916507,-0.433569588358905,-0.0501877715416609,0.285547887846946,0.152590117237911,0.00678560254622347,-1.17166896088708,-0.00768383703976738,0.842781670643873,0.226662944860767,0.262793301939465
"C820",0.15918715297865,-0.534129806339381,0.267602638558575,0.262708058300912,-0.50808259257039,1.1432127938618,-0.0466957275517999,-0.0391897108286446,-0.026638839168867,-0.11481823939996,1.02638623933968,-0.691924940212394,0.034106839391817,-0.272788221350273,0.47816554765153,-0.477814122442557,0.530632761745581,0.379608232123844,-0.0255798765047339,-0.238623313411836,0.163269138004685,0.225395030640569,0.0908257698211893,0.491220016080584,0.0383713291129145,2.33186051891233,0.0141226766408266,0.216813624746347,0.780597612695267,1.14337983086118,-0.945836729141636,0.034152876143127,-0.357735242588408,0.359568788002784,0.60715730092208,-0.542353694329987,0.352554099358428,-0.218734729816261,-0.0109733914809645,-0.706536553866186,-0.0269704926390828,-1.27674640327271,0.337893181464529,-0.396416955577871,0.461265519323876,0.953484438991534,-0.179811310511525,-0.364367566156903,0.917221561786381,0.0541373699152666
"C821",-0.130391061353959,0.40971034081219,-0.0967334973901052,-0.976807597686769,-0.649153069757197,0.0183398949079564,0.00260800574295257,-0.885215491971587,-0.0809733599006058,-0.072863987867858,0.0507715886059418,-0.338417746237208,0.819233386738083,-0.273003346063232,1.30507484577013,-0.76828652902033,0.418549054420447,0.685310207460831,-0.0227826300583762,-0.674829951988496,-0.205630074594167,0.473788984376327,-1.11770668725029,0.838214787491854,0.0196194859939142,-0.0108709509412268,-1.14399559695693,-0.355718931268174,-1.22753781177933,-0.745826437410342,-1.11831482534196,-0.00603173759580675,0.108145073496927,-0.0541710531239977,1.21445368425594,-0.0810632492540267,0.0627662681714917,-1.20119317979868,-0.799902153898665,-0.156058279588218,0.318552249883992,-0.178596490391843,0.711638696347929,0.608972338539023,-0.0669752445528065,0.140447164082706,-0.190295159161643,0.172595245289612,-0.0935191065156623,-0.237436624523009
"C822",-0.226034924102737,0.530475092733396,1.09175831070327,-0.16893086182634,1.25371965800514,0.07183545128946,1.40780923587962,-0.894909761521349,-0.277462562044722,0.74031683333609,1.70680103307402,1.06816597771319,-0.396129915957659,-1.17162570524325,-1.38637404618825,-0.460900402918253,-0.639464460466009,-0.637568595889221,1.96221803551489,-0.125457168591362,-0.352957798333565,0.131123756004426,0.702206236924353,-0.305280634211175,-0.384758021560383,0.619347418410794,1.60411731368088,-0.199725570494047,0.234069801462411,-1.08313002118508,0.407496219317379,-1.22832266671419,-0.271966189154602,2.6858116826907,-0.148191647548694,1.62799637389734,-0.93211187455955,-0.39335221101134,1.21253940150487,-0.560476706762848,-0.3775770369158,-2.09673282349851,0.0986106299970126,-0.505393009594772,-0.346840377606871,1.1817427134121,-0.239557028098539,-0.468658967052614,1.48683976870121,0.542714051440515
"C823",0.818637461316684,-1.46469179350614,1.02341343296684,-0.838264337761126,0.342034544955343,-0.652540146232401,0.454061848718168,-0.0673478167469578,-0.362878496806792,0.0425009079614936,0.933602716347326,0.384088046582312,-0.710313681587383,-0.164718178126121,-1.06574109762194,0.168090169763041,-0.585568076025743,-0.240751886196047,0.236575723462219,-0.923938126520508,-0.516300566591921,2.16253651174034,-0.823723002637773,0.180550726632996,-0.60568620638808,1.10570798990869,1.3042841558483,0.0448510832836344,-0.592489848487446,2.31491504091831,0.56591328617731,0.242466800100907,-0.825289652284889,0.334328568471353,0.126568786309693,-1.28113607787394,0.396444518748137,0.690994537813742,0.266137467474495,0.434869723821218,-0.289829204577087,-0.358804151436915,-1.23119809982813,-0.191295731654269,-0.107623797260177,0.344602682055983,0.709709038510317,0.168393683705257,0.16251472954377,-0.574439245961695
"C824",0.187112611773713,-0.3444929695482,0.0271699132701379,0.464033237656701,-0.281692552586379,0.272342024340875,0.671188142115614,0.437161629263127,0.418135403031399,0.0341764448325648,0.250853344440688,-0.51081420323999,0.744017390478782,0.0368746659165367,0.785975481843381,0.5702132969417,0.684170830219107,0.167391592048771,-0.172062313812087,-0.465310734319693,-0.27128498212766,-0.154794001252388,-0.121654513613986,-1.25298063062109,-0.227644394319296,0.851506685677637,-0.565988728170064,-1.04081722787352,0.621358964249029,-0.0174989752098056,0.0114720314310412,1.10647690318642,0.261580878213198,0.0562639984279417,-0.426294860462827,-0.0954403062681113,-0.432300507617456,0.624455001090592,-0.296135488093966,-0.912225648836963,-0.947721914769325,0.0186059495937841,0.231043365632211,-0.569463947131638,-1.27922720471386,-0.465075002025288,0.22230627032674,-0.824783941106174,-0.285648032701618,-0.437930904240463
"C825",0.434069730567861,-0.741700040634574,0.646956678696945,-0.196236552287312,0.530410395959428,-0.293458911564671,-0.799399860140078,-0.980625592551161,0.0457089259690564,-0.916537849611087,-0.173297813972336,-1.46490530470204,-0.38750875603429,-0.360024116117865,0.505533239385426,0.00278185809471112,-0.61391297407672,-0.144039450331445,-0.50728989546402,1.12168609644122,0.435664916954907,0.376956689742648,0.30136337291542,-0.522029631256085,1.15344368468834,-0.311686860243882,-0.232331539671418,0.110739918655651,-0.704100579229256,-0.603199165713857,-1.27247250501708,-1.10639673396401,-0.560536398253691,-1.25921424618137,0.650249903043129,-1.43243501706291,-1.1625935116309,0.500807822809016,0.0261110511524132,0.453820306279341,0.762498430787064,1.08054021792419,-0.0361010208416992,-0.0161451157858877,0.217558543624602,0.797651307587783,-0.737657314113836,-0.550725306571769,-0.93899903354028,-0.251145768758314
"C826",-0.0296666780402042,-1.12201251806737,-0.759851329011817,-0.412177635340195,0.533958881866757,-0.0278603163688792,-0.80060539042502,-2.1126571323931,0.288657861288604,-1.05382035231335,-0.875803670683695,-0.389958190087824,-0.370329740443122,0.530680206297831,-0.480523518664245,1.2119776129138,-0.104681770183829,0.89755760927576,0.847277229920854,-0.329449068139686,0.0551804691045837,0.591061351130308,0.399319217160348,-0.213194934868778,1.00803043170233,-0.849903550966061,0.998614100574944,0.637802013357644,-0.395502496306079,-0.787701247121043,0.710229094449411,0.338157516988931,-1.08844182728527,-0.0645028751155381,-0.0929912666306201,0.337680285431832,-0.126117692727396,-0.966569759787996,0.604569742009693,0.162761073302594,0.242198133058383,-1.07561314612673,0.321709442792258,-0.217925293424486,-0.031712089426798,-1.6278509393412,0.12055126827289,0.212088619475124,0.948906044689538,-0.724466037893903
"C827",0.172652496601562,-0.644901079231226,-0.913465475165859,0.242533272206744,-0.424880388055167,-0.230250916770113,-0.533662204432019,0.0556637906191685,-0.0737506626591317,1.05836012402706,0.493447957859482,0.0348698352422776,-0.939341211520334,-0.282343572679064,1.1597396142135,-0.701553360372166,0.238421935449563,0.0959148664530769,0.222940952759984,-0.309034868436275,0.884901708738576,-0.977076427680484,-0.486667348975212,-0.272931002428517,0.400246691681092,-0.151432798718176,-0.820688677224592,-0.126598755948808,0.296407822665885,0.678404039906001,-0.13439941116196,-0.552690847909738,0.118071683824307,-0.480119434806559,0.0751703940218572,-0.460709476920862,0.0314171968319017,-0.653178158328733,-0.611490938987169,-0.173542666630904,0.626690089400547,0.112387384199967,0.0539362174116222,-1.14327012985288,0.263479840524478,-0.266513297476665,-0.149503661240523,0.131657029121197,-0.0441038176669916,0.208539465909151
"C828",-0.153033355468586,0.182138051021287,-0.556070338250669,0.00297930153239857,0.689930597748357,1.51679729162056,1.31077528168393,-0.241767240265398,-0.374505140780814,-0.630269767380091,-0.0248352202248854,0.0114198158935419,1.09714071290813,-0.34465017562404,-0.572015773018579,-0.698617084897346,0.613081169033434,-0.852539646131501,0.324251770473183,0.0519724739501039,0.110796621151454,-0.50871087910686,0.522197524591897,-0.622544799136661,-0.0109458938370686,-1.90067319579119,-0.260184611155336,-0.0450406126143481,-0.290548186310409,0.765921020176667,-0.625636309900798,-0.0850930096579439,0.00503000864619368,-1.34165763452088,-0.810433182174342,0.792238753255525,0.241944299917227,0.969449278597108,-0.831174778519284,-0.541376494706604,-0.250057309630091,0.11959463929894,-0.349750302612698,-1.2086220031578,-0.890733893163848,-0.134947275174674,-1.2849543119238,1.17601922319094,-1.07545674959703,-0.439801388403051
"C829",0.141940358721821,0.538158450684375,0.426806377803583,-0.598479031263579,-0.257290715830205,0.0168861137525233,0.285468060890327,-0.357727803627374,-0.43564692982262,0.474013074405257,0.372513208178652,-0.431951624026664,-0.595264022349536,0.296978712839363,-0.118859624885683,0.00950168015705965,0.107882440827579,0.322307551175673,0.14367552769495,-0.878946194340309,0.183559670738844,0.832247107077068,-0.128554478921348,-0.0123508096400786,-0.291269471027409,1.49447384533497,1.45616915169974,0.345220050649084,1.04717190968041,-0.538388712163958,-0.598000803488421,0.258457396769603,-0.548434697147246,-0.231244451690246,-0.624330374562454,-0.381639921790929,-0.17177047287142,0.278945169956537,0.261460308738205,-0.9643633892384,0.616050681926002,-0.422845432182085,0.70960126803784,-0.369318226562058,0.693011300474568,1.26085374908146,-1.3514574076565,0.00920469172339817,1.55244974131596,1.22615241555158
"C830",0.17778132776798,-0.0641000349260035,-0.655112461492803,-0.843159433560094,0.0303074023665199,-0.182396735401343,0.387382091039597,-0.742137833230313,0.733116252330767,0.593625033477052,0.00561086948958885,-0.0764454411270047,-0.493449937302071,-0.233818353711942,0.935732168517199,0.0973750479692944,0.549750639601159,-1.41812731228405,-0.0581527525579046,-0.841273059766966,0.460404945045432,-1.30730664076972,-0.406664372184164,-1.04297084066725,-1.29855812273183,-0.175412236504871,-0.480356898499887,0.414498935784273,-0.410128148199711,-0.50296716011079,-0.489577409655183,-0.297289918297544,-0.131001171344606,-0.0439169394666307,0.241356660851791,1.05473494298986,-0.92987952144878,-0.535557953799369,0.43717103612157,0.404387692697598,-0.356072126827153,0.950875065139649,0.877590643669203,1.057893742091,1.06046561468857,-1.19839200152639,0.397523637434234,0.844769613192706,-1.01357682008514,0.0674999489656642
"C831",0.638415262592195,0.11641199373146,1.7427032174646,-1.13155528702734,-0.48109423343293,-0.766722149613852,0.0557942610810141,0.386621855230906,0.585040662351521,-0.214855796155521,-1.10231020730761,-0.218381109088693,0.943388575263489,0.993270507284202,-0.171586006591616,-0.973209129892092,-0.042799759890608,-0.476409500945049,-0.0724465290698241,0.708934469860292,-1.25234016682328,-0.524996773568065,0.149845486353634,0.497198120175497,0.449614300647939,-0.961861031368873,0.296028717557343,-0.0167236243527311,0.701464836976734,-0.898317834536076,-0.576059604707069,-0.840760926013131,-0.820391076854349,0.403456234527393,0.0380612278241516,0.913215357493988,0.730613763810874,-0.512539682319942,0.566893414995772,0.0896768615777636,-0.329750777340385,1.00629489298355,1.04927873176905,0.894791357391911,0.587796065778032,-0.557706093072905,-0.168457901125713,1.41076863296273,0.475099653844153,-0.329622689122497
"C832",-0.774783013232542,0.0444824932016254,0.883736397705587,-0.325062843966837,0.652029654051418,0.118156480253136,0.860070658323333,-0.918432742420449,0.383718269070002,0.876690752397759,1.30540010652536,0.161637091286192,1.00370071102236,-0.580710243015673,0.747017193080002,-0.190862377310018,-1.13620234303105,0.974170661177414,0.00412563337461899,0.461219729798161,0.382203266650827,-0.395003558573033,-0.725033222628225,-0.534210869896409,-1.17181063918397,-1.02143040215594,-0.539069768715374,-1.3170656068825,0.19592739917458,-0.883130095304808,0.832254616602301,1.16120635398715,1.28739169802006,-0.519842216560428,-1.11777769525786,0.223287503403886,0.772475139772254,0.728797214935186,-0.730448181343739,-0.835579758864299,0.353765900135958,1.02609159884393,0.110801426709017,0.228506407857873,-0.759955061475538,0.274926113121644,-1.09668664721983,-0.445180503575105,-0.396193874047317,-0.276818996429918
"C833",1.5923529553743,0.55564558093674,0.883758283610558,-0.41469346211747,0.637159885431502,-0.692941214146211,0.0267501622785711,0.119139495752529,-0.624358158762562,0.146350869382972,0.703254051136756,-0.4676329004517,-0.303145709810836,-0.570060947852223,0.890977956957647,-0.410263627251527,-0.595842203576643,-0.654041048428182,0.390478993786302,1.07998374967431,0.979405650153265,0.769153592664855,0.111187481992242,0.67478126021334,0.236775286635397,0.121130684207601,0.232187551458623,-0.6902711066267,0.200337511776329,0.146325087717575,0.408995685053078,-0.795120001450489,0.808727541434168,0.749289425327016,-0.395029509552397,1.19758473340861,0.203938212972488,-0.0443241269374255,-0.361127953653029,-0.193196767643874,-1.36890104423972,0.876656783983314,-0.177808022189394,-0.174866106749681,0.450887785194539,1.20843068563532,-0.21296124829693,-1.05810381890375,-0.0771961568569078,-1.30547236791456
"C834",-0.0542689312421125,-0.308537563105347,-0.332730631425588,-0.0370565881363748,1.16012561613222,0.139254644514801,1.15109449540335,0.0469638534783991,-0.436890558485232,-0.210847559338726,-0.448026796075399,-0.619815638604401,-0.486546556622105,0.117453095162611,0.198303974572155,1.02417809493798,0.549260400146264,0.247036899022209,-0.113725033481601,0.216695214177307,-0.511521784832273,0.253627155618234,-1.33656299028837,-0.718097428328401,0.805339211082513,-0.228580625146812,-0.23202074058156,-0.849025033336376,-0.944858168955546,-0.142796322240645,0.130033652994986,-0.342476711906007,0.284616419059004,0.073540641784441,0.915010718896501,0.372276060709593,-0.298579844582963,-0.293298107870962,-0.654524874143703,0.865287138794247,0.451871057918977,-0.995445685388302,0.6607033148036,-0.932603269234603,-0.701661192324592,-0.00340124567736061,-0.0671399668324341,-0.438926474258499,0.830550831596628,-0.707445248541712
"C835",-1.07349045384051,-0.617426584741064,0.0385645773544341,-1.4572050350013,0.876711690632796,0.732786581116455,-0.763779375592576,-0.666035842323885,-0.889938762978011,-1.93244538998626,-0.55677416408466,0.894446332667882,-0.30615628636732,1.19026077213457,-1.46743323379529,-0.228481424792385,-1.23724918660978,-0.101856640580497,0.136310705064645,-0.332393744148148,0.707353293755599,-1.64050047255666,0.791926725933045,0.372908087496506,0.988810714812398,1.13246627352369,-1.05807366623197,0.725879166034475,1.26114448711941,1.39459174905553,-0.77631792405398,0.0487676862510407,-0.96594358621449,-0.656597787643802,-0.662650995346742,-0.163488656201077,-0.084723668972539,-1.29186553008062,-0.63021772012089,1.31493208835413,-1.27001434110895,-0.374687930254427,-0.0863032231423622,1.3811473051364,-1.13879908514548,0.849594100065275,-0.0909979706688728,-0.609393726569131,-0.213676301412753,-0.700654596176712
"C836",0.466297312665904,1.55301742635252,0.0515890959995621,-0.0770234780838927,-0.284145649194048,0.305963358383224,-1.40281572101992,0.501619067011481,0.156598066295934,0.170488988719173,-0.185320070132283,0.629039970761666,-0.40638236972637,0.112032023250522,0.338395040037649,-0.385626990605922,0.250938789210471,-0.594801327033185,-0.401123360603328,-0.351252998523283,0.43347238039236,-1.42405870047571,-0.342222673333936,0.215501294481529,-0.294971341775885,0.900312230080573,-0.661580458520177,1.04483754212405,0.975947840521749,-0.63556494092545,-0.67389619020959,-0.106697014365143,-1.17619345809388,0.541254462724633,-0.549185930539563,0.75435560428094,-0.151376390381806,-1.18945107903767,0.351533130659951,-0.266304056701713,-0.707229852218089,-0.093340970314427,-1.04566417616888,-0.127771862532465,0.736699383908008,-0.726944528204796,0.174875121751346,-0.171371284809375,0.136122108440636,0.504501023424365
"C837",-0.136153575152842,0.149432891349412,-0.48196723418758,-0.675592504672648,1.20865717047473,-0.237290421697046,-0.301525271176233,0.428605074160587,-0.164882152744009,-1.17775596151629,-0.279991318111601,0.658583446907295,0.142130007142129,0.0774392716723412,-0.0375082465693605,0.391194329906686,-0.600061057791593,-0.357655695104259,-0.42884110438873,-0.114854508761611,-0.340485500790359,0.484570404776998,-0.0599129254967214,-0.232922273616628,0.713924075690156,0.514926450495888,0.0562167877381604,-0.529855050907433,-0.103783516303007,0.960954304169138,-0.755977107916289,-0.541738287521439,0.640348524923324,0.343079053990192,0.4381821773318,0.522625647744565,0.0471757209271774,-0.022406221185348,-1.5269710168642,-0.523406613732438,0.276535497926343,-0.501739167454771,0.540500829184266,-0.102855962382164,-0.451144349927904,0.975953228467613,0.461119899737392,-0.274470872250235,1.00269612436405,0.0455630462533424
"C838",-0.219990360625506,-0.21103257291458,0.353136514322756,0.792910984177778,1.23715734529169,-0.14310075525289,-0.675602012961227,-0.40283787388484,-0.55194751751296,-1.32495936038048,-0.568018866595301,-0.641687656174621,0.137599723350315,1.70260860689436,-0.0491372602904383,0.869991194222866,-0.465171555554035,0.423307758501455,0.910428967489322,-0.00965749709166632,0.501484442265781,0.00236826259706749,0.77009398081003,0.423380558909779,1.49951248718707,0.151776664455701,0.16550338106331,0.689822666747493,0.885221891887416,-0.483975545798928,-0.880297361082735,-0.458082538139142,-1.09762975790508,-0.708915338110928,0.60774440883607,-0.990659215291733,-0.465774053300708,-0.047112105711343,0.669831982120383,0.436479787381438,0.548589873251632,-0.655911810408044,-0.0733950595235026,-0.0783044329806312,0.0108585563977184,0.0760456020762826,-0.11659691913347,0.472421272715203,-0.0486116442882587,0.537476149445008
"C839",-0.18732914900217,0.622198101406451,0.239765672982586,0.879968462630913,0.0311861412942117,-0.419805361669272,0.0709310283885149,0.277015020411373,0.682968990856481,-0.413285570703608,-0.576518768422964,0.0793662840058856,0.862298518295067,-0.533071224359428,0.723375199900666,0.668275772997517,-0.221145440614225,0.27342267060672,-0.371879165615408,0.584255051171605,0.664181193693438,0.614534739846731,-0.110841427220955,-0.42508526664246,-1.01220447046383,-1.24360109070911,0.929792747828678,-0.241547224211683,-0.0634444779256261,-0.000150469704017914,0.526461283683329,-0.958845747708611,0.0234507719467221,0.292633865565664,0.889160818792738,-0.363347985002887,0.806033700175585,-0.457078676319869,-0.10967707076228,-0.533350308868058,-0.551237544074765,0.557801771240849,-0.424226429755281,0.259792935136554,-0.426680938375304,0.23325280321207,0.0271230018309419,-0.701849187370021,-1.0304906627917,-0.0931204713160346
"C840",0.0168882740043763,0.241723685671944,-0.333761837563475,-0.210039209028677,0.972382100734832,0.810822529537506,-0.520283152930825,0.261132076085559,-0.93387638256502,-1.06254254649045,-0.473024807916804,-0.753909740117201,-0.853481711336693,1.22438649543798,-0.705053920599881,0.540147037397788,-0.136850356662264,0.263754300304935,-0.0848514974634264,-1.31591240188227,1.25483433452588,-1.40458360116861,0.995682245133081,0.206420421127044,0.138840972992004,1.98198283765966,-0.848490233113186,0.640685082292033,0.985343385379273,-0.344138288466725,0.859990295505133,0.194557886838367,0.102778538051771,-0.650381253472744,-1.16905679609784,0.410212301298053,-0.0406532554250877,-0.514339900265703,-1.15289969284247,0.332160059799179,-1.51340891591666,-1.1801769784218,-0.481569322871984,0.168954320426153,0.597716451276552,1.81890996209085,1.0889699768925,-0.276719535642922,-0.249479303574909,-0.542282814515747
"C841",-0.334722539893145,0.158458404470726,0.347044175267571,0.273837076812338,-0.405021622268375,-0.359316430344762,0.293533802765735,-0.692981692468547,-0.225312673171267,0.524267515205282,-0.470612101952941,0.629160979973203,0.704830098226732,0.189230942651105,-0.694847529756799,-0.415461790194442,-0.59634832672273,-0.0360200065659316,0.214937381534198,-0.294769830248982,-0.333449172266647,0.785503342476773,-0.0660099989911264,0.243941266045874,-1.14582420808854,-0.428796164796299,0.438867380275406,-0.612348419396677,0.317502568685153,-0.802189766393363,0.737516611598347,0.545513035275646,-0.830911735498948,0.197467938427456,0.480442231607933,-0.0345958516948515,0.30529349702254,-1.42881611454865,0.0900494927050378,-1.65968499310453,0.482250781055099,-0.321888395775016,-0.034344525136732,-0.780516353237349,-0.303034318557009,-0.213968259896748,-0.252852097998692,0.0133493361615512,0.250838729921328,0.807572230660563
"C842",0.200274858204947,-0.213585200531053,0.526721137597451,0.752958315589078,-0.723384838342813,0.0226178941291214,1.29742006824392,-1.3073933793656,-0.0021000838512752,0.438572286970118,0.302157444481718,-0.193623374561937,1.18540614319402,-0.799352249838423,-0.861263211329852,0.34664308775624,1.00575943278712,0.529834799181453,-0.29885459147152,0.203156887764418,-0.118349193241142,-0.202817574961734,-0.117178385088917,-0.21480711745976,0.0222056536861232,0.25357840387939,-0.601078931793083,-0.376685697579101,-1.26339140104307,-0.195593853119427,-0.210869964514111,1.99358438968308,-0.723526496587381,1.4613637137117,0.400134101295203,-0.0181643423796421,0.335861016695988,0.738381844906888,-0.104496504138649,-0.277294391891427,-0.707800001274942,0.108673907085562,0.344225709774602,-0.320626198339714,0.965291189732034,1.15732353306513,0.42584727266181,-0.957257319036859,0.788135505454396,0.130397853263139
"C843",-0.653884631452786,-0.316741832562817,-0.855699143876405,0.429563000044348,0.68705018476354,-0.191375853487847,0.156759214015618,-1.01737783728285,0.302505616407907,0.493184583145181,-0.362543642481452,0.0387826663426666,0.2278703998791,-0.975691945821194,-0.0170837484270343,0.384422805947674,0.0391890855923436,0.893835105538418,0.407909399347484,0.458587239673629,1.15099126923724,-0.406461673241305,0.602572291721265,0.455809668697282,-0.142934909451438,-0.118851000146372,0.000974981165907517,-0.0589262966086122,-0.59513940447698,-0.0491380685421173,-0.315800635447695,0.455653575176537,-0.185026564938753,-1.27290228931846,-0.210440062075245,0.279183374459705,-0.382838072310202,1.24748150424226,0.263622696221424,-0.102481580971344,-0.809599568409788,0.266023885370147,0.183783056180588,-0.486424061179503,1.48830972048411,-0.5583333889591,0.000674656454047913,-0.135000758293428,-1.37166492658453,-0.181383492898032
"C844",-0.715154202567533,-0.385759008675609,-0.0161323524904637,-1.49134146439405,0.721324580227731,-0.676925524852674,0.388956309426744,0.480763613533668,0.302036193695416,0.271300774380944,-0.189742283109932,0.958504541280907,-0.637457639438239,0.0844612773925158,0.089251611691252,-0.82855768292665,-0.663625025403427,0.291251339957764,0.217946068086542,-0.615024679698736,0.855971578529972,-0.334153204549716,-0.252301732712161,0.309345404728533,-0.393342986804028,-1.03155473761194,0.350278485922958,-0.0789316037407369,0.218791061151309,-0.231716401876234,-0.556651515316264,0.153511167744816,0.791451902473678,-0.400599929715269,-0.35852370245811,0.199001235750331,-0.132949428913122,1.08540449084292,-0.868099595989929,0.571998626088524,0.492138975346181,-0.334030573576689,-0.406581480276722,0.27819623882865,1.2879955868381,-0.753839714890584,-0.80617198271073,-0.0406860992622817,-0.15044055644932,0.727861743354852
"C845",-0.630930121430895,-1.17870103820527,-0.235643824113097,0.259226430001444,1.01910207461807,-0.56016874531989,-0.133843411856916,0.380654797821963,-1.40212395426362,-1.2328084301726,-0.328025916596828,0.280225118691201,0.627378765114155,0.0240505218257075,1.03303287665635,0.113667270979254,-0.0909393844827562,0.380595963975033,0.154708566045923,-0.644656137340418,0.545586801322787,-1.31388633735334,-0.194249237033225,0.244452900240215,0.770577479431654,-0.5889420088596,-0.808616858902558,-0.495904313423183,-0.0459686446512248,-0.473528015989193,-0.0749112428069181,0.00105126367461944,0.42234348920263,-0.233268508776924,-0.630983573797649,-0.166923068122479,-0.172017463930101,1.33054130362919,-0.505433619498048,-0.736272478872881,0.468777089123205,-0.423788090579724,-0.774032787264419,-1.2977228568949,-0.262225323628144,-0.1275227565082,-1.11279282002564,-0.409486560443921,-0.798146832533448,-0.140259129787652
"C846",-0.0206833340096132,0.448140662417707,0.160736772467372,0.154483464071981,-0.666222638472707,0.0242614879577447,0.00962313303449425,-0.458015698186142,-0.453590120717517,0.309359156391828,0.560337267019805,-0.108038684587146,0.171758778760203,-0.680740940020553,-0.0326018487772775,1.28932319167003,-0.607300824366574,0.140183596753036,0.597887468646932,-0.310542943844678,0.998187763585815,-0.758144026373158,-0.411014436183384,0.385763606997724,0.234667724216783,0.306952528122247,-1.8315955676528,0.939760409529506,0.352166250851241,0.000415453405920849,0.898301600112973,-0.393263414918034,-0.733663684332975,-1.1386892881994,-0.415058691800599,0.866621624622979,0.318581280163207,-0.428618548630459,-0.665146440292516,0.918472820695349,-1.26983301685206,0.602842636930346,-0.170072809829217,0.344358996172914,-1.25458525742585,0.559781488677234,1.09824508041576,0.104249549567682,-1.18655345508944,0.744269598644778
"C847",0.396684523377525,0.0658474107566717,-0.297675636679944,0.149873988101542,0.659571727929706,-0.544729681213533,-0.137557721713194,-1.452424092555,0.515995286559434,-0.285689978426842,0.0252411192715504,0.520402282910577,0.975156006734718,0.263930022093889,0.574327540141319,0.588024237714902,0.0953490952746379,-0.91347256832123,1.03169280246447,0.186787267019421,-0.256123051389738,-0.109672632468905,-0.08570047694403,-0.853515954805512,0.409182731193283,-1.15423468081484,-0.155823597497146,0.850501841900568,-1.10905664134059,0.476581318476219,-0.225389768261571,0.509275109624495,-0.929701291026137,-0.719283376811737,-0.0646175274348811,-0.275113565111465,0.250309049816712,0.732323401924479,-0.636230668309061,0.829051835704292,-0.292324579121855,0.053491579462094,1.36298209955775,-1.02523794151068,-1.33449276913618,-0.345775511828112,0.593730363715033,-0.810510509452555,-0.324725352894613,0.0899492401356036
"C848",-0.231520620008765,-0.1484857140509,0.651635548581365,-0.448838583514511,-0.525799137389419,0.149443662389379,0.14624508658364,-0.248416172359208,-0.49604968875348,-0.361111614489629,0.945718636581887,0.989144323010106,-0.504966200392677,-0.818932059028133,1.58088250959699,0.500108062186917,0.220926345208333,-0.28516725873851,-0.410732338135983,-0.676029672608453,-0.114631211350542,1.13148034762333,-0.975591323589713,0.20065889270512,1.09414059227482,-0.0886837692610966,-0.990391100780099,-0.989916681802281,0.166418827832987,-1.12808923213606,-0.0830588432119796,-0.601751558775053,0.0424350383793328,0.634894967665506,-0.482911637918834,0.479710360637299,-1.13197953881265,1.28017155113298,-0.0705913363623437,0.482691718074021,-0.324450037016268,0.939774521923059,-0.194813505488506,0.037981977160206,-0.153281301518603,0.914522193297343,-0.263735240156826,0.810984120276801,-0.642468853549811,0.75191735280343
"C849",-1.03995537259091,0.0542255082421434,-0.210697233224299,0.948957698780152,0.130410568516787,-1.0367689382612,-0.318338911540916,0.494559163061342,0.427989465206058,-1.13998841221378,-0.673223048517947,-0.238047358325144,-0.660331141107813,-0.0400541091921468,0.108029552431218,0.408266147194106,-0.471153432958056,0.559499954258942,0.600297885900547,-0.453752570557505,-0.0448625582737482,0.136462211432239,-0.223332712269338,-0.501545841042054,-0.7533958609185,-0.406169583676868,0.569261069784902,0.349524708919115,0.0661235875424941,0.369332456660443,0.11744893012431,0.330018253525427,-0.452970109367412,-0.0288479553545317,-0.789087909522704,-0.69323791470811,-0.449668094659621,1.67788996018376,0.482214966099565,0.0250132535223647,-0.0547991794166508,0.480897337630702,0.163432172338993,-1.07494573229244,0.434377622719467,-1.06571917567999,-0.768759686596206,0.289903533324515,-0.0114997024161625,0.448523624155717
"C850",0.232675698005775,-0.113366853321737,-0.838559680681995,-0.117540161906712,-0.338894260279507,-0.299861223272686,0.0800273746309673,-1.02051475730789,1.5938288606423,0.343189449239731,-0.950762954084934,-0.18010101798369,-0.0733982381306816,0.0366711748123824,0.794680125743564,0.0298711955069826,1.14385943596312,0.0749332989798044,0.661178084142512,0.00872963148032625,-0.621820972342925,1.32687574019943,-0.785416977617257,-0.377427798500702,-0.700967564368646,-0.122012631940011,1.15101317259564,0.740347383106297,-1.04354026565591,-0.206515637046442,-0.15881461185257,0.544347965534159,-0.876086116690548,0.62914423758437,-0.930458410459533,-0.0350929039657118,0.69963873042108,0.298645434051704,0.582275432464635,0.119314198026991,-0.187484365417991,0.307522483152632,0.229258543180319,-0.621556293407481,0.149614039934315,-1.52462087516064,0.264663092515347,0.890935862028223,0.0231692274042765,-0.315049398760966
"C851",-0.198257269137698,0.200796866777616,0.588188884251872,0.818147921050524,0.377334204619749,-0.245119186241392,-0.534835434391974,-0.187465034835732,-0.878464516659581,1.07793481748097,0.66538884888855,0.906496972111945,-0.444956053240098,0.777068858903797,-0.386889906269414,0.935412434167257,-0.82809686816213,-0.331244387760816,0.973352563356582,0.286964759564685,1.24146799487416,-0.457251665291831,1.03458214042694,1.12690667137714,-0.395581991988755,0.290527910993694,0.910004421238393,-0.011044997400827,0.529600208150473,0.597850506045743,0.422470033582477,-1.01946949325286,0.0588966457789304,0.483112385630203,-0.826561763500367,-1.01146727872926,0.433736070269641,0.385831561355343,1.10449548531031,-0.241628830599201,-0.713780593707413,-0.996209811781981,0.925182453109037,0.0773715512363669,0.847336213494383,1.13749686531668,-0.0209375650730039,0.833049724845538,0.650925100543317,-0.121142647115653
"C852",0.218421359759166,0.246952874403352,-1.07525661359033,-0.229191261563961,-0.231288605588237,0.709486671923658,-0.897523059932541,-0.526174843371154,-0.304975203000856,-0.406335005834469,-0.640968886939115,-0.215839288131804,-1.37453156595065,0.956611824656293,1.72165786582594,-0.497339612708811,-0.0348287271325344,0.0272904736904422,-0.0184238763174762,-0.285914245669864,1.50158054054695,-1.51668281131176,-0.628830001544007,0.415007806287163,0.299817871503578,0.323993080456004,-2.1715863212936,0.319923665230137,0.751809486196131,-0.399259369773855,1.14612211739426,1.33785319900264,0.159958426629144,-2.03365285738705,0.250143115897576,-0.464803803510233,-0.138205760455975,0.231195757812939,-0.639183438117951,-0.533440409625865,-0.209804413989838,1.35921586072415,-0.245820883529837,-0.406956927909451,0.191166660364983,-0.591951686290887,0.0547948216132662,0.988018087398364,-0.561139018387518,0.72099771191188
"C853",-0.877899494023838,0.943213679392908,-0.0581144805004658,-0.98026876769838,0.234534760194249,-0.353798326411718,-0.59227913333448,-0.62301842744934,0.229633129173155,-0.671037651278081,-0.0719088081305369,0.0109266563686497,0.631676811420192,0.239226034437044,0.0407369123159506,0.469466282549125,-1.06873790907123,0.0510804962236171,-0.476429794247903,1.08748112487868,-0.572955356192875,-0.00112397490153973,0.144886883632698,-0.0179056003106808,-0.0406543504120169,-0.513938313474123,0.608646884657312,0.297432465164752,0.661351930375267,-0.610341906892199,-0.371116118121038,0.0425553571168635,-1.55860648879841,-1.27624087526439,1.42586161857858,-1.16661402688909,0.125958279883185,-0.559109172733924,0.382102643171313,0.0893695493354266,-0.0968520301571446,0.389807609516334,-0.60952769852278,0.575153339393222,0.66998846486599,-0.988388631868929,-1.33227915845234,-0.785926242503619,-0.453105420142719,0.549353717737341
"C854",-0.756490252289028,-0.0502135367137552,0.300146702964115,-0.55351638152614,-0.197100509313692,0.415680391311115,-1.68854163860031,0.00478182052622169,-2.10061499125323,-1.10017866000789,-1.06348670950225,1.27587229812744,-0.758443436951338,0.0540669683247571,0.212248668169659,0.330580310838046,-0.588687284409574,0.527261321148716,-0.214100354298254,0.735705009783042,-0.0615406004453765,-0.704729525354347,-0.266297210162349,-0.444790620020366,0.231529435159753,0.659311395528683,-0.31553264002723,0.767255234389942,1.0060558952511,0.377876178042288,-0.39004064344754,-0.702356886330461,0.476772422934413,-0.62622114814657,0.269627302753413,-0.928715595495665,1.07973751531359,-0.673057542011886,-0.881209172153968,0.759313618649471,-0.0406656515937604,0.206031356604145,-0.2605438837516,-0.72087647364554,0.0783571287653095,1.07074257390644,0.102127158611722,-0.48156827026722,-0.0832495657814089,0.408900660140489
"C855",-0.323973814986649,0.319948697232635,-0.136153840548872,0.249513621150315,-0.0533100532514528,-0.339275140993611,1.63890116582891,-0.348348212193587,0.971983898139004,0.205422114276313,1.13238469075914,-0.925351014722542,-0.237830814353814,-1.10562000823517,-0.971457453606989,-0.119410402503859,0.0802567881227799,0.131057580165588,1.28719468285325,-0.88566964793825,-0.899948167660969,0.644326739973135,0.65854362985467,-0.380519985836053,-0.304104422869074,-1.20215304952604,1.17854032983567,-0.953356184752323,-0.775731700955466,0.0701100877558805,-0.143496953065183,-0.52603808217713,0.716476512738726,1.05407975788264,-0.893105895296081,0.944495590278645,-0.277888269260786,0.76588139700055,-0.0851673859947776,-0.433609396748698,0.278910020160232,-0.407831561940372,-1.32106024045272,-0.0226952524516193,-0.355061058403234,-1.36779735872063,-0.337562445262134,0.290467791905347,0.662235265744169,-0.339762308765063
"C856",-0.00123469431657541,-0.0455690196729387,-0.877908786783516,1.47235482824492,0.637948124015174,-0.326744089355505,-0.216317915156081,0.103508106452758,0.385985139587106,-0.0375214163735498,-0.226090381642703,0.97588272195108,0.155372799100994,0.87644447738319,-0.467586135956817,0.114035993924692,-0.323409890193417,-0.217675173709924,0.753906558047388,-0.0413806666263237,0.618807148605162,-1.28492052627222,0.054380193910568,1.1095649080265,0.191619254784027,0.527940789175078,-0.526481779046209,1.3336800472246,0.315543396178215,-0.389682138237883,-0.60953695645253,0.605083638353673,-0.682356653522852,-0.0755284182904004,-0.0446688920526212,0.613441540968998,0.230931041704644,0.854356523686266,-0.582545047096156,0.871319271676964,0.235701475117543,-0.0164800047760299,-0.0674155386325092,-0.793925773329731,0.577930366533893,-0.106404309369196,-0.0726833369286476,-0.116618582582016,0.217634876678469,0.0546006075775627
"C857",0.320817319574349,1.36409140229035,-0.760030887708073,-0.365020470532916,1.07619946173416,-0.495860161316731,-0.93233840135688,0.328611665331926,0.601278121876857,0.212879204955417,-0.411317463735899,0.278346896300064,-0.359120976851832,-0.942812340880919,0.500231758320247,0.400974903873749,0.144727633983847,-0.149536586673382,0.305093584681553,-0.0428437736724236,0.643183873135866,0.312160159613954,-0.0878142346979002,-0.411933159632941,-0.40340523649272,0.0872980234092963,-1.12900837155329,-0.471043377895163,-0.140573437414791,-0.178897502079646,-1.11314844481844,-0.53667064776711,0.609484849632911,0.250736488928116,0.721565002936128,0.452859292399838,0.386103180690883,-0.462980911557871,-0.503930016609759,0.0627186065605607,1.03263170988332,0.217876718062464,-0.0880383197975327,-0.346905890114921,0.340144528737628,-0.0595956481106595,-0.507767976614096,-0.531013040747482,0.0412069003248274,-0.126355794046703
"C858",0.100583662234744,-0.209585331222025,-0.895266375608045,-0.691437489059453,0.524127308593221,0.390598731217199,1.47567310728404,-0.534150420531808,-0.293304467775651,-0.481559232235098,-0.736235513667765,0.248131453279067,-0.292338195896814,-0.158535507800437,0.56387526026785,0.00358841498611381,-0.573724237439731,0.272421818450415,0.190686692134462,0.229120021840824,-0.0704435026975072,0.542606432223138,0.334423122610156,-1.06401803944415,0.487801190006036,1.27449277596626,-0.817994747956489,0.658870811733937,-0.422441722840228,-0.551859825716452,0.101554221268551,-0.27511836880659,-0.311291548377856,-0.95231516188247,0.52454730945163,-0.0707156345437912,0.00193936834206376,0.179635561732005,0.448097232223396,-0.312106468622052,-0.65408981595835,0.133118461669137,-0.766917669875341,-0.823841464340594,0.384354542417982,1.23053342049235,-0.26628530263158,0.331388479417445,0.986387072037018,-0.406735122641775
"C859",-0.812602786905468,-0.650557065089826,-1.06595637216872,-1.57156860848751,0.166795901549702,0.0449939818406051,-1.00071664277763,-0.559900318933231,1.52145244383436,-0.757936210058627,-0.582504776262936,-0.725056020664907,-0.0108743803012294,-1.56669773161251,1.32754833176559,-0.243759030702742,-0.215279278243532,0.0285321590547809,-0.0976957638876182,0.093141935801268,0.455644456694257,-0.845854249863046,-0.562353771847957,-0.0171275460269781,0.0193441465126813,-0.663777476692129,-0.23808500658339,1.32299630387847,0.0932359995693204,-0.834123069131219,0.11231160786867,0.808316814293272,-0.19741888219039,-0.791416760759674,0.656083253460165,-0.470577435567829,-0.336706678600468,-1.18760613260051,0.0591122200450609,-0.275579583314466,-0.368265557098552,-0.0304877528071536,-0.550409117523907,0.0606848679092111,0.95735267232622,-0.709887254910616,0.874353718871854,0.255930068555617,-0.449070233463412,1.02011312060657
"C860",-0.0714141892762521,-0.359485470568944,-0.33824456192079,0.243304792155522,0.634560404360942,-0.0544198272988745,-1.19844174789109,-0.179666287968748,0.191216859365492,-0.738129498535296,-0.906371247649379,-0.250789292317419,0.233532951193234,1.40513410648071,0.143622240494974,-0.441605145271137,0.13552119774323,-0.471789743996602,-0.40101635483044,0.644590518813228,-0.0974791634163808,0.253788395067418,-0.727704462832357,0.709958406547291,0.325051177316282,0.323478502400838,-0.461632915514169,1.64452964661788,1.03642700852775,1.03481885308001,-0.281084815946323,-1.39029452126717,0.124006940657924,-0.6824498091494,1.1702218540847,-0.960572150885564,-0.506479878737287,-1.37135024125299,-0.440923616348194,0.380967578906488,-0.224168942493753,0.238029483249298,-0.437196114496932,0.654305871375165,-0.638065751347667,-0.475008524973622,-0.198527556033038,-0.340528034942342,-0.648044099122588,-0.891256119289534
"C861",-1.04327682702086,0.722857225428002,0.134458021331689,-0.487124615902865,0.231811245874194,-0.684707023928173,-0.160169848080804,0.768831564327765,-0.229556014689755,-1.64321501018259,-1.22394174531687,-0.789681985063548,0.313998619111446,0.310594965815151,0.516532710736881,-0.753295374783625,-0.173098569646944,0.511607723675473,0.370966446709609,0.238162016862523,-0.582280401331983,-0.312172970875047,0.435406261320122,-0.256336154520049,0.894407930186188,-0.045667924980503,-0.187906866532366,0.66913713028425,0.909050387552445,-0.0396087812473098,-0.0965001564564752,-0.340918999303461,-0.705254530347128,-0.259447454919296,0.0131007628288618,0.578057198582752,1.21289584720613,0.898557036443938,0.944119579423156,1.04626786708801,0.118576376020356,0.773295882034362,-0.100856217118778,-0.021874381291387,-0.429369943094188,1.31766328450333,-0.614127633629696,0.776614446028774,-0.259961211327131,-1.04384129074728
"C862",-0.195928767482455,0.135592540471004,-0.81699245964637,-0.644071576860317,0.502506716677696,0.119929552676522,-0.521928764483541,-0.865374902696594,-0.0035029983289065,0.446544865402394,0.789952504355509,-0.647821578546827,-0.692428204622305,-0.311709693427206,-0.784414065629533,-0.423145195636578,-0.95052702742893,0.142566047694479,0.756697687233767,0.0392573983829157,-0.186216629325652,-0.330179410082326,-0.291181805719115,-0.0241783304407541,-0.616002231226243,0.000756260378134711,0.254564377595403,-0.521623149268612,-0.738047289811558,-0.432462259596576,-0.088880147221788,-1.33416068133569,-0.362389719819347,-0.987577520825038,0.510934017345704,0.899960143731091,-1.49239330731044,-0.606418580483994,0.219629169610789,-0.708455254642345,0.971600029672813,-0.449472149956741,0.607093925746508,-0.253584305784338,0.604459400580688,-0.440315613629634,0.612312009522992,0.664349541390922,-0.191272272454447,0.514453303613151
"C863",-0.24632894451882,0.779070761646693,0.489802128950685,0.0455201758032084,0.791232345087242,0.404753952226844,-0.503807124182197,-0.220936600603263,-0.734158936697593,-0.297597368748985,0.168235504474923,-0.256970765736495,0.663996493788632,-1.26702713959171,-1.11543014116816,0.390495531258399,-0.676560932516924,1.24238361806171,-0.831141390137155,0.352156355933668,1.02827678018964,-0.130826239666492,-0.266437848162029,-0.867442843859615,-2.10552008107702,-0.791033618709388,0.386258615788598,-0.554896917547064,0.896537250231653,-0.499664468857684,-0.204449901853113,-0.636629331226375,-0.67790973728273,-0.432664801661393,0.841152658173923,0.0940284842483362,-0.663007061517147,-1.31267072492743,-0.234052873766363,-1.45801436032325,0.43496637130905,0.188300301668111,0.10774899722413,0.58723244209582,0.575035434664781,-0.158654006307998,0.273648031185435,-0.231496840745881,-0.214362231777203,-0.157638241390825
"C864",0.141324941778149,1.98762489754017,-0.55113258433398,0.683849170529814,0.186793143016354,-1.35988655979591,-0.41454125016387,-0.448129475909455,0.920852349876914,0.258960657116102,0.198431558041891,-0.148059878238578,0.910393566802512,0.0441196968304345,0.33183302479193,-0.318974827117221,0.293975353505996,0.00232829664762532,0.0730030596243376,0.451669343271017,0.0544855387884061,-1.85179534375414,-1.02393844078169,-0.121601397670852,-0.0502845334195232,-0.516192583808603,-0.808440739993193,0.956449478741363,-0.159021738202717,-0.738107030562696,-0.470658256610535,0.496688579611896,0.315588244113664,-0.93033101209658,0.00723953218190319,0.574541576868964,-0.136702987786468,-0.058150715688932,0.373363673567722,-0.0381434391228753,-0.165594948626803,0.439331615725232,0.144706629960204,0.333118433306896,-0.084061829568844,-0.0160644582518725,0.274226052439629,-0.123289871918058,1.40749508786252,0.295419583006029
"C865",0.0957597233910211,0.543131678878739,-0.313928938677237,0.600571597119737,-1.00592069938692,0.305459336894517,-0.386813869255892,-0.922627505174104,0.895010135088747,0.592528069921784,0.090980065423927,-0.119079203490795,0.92478981244008,-0.224184577965103,-0.390978777718196,0.639077834858297,1.1059525443609,1.26637692195116,0.230597776917458,-0.600000476892432,0.480725859943977,-0.250213323538388,0.0349829393808879,0.519139851926274,-0.792592646452846,1.01625971446096,-0.452650715969865,0.425017307704743,0.878705189151241,0.494421510057944,1.30723207816183,-0.15449049482537,-0.919707255577221,-0.56946600081831,0.437108997636263,-0.703422522031975,0.318591181735956,-1.69864621627273,0.610718759492221,-0.262530907920437,-0.181985538102496,0.16456217145913,0.769102311739374,-0.371130676738136,0.363714889852674,0.0160421089381946,0.852957704943617,-0.716022689556663,0.421744444593354,-0.510309261173197
"C866",0.346683093936521,-0.086298608962623,0.503276494925604,-0.0235526561250137,0.186286885522981,1.21628505103595,0.0572279544967475,0.635710557763767,0.656130802630571,0.816260747949807,-0.363090279535118,-0.110999249385593,0.442122471838812,-0.192971562946783,0.582762024047692,0.0923021997480996,-0.0398816085878889,0.120738699401881,-0.468555418715263,-0.227305616380612,-0.55983079123615,0.156845212533906,0.186830895067997,0.350995592715434,0.291632259031369,0.30177551986981,0.778046100632488,-0.925152311993898,1.11430907927134,-0.671477588927627,0.0686507375578205,0.364175513169002,0.285640733911835,0.783672289583137,0.065316713316318,0.205613005766107,-1.12216520423834,0.404986521886826,-1.02537520348381,0.578813561816275,0.237428231458165,-0.287100494623295,-0.761245441823922,-0.183565163574686,-0.584433743257663,-0.0792329578400152,-0.298716512104581,-0.0302021034173311,0.0227381051819628,0.476780466025366
"C867",-0.0726480641671777,-0.485636089183341,0.848599867529973,0.327415024603984,0.671468314688786,1.19600711018715,-0.488612547060515,-1.02592295777291,-0.107739675480417,-0.126721009083068,-0.162966887020683,-0.0430313514635099,-0.370127671336026,-0.0978836959459431,-0.288748780875156,0.501593460988085,0.677766985061446,0.279656089810195,0.0727613706889146,0.559339875143996,0.659057297469504,0.407361023092011,0.696425036353472,1.9706020286955,-0.333523827332489,0.210084698651459,-0.598762447765725,0.231080192610129,0.54249006428513,-0.787390492415911,0.378409269994547,-0.543761933118763,-0.214318839487563,-0.97645559690612,-0.790152883015122,-0.361272431784754,-0.594177668822258,1.08103801885029,0.00743908286555572,-0.208134047769513,0.510244557690133,-0.645927936973997,0.304129250413567,-0.289918442317021,2.08459782474487,1.01853373983203,0.0820066891359818,-1.19418975317161,0.399781411709173,-0.884112197505952
"C868",0.0155987689237177,0.361749516636029,-0.576274954133963,0.0800328665148436,0.224210474127629,-0.345524546788938,-0.568589928808103,-0.985018352258222,0.3607187548697,0.469230016711556,-0.643055623059733,0.00313643281220328,-0.291412444677153,-0.667425513660404,-0.273727700753575,-0.217561789809913,-0.231514090844066,-1.10673718517952,0.129163556961092,-0.00635569676944926,0.649109882910434,-0.161710267284867,0.0335659420777983,0.782638954958758,0.327992146865595,-0.0741605031035715,0.114398159912912,0.558267857572749,0.363984531264995,0.31640910543316,0.753090457869147,0.320623223822871,0.0077627730863207,-0.651297080699459,-0.621557639207914,-0.254596821205245,-0.0960459264926262,0.460818898636504,-0.952884430016711,-0.190081259889788,1.18019714900996,-0.680530235811613,0.108355960630863,0.374750565651087,0.350575096565774,-0.786903389785049,-0.60014713458884,-0.597995948628808,0.0651628942949822,-0.419392300272867
"C869",0.326335854145802,0.269428077214988,0.707121793597478,0.415920370588002,-0.358936022383393,-0.0128618519115247,0.50486219236223,-0.25010412311895,-0.952681422870057,-0.120099138334703,-0.289179137086455,0.765269298157514,0.14555747620755,0.488806232768212,-1.63979065360173,-0.0510300882666575,-0.416859146742912,-0.882087152000307,-0.876694779225877,-0.0268932801506001,-0.365877474954258,0.207895519828816,0.532618444104724,0.113030245660861,-0.116078317693137,-0.391228946881344,0.584053018341375,-0.366284761313651,-1.0937166631901,-0.00536468725954388,1.07170667656167,-0.234372916909524,-0.858811776573241,-0.00731723904148542,-0.995878150522302,0.358261850666956,-0.68178420386441,0.728894514715075,-0.224411717141787,0.869377474382562,-0.136372240476754,0.419370232902658,-0.115926486222546,0.067060430426369,0.237907048888077,0.619640707692053,-0.771818612962649,-0.191740368633772,0.172833836387049,-0.597131254586782
"C870",-0.440894481317697,-0.873343795997462,-0.998382822591379,0.399399279332941,-0.415430737830054,0.425170878717387,-0.394234485621944,0.450976184819044,0.428666132715245,-0.246845418277924,0.338818856331179,-0.274618190159191,-0.373531170069574,1.71338293387009,1.53085921884342,-0.766159670701234,-0.20607900265262,-0.159745326488483,0.187802763472449,0.808367658763583,0.762808801652665,-1.24667372159058,-0.0899855998531711,1.88665396137773,1.27402805709648,1.02946116296801,-1.93585604085721,-0.132306860911853,-0.173409823675356,-0.2240421379931,0.115788703275518,-0.932370150635533,0.0293324419602766,-1.84131669465398,-0.25001068087352,-0.955666384097083,0.531949972687468,-1.12939081495206,-0.0917364115147898,0.137319234607384,0.0394805933404741,0.840435835168973,-0.286373366009314,0.439176507734952,0.58817031971096,2.05202562836541,-0.333499692138492,0.404910945202855,-0.991804368158914,-0.155567935413903
"C871",0.253122541826983,-0.217312634896487,-0.118770439317963,0.3999790120906,0.317318814796638,-1.3033188570348,0.845252962613095,0.408247195511375,1.19764739764773,0.37887690925252,0.0911488979293842,-0.559777694777729,-0.515793132896738,-0.111589783424871,-1.17071226203067,-0.366159239615729,-0.793301087726216,-0.34169749030983,1.94875155224816,-1.31264301286279,-1.68378524356355,0.638978569030316,-0.249879672097508,0.228732006719538,-0.425190759545001,0.575218277785243,1.24486017903776,-1.13319987188515,-1.02707336376356,1.03798647109291,-0.304781121576166,-0.138798020605911,0.676180049000685,0.627174258189708,1.14158195354762,-0.199889933916809,-0.809899911148863,0.155774687063727,0.912691496490811,-0.498790970827581,-0.234854679875312,-1.67189773924065,0.617381271854429,0.0723695248182236,-0.384497599048658,-1.42230533696234,-0.474508275611967,0.0281876137410704,-0.164886381929062,-0.965982370600261
"C872",0.21674554011031,0.731284619220291,-0.229825811325285,-0.0958617000337446,-0.246520408598033,-0.5666313244965,0.655000669379913,0.161596034400895,-0.0080346325297076,-1.22723998076364,0.0980859120976028,0.578542097867254,-0.565409216242378,-0.483208493970641,0.00566153022606863,-0.780884119850367,-0.105765603996575,-0.748099050753421,0.214897019862098,-0.54728542921489,0.180942317062553,0.163517228472,-1.26130315980176,0.570260326170348,-0.275174193733257,-0.674553584247169,0.454879643579222,-0.892423680870563,-0.505884173453416,-0.240136073081451,-0.637911288016436,-0.226846350758924,0.183268145620345,-0.0240881470669893,-0.0177986443061592,1.10292987417809,-0.776484685834176,0.390841763072628,0.228331187388527,0.284778700783293,-0.490865192811548,0.244884462315158,-0.340282804038597,1.07270292551178,0.221552697175704,1.35186581129401,-0.260239064533188,0.542912616421261,-0.481637410718741,0.0815124076947903
"C873",0.23405445407757,0.245983770547151,0.490681818709312,-0.751541864091742,-0.456875497843023,-1.2265602936173,-0.919852698942019,-0.101276191779964,-0.22135141675271,0.0726005035633371,0.591012163227676,0.765937861144193,-0.0619524316846882,0.314551063114217,1.88424022971753,-0.624594055726909,0.0992847573139116,-0.393818270566989,-0.578063804230565,-0.617546155905293,-2.28847577062089,1.15186444927858,-0.121749929919178,-0.282019671687409,-0.192006563593404,-0.675002552892097,-0.237844864197516,0.561596244997205,-0.66952858989291,-0.211681659909358,-0.104431067046232,-0.178679144614494,-2.02529765543422,-0.809152752612062,-0.141678384709428,0.0433694400837668,0.287194326326209,0.376054136282479,-1.02599092508032,0.316678507310223,-0.272246031190202,1.0218692749251,0.60701329669942,0.392428067113563,-1.58140493849793,-0.0710010122063489,-0.538803293217407,-0.305939570560775,-1.04123477840726,-0.0712394547106018
"C874",1.300282798321,-0.477446604146249,0.227146275244618,0.0613420925848124,-0.156740155018774,0.903580133474107,0.752285921702526,-0.202990175088725,0.453904030483157,-0.458242358598565,0.134891297457347,1.55427109083545,-0.0540361304890373,0.0328150591220321,0.527428839361842,0.381376304704792,0.5461334285257,-0.0291684114641749,0.0249414781923178,0.233988316299114,0.262828684855855,0.182816037169739,-0.784148204153134,0.223657140156074,-0.46703166072488,0.116551298896556,0.143754210175745,-0.256439406438886,-0.332574568473235,0.860667568134947,0.213946263809427,-0.0675533538914537,-0.577335813726571,-1.11409563550713,-0.19461825829062,-1.01464137077815,-1.12752672113226,1.06041205203348,0.195337771009108,-0.713306640080269,-0.688068869920048,0.678065585818646,-0.661619753383049,-1.56792708592494,0.0694073873519309,-0.199538203356872,0.330972586459814,0.2020749693715,-1.00889847855381,-0.411673697469523
"C875",-0.961908603596219,0.208888198052617,0.784824831275273,-0.143718314948277,0.326861556114471,-1.29277283778902,1.25439297234166,0.393034974074331,-0.40517849631076,-1.0983212526086,0.323284477411273,0.327954590111534,-0.0223199644250187,-0.464378353140897,0.534230739979968,0.137502137272826,-0.302039899106419,0.602111906422608,1.64797688692026,0.587131614812984,-0.959375635039844,0.246977239596931,0.428963673967604,-0.183885758451171,-0.563807795393215,-1.01841305125693,0.383357520167529,-0.526341902586419,-1.043492753715,0.645180377641149,0.189638471210534,0.984735428403547,0.0336010856822981,0.735694912248086,0.651579038659974,0.569591339331444,-0.213178303282288,-0.407834092137603,0.367485206612699,-0.327025801284687,-0.408390055268818,0.150072447227492,0.351835722369861,1.05122845657179,-0.92131894991996,1.09821476711315,0.107903010387466,-1.84810077569982,-0.265437568498529,0.0986121145210527
"C876",-0.110123669785974,0.236933178308806,-0.601987414732044,-0.73243105152266,0.73238080935352,-1.95954606620795,0.192422814001369,0.111049534031839,0.339647835681094,-0.848875507849635,-0.258434055804864,-0.0701850275283713,-0.0300293289200584,0.115224583261116,-0.698066122621692,0.524316833811898,-0.437812121213219,1.19685895860292,0.290401722824636,-0.892113750777249,0.671098250071864,0.0900245257402144,-0.257232794098338,-0.451392822541212,-0.0821856731099527,-0.172386273694723,-0.0564874579103151,0.734253629177939,0.475221417578135,-0.580977176936349,0.30898171544254,0.257342237045861,-0.0506936324865604,-0.171974826327631,0.338907650007997,-1.437758675041,-1.12071231156489,-0.399380572596061,0.245359698477823,-0.569953209647706,0.268074071908885,-0.539830831664703,0.159675313216307,0.679464614837255,0.796826325596062,-0.269119689500107,1.14781399162651,-0.889973354190991,0.310553040643395,0.750754825581878
"C877",0.842256971055636,-0.218886508224916,0.03024089264984,-0.540903357972989,-0.373943808634194,0.65325132894579,0.163687456996608,-0.733529290291795,0.361250081293621,0.999266154902249,-0.0239325164714005,-0.192916057480657,-0.325924954603351,-0.0885453461513139,0.244872522935597,-1.23533045790594,0.0276700943280561,-0.539997545017094,-0.344462410665872,0.108801758650043,-1.22648824219132,-0.43475134585271,-0.714972086945946,-0.375926908600647,0.0427078913281483,0.334528412532456,-0.483843904329461,-0.00343261148480741,0.339713846262593,0.0416859940554319,-0.0415008552265354,-0.512321358711604,-0.509810326535976,2.00429120203719,0.024503097630786,0.614068088672263,0.582935897275687,-0.277724960830174,-0.564907694169506,-0.140915207644813,0.165141780272116,0.269280427578447,-0.534760633117126,-0.531410065037717,0.167369445372332,0.529450777930273,0.0282322961403893,-0.0663418294107669,0.787149075792236,-0.0709559948635353
"C878",-0.503466096519011,0.774484747157276,0.657862129940992,0.0801121374381624,0.207911953058646,-0.514750480956953,-0.0625412593845514,0.409629238536652,-0.86038715694388,1.4931530839386,0.661700025996462,1.1721726897821,1.18534550339395,0.371232078771866,-0.483229714517771,0.789773508434336,-0.189684572127563,0.374263529631697,0.495303953709423,-0.764935577310298,-0.819727745011811,0.459395452697439,0.303442334989143,0.684356964534862,-0.683838832450488,-0.751362829937743,1.09482613727988,-0.550713955052849,-0.0407000499957687,0.349572479407341,-0.837522279924715,-1.52082238540491,0.50028050184501,0.967145017176205,0.390732120218354,0.887762775188508,0.200498506163128,-1.95010001839879,-0.653658376690568,0.57585158001625,0.705979511067629,-0.751918620901946,-0.448852205832104,0.787324373792037,0.77526559292834,-1.34566622691306,0.393896330154756,0.197893428785461,-0.401623841664858,0.394814600122229
"C879",0.799367145122703,-0.0689456111859443,0.976701927008368,-0.204230905494791,-0.173905045243913,0.299749864428505,0.92464857676621,0.277536260303794,-0.573116470471197,-0.361366824024308,0.302923323713878,0.290881102975237,0.00289691563393182,1.22290880689909,-1.55750949213495,-0.333982360913236,0.675430959654063,0.673616462297154,0.461005759576574,-0.832897197040866,-1.05957806465978,1.28894842258526,0.351601813420846,-0.249715445999222,-0.139697621638082,0.246337875048872,0.772803902073682,-0.594169816839492,-0.321780901489749,0.945247032529145,0.00113549450953252,0.0274116955059248,1.09509748344501,0.713514437626011,-0.993069329453313,-1.25196142410425,-0.492336288270497,1.21034726199938,-1.92833108248457,-0.815569332306541,0.82386215173392,-0.785430247388876,-0.926908424291662,-0.721956815662405,-0.282132624111052,1.87468071749976,-0.674161201118131,-0.45920180579562,0.737201512958902,-0.321264501899034
"C880",-0.318699233392101,0.518734332514187,-0.764533952074586,0.299734391565232,-0.899232775707083,1.06635208727613,0.58571693593049,0.0336261464535237,1.17456302661126,1.27787061508705,0.574893539934272,-0.930585206922999,0.150517559107315,-0.26415870041018,0.217643538266392,0.395893692460401,0.727340143710176,1.16452583165095,1.04389108640941,-0.442822116624992,0.0997336225299417,0.928779700736833,0.499257974969136,-0.140911447620475,-1.00727971106022,0.236384433509345,0.237090338657255,0.319173879082285,-0.535860410228538,-0.704001217580855,-0.665082407599617,-1.52750111569969,-0.0264044495945447,0.43568069019039,-0.0680416842713832,-0.924212090849829,0.144184217290966,-0.320887197470748,0.0270479023033391,-0.7146878102056,0.203138524756517,-0.668264083907983,-0.0670783528875184,-0.381693562211075,-0.268631576401207,-0.493179831486861,0.221150406920741,0.252202073650386,-0.108714174581107,0.290593784678408
"C881",0.0420078394875072,0.82488712189959,0.562782301201356,-1.28411806461934,0.306144109124551,-0.178360591163087,0.424902544547792,0.494917286578818,-0.63733326894435,0.0331922203530949,0.313952228684518,-0.747235458334184,-1.57138120093523,0.461195250486201,-0.864068891891912,-0.000180732637799715,0.168863540401502,-0.770454972130652,-0.633423976447585,-0.302848310986235,0.686219541828274,0.156470626806413,1.0167218734611,0.0654961052439002,0.327321455788872,0.545036371353872,0.365274858087843,-0.410505900593907,1.07801901606136,0.87631474818233,0.132510295019474,-0.0947388518889928,1.05144526782925,-0.119855645143395,-0.432221975344022,1.11075350590845,-0.00534243768178788,0.0452133342014673,-0.167908974148107,-0.390587915853642,0.125471235967016,-1.05986935189947,-1.27976498827061,0.858092587471111,-0.300534095609246,1.02378812937169,-0.480332617577994,0.47854961753524,1.48145842498842,0.230336464227363
"C882",0.255136383540001,-0.251594208162309,-0.446590713315088,-1.15150521651721,0.384619810627386,1.49055455935429,-0.45917696167773,-0.177364887741336,-0.422904722223561,-0.102196271454087,0.591752923454164,0.89524401724174,0.938230065076095,0.887923264527772,-1.18987627672151,1.04715265880108,-0.181121755065463,-0.00521473307176435,0.128310875868771,0.0262784794417348,-0.433878934072717,0.350233030142169,0.653275000312989,0.684107712333155,1.11551882735458,1.17257804066792,1.21503683877141,-0.0823431669258192,-0.279335334605543,0.782687863977008,-0.137369469944961,-0.254083908072718,1.09889798550853,0.659349477117839,-1.29798224909093,-1.69773355066105,0.377410015766424,1.00882076406138,-0.0636472887814962,0.617720711294105,-0.0990506722099858,-0.800185723298005,-0.526954618068601,-0.37640996452232,-0.332388214511774,-0.539217198599667,0.0499088086840607,-0.0131447797390039,0.731319462375338,-0.888015207616022
"C883",-0.620187166032953,-0.975074077882857,0.510038598087547,0.13764514952126,0.0344833515852991,0.224044275887341,-0.264967947440352,-0.96920036534525,-0.39336139803449,0.957614517795348,-0.168218018282756,1.53814640353828,0.521575618597855,-0.17428330575227,-0.770752285316398,1.06855509818848,0.980510484282292,0.879931372489247,-0.384464738587331,0.325735763568246,0.875771670252725,-0.284391406048275,-0.0243371885370248,-0.118853786040852,-0.0747166066789879,-0.177038525024325,0.890626133677938,-0.0854262626077546,-0.387881719374685,0.341019622153639,-0.0791443522608059,-0.253531106806539,-0.383800684202663,0.266626026275482,0.129182197798401,-0.823465374322633,-1.47039464899636,-0.741133472682603,-0.759738367522891,-0.199990700247217,0.452494454455351,0.199523837344949,0.943306911589441,0.891514704751917,-0.252900547520158,0.0899202662778492,0.79436125647395,-0.162409622080798,0.302843117659157,0.0989605490829136
"C884",0.120188884545493,0.191015543555337,1.11948117250039,0.419665477095073,0.173202757838917,0.926561591071789,0.349547430092935,1.18861800022194,-0.257297692661054,0.171926564374617,0.286148458152711,0.955647223934541,-0.58547518246538,0.212297927363625,-0.569412995838544,0.571762347260858,-0.381322759543842,0.836589114462564,1.35504516471562,0.489560213075594,0.164345213157305,0.530580848681334,-0.0670275101745704,0.585625942385189,0.0592837411974026,1.65555206394831,1.50956246907632,-0.402557499227481,0.494283594725148,-0.0411499665806152,-0.34676205094636,0.235086924700281,-0.0420273538032681,0.50934339160721,-0.741400632503384,-0.181210003550601,0.729487321409734,2.08025991619898,-0.0894560029369434,0.882836956472953,0.367167582216516,-0.388598127965677,-1.63085897194223,-1.28003520577107,-0.196286813295268,1.21312823801149,-0.326332717391123,-0.359111815713066,-0.0556078339806596,0.28254187232794
"C885",0.760376696352313,-1.17224552282827,0.149223435694079,-1.23228677609027,0.762900171572134,-0.415119198531786,-0.304077461306282,-0.479612430111707,-0.0759552889556925,-0.642991205711915,-0.221625099724684,0.947615594430283,0.377174214186587,-0.323012741449609,0.928585811002595,-0.262164632971848,-0.637808906011371,0.231992062453879,-0.496635572496996,-0.48196176546222,0.109812445367044,-1.1801637814887,0.683641963091106,0.646730783764736,0.259593896927522,-0.430205614822596,-0.567175566082159,0.197299993710005,-0.490962909831897,0.552272251871854,-0.205678710087403,0.267976801419627,-0.472754136832209,-1.17836039204911,0.294097060796119,-0.814992923326243,-0.207048869125363,0.0620249549461744,-0.453743940535573,-0.828057626379882,0.383511902971647,0.550547374421471,0.277995118213649,0.36209621898527,1.06493279455086,1.43654569979365,0.0561103084445752,0.512387663546263,0.260019075858758,-1.1861724500273
"C886",-0.244587190349767,-0.285535968457959,-0.33782668314651,0.256202564929015,-0.201770314454333,0.117781470306218,-0.132336998764567,-1.26836661501792,0.621476978397043,0.563003264923506,0.567000054131961,-0.433305523139057,0.716980860858442,-0.371660529945894,-0.798534035873576,0.855253414343246,-0.380648657753629,0.513205233731672,-0.0399911179233539,0.207140146963259,1.04923436288929,-0.129667373098504,-0.0478279447191677,0.237563097034333,-0.202739006445484,0.236490090792975,0.849096611106449,0.326108134954358,0.10234332746529,-0.18941549872312,0.89222490402711,-0.432519563575486,-0.633001164748562,0.389413463754048,-1.27869140226009,0.010693620915545,0.0285572865330204,-0.760665115756914,0.00187065604787015,-1.52529957338205,-0.841817958706247,-0.330791718074204,-0.249631072499053,-0.165114843394096,0.455141580324269,-0.114426573658912,-0.339967725796073,-0.157903205548732,-0.000521683782020776,0.10097025012997
"C887",0.172801510071541,0.00494051437385315,0.0966953899840223,0.964607257965478,0.608474676236082,0.452793698284838,-1.78253385452754,-0.561751718922828,0.037928476897525,0.976251369083275,0.303056431175065,-0.40570914456087,-0.174396497313787,-0.179665283681848,0.36970102269343,-0.14828249276405,-0.0326995805690805,-0.94117736653875,1.17817909218072,0.680263900092396,0.257536570670811,-0.0114055433241804,0.0639628066020813,0.359379492331849,-0.272763604866513,-0.488502728390314,-0.202948623878483,0.136262089616582,-0.599050267686793,-0.64587827313601,-0.161143577092167,0.479872995623728,0.12429353879947,0.0394217392763641,0.256246992636644,0.213522023197723,-0.391280842515973,-0.0308664648149099,0.14992280368982,0.620981970581547,-1.43238736795318,0.312685678694953,-0.181506994660006,-0.235607748372413,0.607931529193012,0.449065675861927,1.62382966441492,0.524040598739668,0.0197397840325244,0.211256689054199
"C888",0.415356793059488,0.0623423644791679,0.913536489420284,-0.552610377814685,-0.377641201297337,2.11041451115814,0.939859262249666,0.386566241716102,-0.883388021264651,-0.546794658738113,-0.708994192166372,0.166892428091985,-0.747265123437743,-0.228662388487066,-0.103726929061464,-0.226211951681446,0.984186401578476,0.220678229670345,0.00167931574155686,0.296641012751962,-0.186461787678278,-0.639186589627951,0.363905442287722,-1.10877396548076,0.83075551229778,0.575919363658848,-0.333304355614743,0.494063868711035,-0.755177470621644,0.494494715652062,0.019419374380518,0.321190681699304,-0.82271308756062,0.613096746660233,-1.66727586882248,0.0192718600333137,0.751942416466283,0.242057682164953,0.2498875700598,1.1727110389878,0.285026643189223,-0.0230952858051023,-0.700267248750323,0.480947973437153,-0.341726327136024,0.715258048619308,-0.512757801002355,0.211680679514168,-0.447172793830442,0.663737507895976
"C889",-0.864864099469931,0.500541352969761,0.00252947775147964,-0.655882278323152,-0.529840927529128,-1.40474335467007,0.940186867433484,0.207691377335819,-0.425687315498517,0.491312070356649,-0.176779637416666,0.271292994078575,-0.267908158978145,-0.0023726240777905,0.0776887429810522,-0.607678378453977,0.563251888259366,-1.26000173331297,0.0807923528841805,-0.371053940550061,0.553125617159918,0.310422987485772,0.6959095583628,-0.609457272674215,0.798022646575731,1.24292034815029,0.0468056646118258,-0.769779452815939,0.176935562674876,1.08817331097955,7.96090325354832e-05,-0.530278812143905,-0.0807828724468296,0.11674222119447,-0.128346392245989,0.925393994689164,-0.0077992830017417,-0.344006626930757,-0.635265347293325,-0.141932873980592,-0.630482191492379,-0.911825469954415,0.232234944291761,0.469454407478015,-0.256107748454586,0.138815309930725,0.341860521639584,0.496351215082495,-0.473650614950797,0.549477258420536
"C890",0.260511119992566,-0.393853577032692,-0.904394188794492,-0.388306727577201,-0.0545363152161015,0.0912807356806646,0.530378658323692,-0.0891844272012931,0.7940749775265,-0.157413198806425,-0.115443939223262,0.330644574031577,0.0518075956350984,-1.36982906059734,1.47078338162139,-0.625887514236622,-0.497233944790334,-1.73434793980189,-0.351346885280523,-0.340820964647381,0.296632037917479,-0.793951027892629,-0.880495489379209,0.139983014005569,0.802848936869722,-0.689440500066957,-1.98763159879818,-0.550767339459638,0.0983632422007053,-0.349710195381076,0.367560288113133,-0.503378028455134,1.24822623254178,0.100769207495537,-0.626523328809464,1.15531767182666,0.159094453465871,1.42787097587626,-1.02671796689599,0.479249595876859,-0.576724223700812,0.486867785247338,-0.262583967262608,-1.09216256607086,-0.230487561465144,0.0835930742496716,-0.504482667084304,0.0695169240628515,-0.921337283599933,-0.418794138679516
"C891",-0.534855191779993,0.752591600193891,0.375370285581361,0.0212925150748505,-0.323411113651708,-0.783670157312984,-0.583222087122101,0.918253576870292,0.414234454372752,-0.463019223845708,0.476105634690369,-0.511540722751918,-1.04361074938798,0.065946941687188,-0.870412260390605,0.418045853670521,0.37958664397357,-1.00976347676303,-0.165595487781271,0.845218357872208,-0.652457500716826,1.28338729627069,0.450647092364411,-0.146884553401169,-1.13553007739199,0.202213135021615,0.522507685846833,-0.237178626485251,-0.0067393690704671,-0.486026146353982,0.555768410862872,-0.0191092962897002,0.248216632861504,-0.146702444025051,-0.115613489614812,0.713210892113206,0.371354177101435,-0.989851948216215,0.659925769766879,-0.192059556292754,-0.455800787205436,1.5240024645848,-0.260989783934806,0.550206554954779,0.704761465648912,-0.0191722018952111,-0.148004950478478,-0.0218719606021266,-0.504579248464468,0.295290159886798
"C892",-0.321707966515443,-0.906175992221383,-0.197335615843036,0.531208816084943,-0.700243926988495,-0.592437426338831,0.343283162545369,0.98489463660775,-0.235334196504885,-0.0374167895060322,-0.406260890966305,0.146506444318856,0.933339362344378,0.023268232186693,-0.450037117768299,-0.769309825969185,0.625709189173889,0.671554781133993,0.0630172429977371,0.0418086445140148,0.138961134991479,-0.217577632438126,0.289978918419987,-0.870009808033227,0.647191785525241,0.0691963286868615,0.937930245456438,1.06541086486682,-0.187104027665278,0.378529186682044,1.5074978777415,-0.328693022116513,0.187601752711174,0.235811493304123,-0.0841788797821589,-0.339481282281043,0.630598716700828,-0.998005354143414,-0.437554546969111,0.744576810505202,0.326374371081398,-0.474671750072229,0.182600704656014,-0.590665947451687,0.485068099042556,-0.348788998943628,-0.177624272463551,0.441880757835792,-0.924382249137967,-0.0408021861087606
"C893",-0.610270954501549,0.841394890833074,0.0520926041178597,0.299070164211635,-0.265765462286861,-0.082495257107543,-0.128400144059016,-0.594989371747522,-0.53621552477198,-1.08843994039867,0.652976034919589,0.508883842732712,0.216283882798935,0.330312105132929,-0.140179729671274,0.408562826470621,0.895365833740296,-0.143919714257823,-0.261062752994667,-0.0901463832851548,0.167460493765265,0.141293396843651,-0.771842498256493,-0.948167068246606,0.316217113301484,0.879790705527944,-0.359499795328515,-0.737282143315152,0.549663676495268,-1.18291942511913,-0.299372186701086,-0.249391024614036,0.117422514803449,-0.265740488902207,0.416252277898823,-0.596364849217997,-0.740834683792864,-0.479496923441279,-1.12823425384807,1.38502581118794,0.448799498209084,-0.0339338516719079,0.67987569423296,1.0078631944596,0.769297781335624,0.219908124897806,0.165039908172429,-0.405453729614896,-0.822067955512021,0.26763621600846
"C894",-0.780762764341445,-0.40201979187978,0.141385029324274,-0.60665161749353,-0.737477954299007,0.279037959926583,0.419347822052093,-0.780411674820286,0.500916863702599,0.471258069534812,-0.196150596693523,-0.302551086059221,0.36968571271067,-0.0585057366220434,-0.596200817764747,-0.145118084245481,-0.200270409942618,0.0779740567403271,1.12630307049676,-0.0729140312899264,-0.721106067237127,-0.0811378608426485,0.0657500850575198,0.138167288297398,-0.122748325681863,0.719738573290375,0.633625185336284,-0.180426187191748,-0.00674201543048063,-0.767088336181983,-0.209923396765242,0.62598636110948,-0.14171467984215,0.535253303258079,-0.426467534851316,-0.40286396392261,-1.27042937639914,0.00654272792345384,0.198636566485584,0.119196367423109,-0.408490781812312,-1.20992241684166,-0.416655868391111,0.372462287324626,-1.64724011602366,-0.314475381513426,-0.359314157753699,-0.297295877084778,0.443653506738713,-0.429479667990005
"C895",-0.209329883514266,-1.32538145159456,0.482682256249641,0.200079513518716,-1.73564939740387,0.567135992307018,0.0351066671142177,0.199096753328999,0.385050245169239,0.806881857954844,-0.0628760629051738,0.704703369277106,-0.0793043484047264,-0.853257216352344,0.0719962743682822,-0.300347557191469,0.387964858451212,0.0907515965081234,-0.838561060039475,-0.956950469804825,-0.762297796332516,1.14044793744812,0.309645795916921,-0.678240353854506,-0.807619119492259,-0.933687485340589,0.836554572033137,-0.638850553194318,0.288558636901134,-0.381062613229856,0.0238283658833526,-0.316853897169759,0.275816968366819,-0.524299407562622,0.590010603970057,-0.0650490962684259,0.778991964216032,-0.572363289496453,-0.310590446859473,-0.0901489994984893,-1.32035022693922,-0.107793501515509,-0.370614796303644,1.12051678203713,-0.0643131763202567,-0.385282484447844,1.21036627800875,-0.392864462722281,-0.0783261560902679,0.186389602190534
"C896",0.3981264312243,-0.273441433670607,0.607101122165966,-0.0282120489855088,-0.242207025439358,-0.354221537598266,1.29095179800827,0.474603671417992,0.0152213128349198,0.0287514739138927,0.109163341555632,0.735508701729542,0.215353372507728,-0.503365558173532,-0.751147185613445,-0.96848635677631,-0.0264990568647783,0.0761528417986804,0.437982997627755,-0.569024825652625,-0.298578075691762,1.17515542933814,0.688438916971479,-0.965026359770172,-0.0573490721086374,-0.587169507676846,1.1617732295233,-0.721286330928918,-0.934138055259279,0.0769057294756839,-0.373954989041456,0.60819762042858,0.217787617171141,0.723268843073438,-0.305285363480205,0.714003221300639,-0.201047744004319,0.33924955627559,-0.634178681628293,1.71199842574615,0.833761547447705,-0.579745399747394,0.114370529811415,-0.0959013548211574,0.639388056042473,-0.765223265800613,-0.809152725811646,0.280945551421784,-0.388882566373916,-0.389137566473557
"C897",0.298357189226663,0.798643320626852,0.630287256368184,-0.387943240992523,0.327069253160687,0.399429265619825,0.191921221146398,-0.682094929117234,0.29322833365503,-0.93147114954377,-0.520753961940416,-0.55637809996343,0.130254930847181,-0.447947839110469,-0.236599510549192,0.0294332630674714,-0.643391936477502,-0.0179996461844349,-1.37731114142443,0.181130712500195,-0.495736622167299,-0.343105502095158,-0.327578035268967,-0.615183733771563,-1.84958338777088,-1.58812921406165,0.00572147537181979,0.353017752398264,-0.59549945351468,-0.499009162179034,0.274226496906583,-1.35123139046465,-0.66071335748604,0.0770590182580462,-1.16717645132033,0.746309967446828,0.777886238012861,-0.415915182366305,0.148236442049067,-0.321953652948139,-0.0197800654244595,1.44345844050015,-0.261954184812203,-0.125317385857314,-0.398481684396045,-0.419884200682681,0.732160550751964,0.681020103683865,-0.237373383660263,0.69046746340812
"C898",0.508106338787422,0.112472392032504,-0.350471367598019,-0.472131489220486,0.309895495343708,-0.64843175968911,1.09205215907534,-0.286624768013467,-0.325511098766565,-0.615381363425687,-0.826758413668979,0.579922342384078,0.211868815164316,1.68664245241248,-0.468988744643823,-0.552766540117081,0.194039860570869,-0.480793646549581,-0.0145805607958908,-0.23003721659626,-0.337559596091326,0.879098681731828,0.446458695067537,0.399513188567382,0.612103515135293,-0.56978125215305,-0.687236985322883,0.0339186328512313,-0.467408575553172,0.177817619241092,0.130647328833441,-0.0171784280454214,0.696628409392541,-0.726336705339092,0.510263558111866,0.392436515291481,0.687649110275324,1.1783336736949,0.117527793311452,0.742852102155556,0.182857268822438,0.254804039561338,1.08369905399142,-0.227063162241192,0.198948291791283,-0.478942424598633,0.125661454004413,0.175995241979624,0.639218240072804,-0.469989239888403
"C899",-0.631833600283076,-0.67334740998377,0.754000000500814,-0.642167283261682,0.184222784843641,-0.757099858448001,-0.251640202996107,-0.207369161187824,-0.678073050009961,-1.08698992953255,1.02251415279054,-0.397758981740946,1.01831867700882,0.107260374241241,0.744222234819396,0.673154242232358,-0.199396560510606,-0.25154439181788,-0.373147919409791,-0.0842989138966161,0.551705295854873,-0.321240460045612,0.0653737109282603,-0.0092914543986746,-0.0772856071144344,-0.46310665514044,-1.56668869238402,-0.381018570053701,-0.422118810648579,0.196818639744877,0.432471412216033,-0.240596874561031,1.0888441488921,-0.741355763995158,0.284053855371673,0.0119061101734639,-0.746652782135298,-0.36018091895832,0.450620274328893,0.293401726246372,0.837601778379639,0.621665089964946,-0.194120820232059,0.666638841889913,-0.5818668225042,0.396378851840839,-1.08187890710845,-0.494495355528243,-0.44448453796561,-1.30434161917169
"C900",0.663958259584022,0.0950014893049577,0.167412862624666,0.130135504693397,-0.535836647991288,0.504437989677401,1.26460145808466,0.204067131701279,0.337591019764919,0.217516916018631,-0.0504213770816171,0.561811378969645,0.163262248349044,-1.74799961695418,-1.61183435051391,-0.687733294209982,0.108526115224973,0.640677992055825,-0.669039838628797,0.268314246906069,0.501917735765994,1.19694897003615,0.570375565955109,-0.366368146782069,-0.385118621313798,-0.0713356068927079,1.10845242261371,-1.40081313555251,0.271209634678937,0.887302175290579,0.270185864961228,1.83792975364381,0.497927186495418,0.618219379883216,-1.03472814487489,-0.0682765606117686,-0.571727494985116,1.12259580840426,0.292642815771592,-0.80104481192804,-0.655863348671325,0.238784279030119,0.580646085565282,0.106386518119538,0.222335558570964,-0.778790421780646,0.0326573383931557,0.433479367577549,0.293915577632633,0.248837116181573
"C901",-1.04764851900878,0.155704116927248,-0.131076853182916,0.558354019887629,-0.526755492233353,0.783427499598334,-0.567845745277998,0.809846198380238,-1.79601241035574,0.728698823188016,-0.413516136859966,-0.208690081375003,-0.554163309131255,0.390910848615708,0.36590304267724,-0.0387847532931563,0.855567868551373,0.274547418117209,0.196075265525719,0.689784496332108,0.210810531492377,0.139166838057605,-0.658134328095813,-0.0859996900106032,0.346397680661333,1.41448483166205,0.806544426521649,1.2301992258262,0.408822949515005,-0.350695114236798,0.380636098096166,-0.121458497855958,0.547908627113363,0.368514280942823,-0.464946668621977,-0.337444734486152,-0.102134014531491,-0.066946746286893,-0.149299149004893,0.675230821780116,-1.02868563559861,-0.431209935092837,0.659149731768246,-0.0391015953462147,-0.415581222938635,0.405247691755857,-0.0510273398230023,-0.164148597744266,-0.47471384578882,-0.145474809155121
"C902",-0.522102461830643,0.153243379478992,0.259403617978332,0.303051423669625,-0.15754666933424,-0.0446702803381775,-0.795917858935567,0.82820309993968,-0.0899689723312746,-0.494866712127484,0.441039762911714,0.365188691201412,-1.43057364183075,-0.388851813539616,-0.142486344978972,0.220282985186126,-0.0825342615458271,0.237592497386177,0.0943263434101043,0.725447952536227,-0.848650826653171,1.14773929830386,-0.194457517821944,-0.118804084322378,0.448253059154019,0.232668024202851,0.600982185552548,-0.378751335070628,0.15973181752159,0.809036938165974,0.756210233637958,-0.16276280622699,0.754341730860556,0.229841541779776,0.758977273095942,-0.469816295033262,0.00826691844959422,-1.2007708067015,0.0791817652867728,0.727829795915754,-0.597713046346296,-1.08016419583775,0.273118592180763,0.273077332719248,0.248004780119953,-0.33251695431603,0.378750714055387,0.989613071307447,0.77017588975046,-0.237428805186157
"C903",0.736565400604673,0.318704338049898,0.268394290681672,0.0625148740596827,0.183354317421686,-0.156193675182822,-0.413873805646659,-0.0997834049136968,0.140413796190617,0.341474880910209,0.151099370763636,0.29523679736296,1.11017671075019,0.294971902569723,-0.60168733580362,0.109131096806755,-1.08425755089033,0.341102137549588,-0.515359494015441,0.909799555937422,0.650316886479779,-0.596569253969821,0.982916486610947,0.272373992179855,-0.375425339427932,0.667438249549384,0.0595667260923048,0.483989642593685,-0.490347563609616,0.017635071646799,-0.285071682992065,-0.198380375080506,-0.251959166962666,0.917950718140137,-0.751304481946874,1.29607442386252,1.21860913811114,0.768543498718274,-0.536729763170744,-0.101072157852129,0.204498163884568,-0.108320239722585,-0.919234596931968,0.545841042670803,0.314866027561643,1.1411674664712,-0.912054440571435,-0.0492269628825464,1.23548421158058,0.574519644847219
"C904",-0.307778987248169,-0.392613600069526,0.525657733136988,-0.840206040007831,-0.317775109123727,0.441139109756243,0.424072708282624,-0.198446682115683,0.228218809327895,-0.708187291543037,-0.374890822558449,-0.0605111593868723,0.461071384224463,-0.0910212144195971,-0.748424174313106,-0.0356261471113854,-0.419414848538557,1.48206503334249,-0.0185519821189873,1.48890190814575,-1.00377518996891,0.280530272230214,0.262977013471156,0.132457236595329,1.11320737258139,1.75435452329098,0.660676024024523,0.288209620780438,0.0817836887174285,-0.602786462096554,0.0360016682200282,-0.0560516858272059,-0.588917962208275,0.170216856680491,-0.259617060471264,-0.57897832046829,-0.532429757437425,0.436866469869033,0.5614314358198,0.0356887209538825,0.574177230711578,-0.282201551442372,-0.697757417564006,0.0215927641183248,-0.362835543574567,0.0410813505343506,0.201057662783369,-0.126737263157569,0.212764822947063,-1.35663051052097
"C905",0.759081944799712,0.906780123542879,0.703990944535029,0.885547536274295,0.037311465042181,1.25189653910364,0.634953420603754,-0.167431016724049,0.0140424642181167,0.503076197598815,-0.496232538875564,-0.58172199968161,-0.712339143875027,-0.712731818819281,-0.399233918678338,-1.03793203404506,-0.358902423212768,0.666882568539448,0.151492309736207,0.161115874086941,-0.921468295536017,0.0906673248106989,0.759331858677755,0.139395790889036,-0.271229160923127,-0.064910633494538,0.133017793364247,-0.342389659949246,-0.580140317569044,-0.194335853602566,-0.281172568283111,-0.404964435525266,-1.36827219128474,1.62784914344813,-0.792441389883992,0.0249040663669673,0.295218451566383,0.595869394479788,-0.565649628914936,-0.694013521655798,0.081372968755519,-0.0169155777684578,-0.246646917505509,-1.15734628686639,-0.402581997736149,0.195849126654038,0.268359887544389,-0.994314623285632,1.49905159695525,-0.00488535227011505
"C906",-0.0165070070425744,-0.519649548793799,0.0708665561008039,0.667504240794757,-0.335570836298688,1.56954307587055,-0.489127595663862,-1.09976642818602,-0.302214766294732,-0.027428134250519,0.0865652214972779,1.42580242068821,-0.905778177861884,0.726894206353094,-0.702056938287355,-0.949201789710662,0.530132446341896,0.603049880042041,0.385096701119495,-0.921568204407091,1.58108211267309,-0.891576232272934,0.247563278396794,1.2461951528689,0.22840486399797,1.07270390564218,-0.784888149293791,0.367795869439403,0.466535816617758,0.284727979629178,0.534954771393734,0.265570228413379,-0.251191914269907,-0.706705839633587,-0.91446547674386,-0.376319622753332,0.722631622459209,0.626031622169294,-0.506401945141612,-0.676265696509271,0.348283344905231,-0.425975221118844,-0.700502762557302,0.704916223707259,0.465836750146957,0.900086829151967,0.616813141700923,0.489955602155907,-0.879798460068948,-0.227035731255722
"C907",0.743168350497077,-0.633645549238867,0.591768497193196,0.407229076765442,0.168516811207298,-0.638234321495369,0.690859017279068,-1.33750227322256,0.551956483579342,0.385358785415972,-0.412662598588095,0.261876731768367,0.230702101096756,0.472089465115732,-0.0427959148549981,-0.205593862253803,0.332167332221311,-0.995733089122938,0.650168976025032,-0.149860942843403,-0.489316285071324,0.376284681675955,0.143083412547126,-0.346430694734891,-0.987641025893094,0.208153891328128,0.456299897743976,-0.536266047187687,0.128096931506578,0.821115023079665,0.121643293256624,0.439701776808715,-0.397239044518739,-0.962144339346796,-0.246846848237402,-0.796162177469869,0.595919337854272,2.18976733813626,0.465048345408739,0.495932650766549,0.592544167420803,-0.984226141013765,0.561696464747115,-0.777299687568654,0.156234500635379,0.515569116005908,-0.920779749942577,0.0384305492439123,-0.0650634729218257,-0.941782398699715
"C908",-0.616438776591626,-0.0108566827898202,-0.339088166337203,-0.994037810703609,-0.662063721310628,0.150003860508155,-0.122245124868995,0.0716373483708084,-0.896990881192179,-1.3176121221768,0.0664265353359843,-0.262721162260637,0.52254541205336,0.204148560566228,0.397283621371863,1.10237797841717,0.360969387133529,1.26778731201669,0.791953068707877,-0.520758534166472,-1.00027051263107,0.140123871043203,0.618792585656891,-1.12329349767562,1.51280016061061,-0.0868868714619797,-0.456012137724875,-0.143654640389204,-0.694858780934602,-1.00588979476994,0.902364059647673,0.215576399615304,0.383616283832927,0.984632505411022,0.501969756115356,-0.0624302593849678,-0.304866620662727,0.31313934760489,0.691684185709692,0.6015290525071,-0.277084771242827,0.186229115693927,-0.242742924092747,-0.302382769959884,-0.14263049955467,0.228985028492411,0.912778933373898,0.458144350387673,-0.274666662598029,0.786756253125955
"C909",-0.342659728279811,0.242359608185174,0.535933624335998,0.241235392477015,-0.0383408820613123,0.798635189202722,-1.18218687971886,-0.334477364036646,-0.0189972790948759,0.42820856778297,0.278798659236438,-0.371068041525022,-0.262638404592887,0.427443330927696,0.959909188060714,-0.957102555884535,-0.976655189866989,0.0600007846988379,-0.214843017624805,0.239139900768688,-0.0426358598328492,0.582823668201836,-0.838492472010364,-0.290515431839473,0.025345980563066,0.453806875894857,-1.15886505865516,0.243604715927827,0.684003461385968,0.21848614125654,-0.288325102029647,0.495508320389393,0.13290779372745,0.0328706207261213,0.124037297381231,0.188178711460141,0.0129052211350317,-0.613822216857411,0.73176328242171,-0.089728627145627,-0.185348487425342,0.755718803550402,-0.403802607471032,-0.454165313501316,-0.233316876506258,0.244339630812328,0.211287491467792,0.352102173321581,-0.717806499917854,-0.68316745364956
"C910",0.24764449182067,0.457540410572028,0.771632530677738,0.197859874451297,0.673139866299507,0.189621402781137,-0.669520938154811,0.780644947146696,-0.982324980921442,-0.327751845988902,0.267740521781154,0.956779215139251,0.76268576725066,0.754730334834312,-2.30452963728555,-0.983318583752013,0.315765458043181,-0.0250329107362259,-0.0835640927089383,0.151088008659177,-1.02697134794136,0.968810258158273,1.02714447383568,0.949238841945885,-0.414547226617664,0.401335245840512,1.79649935795322,-0.191836702852378,-0.249446329628763,1.29023939991918,-0.788709676960258,-0.591394352273697,0.714136994481482,0.711779423574596,-0.390267306720426,0.663160570814792,-0.432672696984472,-0.144162420694088,-0.877777511168738,0.219136101541742,1.83566146519646,-1.56924911501101,-0.174470175207629,0.496993387873197,-0.405732361008477,1.58307182509468,-0.414328964712823,0.0814657022744608,0.813964855731079,-0.29478953332903
"C911",0.333534435534026,-0.32370754645056,1.02029072926551,1.0525195184839,-0.829676376908473,-0.369974776255021,-0.171077067446901,0.426777650372363,-0.132647376280179,1.50679236832469,1.13267627909726,0.458497889176502,-0.410286824859877,-0.356358831272706,-1.07238143571179,0.018925641629249,-0.426772258838008,-0.296116422388704,-0.166486851344837,0.966592502957096,0.127246859359577,0.440585164835077,-1.23397488959788,1.38084150150857,-1.700102321374,-0.462372649175436,1.17897678491128,-0.00301399847276913,-0.855992560807778,-0.0424091503573013,1.15285264966677,-0.268958484349492,0.242915709511819,0.887765423872721,0.300656112428425,-0.417078892747924,-1.15710794451388,0.238762314919075,0.0231760544139535,-0.827465208476812,1.21767219055898,0.00706156210164226,0.267619546126232,-0.11713631012515,0.138273492428673,0.00629835025143603,-0.602174000675921,-1.01645172102373,0.0972916659736561,-0.817040228154325
"C912",0.416820659934999,0.109521303189763,0.804325785495237,-0.532799204145634,0.133208362827716,-0.337865837434956,0.312017491711384,0.687031423681855,-1.01921800228813,-0.507137757124162,-0.472719342693294,0.262025927038378,0.622674874043061,-0.149173280878314,-0.885475890224797,-1.20200018376506,0.327071079245241,0.486613858525395,0.100756482410215,0.0814340759290466,-0.742047224879942,-0.103349701636482,-0.104974036609603,0.0504055256401349,0.346053653560593,-0.735721170394734,0.968282769304072,-0.469764829693291,-0.817199223621804,0.734531590911518,0.0900283334019635,0.47776301251772,0.383366906220502,1.19845693132563,-1.34380255402294,0.856378345325029,0.424047430866408,1.54679846351932,0.150004133127549,0.46165552815757,0.0320257795875206,0.0327111984279678,0.803555385671036,-0.232857516514354,-0.306372297816648,-0.150932548794583,-0.308259015165683,-0.165898777011481,-0.82823395039207,0.611797427699012
"C913",-0.573798572510744,0.578615324493899,1.09095624052702,-0.959760136264098,-0.432648551937434,0.426170512209528,-0.421067790689638,0.277771552590983,-0.417483812531748,-0.96518038005578,-0.142544417828431,0.819450968446823,0.260323242481817,0.16826403003569,0.276374385179467,0.875712283714458,0.684356494274083,0.3672946436241,-0.0304371351340784,0.339334616992223,1.13093364970522,0.483896818840973,-0.187014482608115,0.274972917780871,0.270362180850202,1.03326441818973,-1.16091122951669,0.337529231687889,1.0640227449125,0.839209588225396,0.537393286754107,-0.537270591083907,-0.117666948469599,-0.796152111893693,0.464943314310169,-0.410309561394826,0.762664423220441,-0.944935639446843,0.0834518197765442,-0.424504771304798,0.0203768123307867,-0.925018298106482,0.0891974022742178,0.471289328554617,1.50305230319768,1.10163675485561,-0.552118303181305,-0.0792287141798639,-1.69589004611459,-0.428950212561126
"C914",-0.784343864738237,-0.657341226595378,0.767942628023209,-0.518894258278306,0.117802541042575,-0.396740595268725,-0.637692918177254,-0.213951353896382,-0.598594524843603,0.0161163982104767,-0.584923001720506,1.16352884656035,-0.333762221788589,0.790964390946401,-0.165800161960002,0.166906989352869,0.138420993048605,-0.0194196215488636,-0.161696069322964,-1.36567967221168,-0.367550822506141,0.287723463159576,0.657120353781028,-0.267652202319217,-0.0591449261565045,0.0962985429169852,-0.523188351920545,0.18254663343831,0.939718478461859,0.54430814295788,0.0425057032335089,-0.168883997699626,-0.51027124510728,-0.614775526326947,0.599974408313068,-0.43471389544753,0.381882055914705,-0.51186681159912,0.261599816650887,-0.0564708245844272,-0.930253357943959,0.420879709543328,0.0737366707408984,-0.263267926631373,-0.771932186102791,0.392948671964908,0.928044662026192,-0.341462842763621,-0.469047879809942,-0.88846527378076
"C915",0.369405280167439,-0.890624031736712,-0.136314050849618,-0.878938248862508,0.0852274134416474,0.884082682992083,0.940103622712045,0.484611908100058,0.369916290904973,0.544469695534505,0.70646304724335,-0.3580616763967,1.06962704467355,-0.725724578072804,-0.313702186476206,0.256675305777234,0.172938669096482,0.0456784636755744,0.892300615050019,0.449044432436599,0.158389330348495,0.477968984395364,0.84580266455377,-0.859011520872344,0.0731652653540094,-0.0782585392164522,-0.657619549944612,-0.60184627520778,-0.346967447599906,0.401265224008209,-0.246928167755407,0.207104753279463,0.501941294887495,0.984218639210134,0.221830428360344,-0.339871154757472,0.44317014103774,0.204002286111131,0.00686405152693971,0.237264920758455,0.0830000545964765,-0.211749488919963,-0.0483296773195047,-0.241629769990883,-1.14623939979559,-0.0757199488670794,-0.994342396997531,-0.534896811488452,-0.0991124357952283,0.226460269376197
"C916",-0.733630069476843,-0.273371991699754,0.659733369474174,0.165848023984913,-0.197082697136685,-0.613192316407213,-0.182110094844323,-0.199369867266428,-1.03223346062249,-1.34165146582293,-1.12071853345418,0.136110060274554,0.754106438138575,0.6902685243368,0.876735706058015,0.254269619599446,-0.325769579465703,0.34707154255239,-0.319497008846463,-0.614333786666501,1.10718711727405,0.482180641332454,0.195088445219901,0.181320162214692,0.28287065041735,-1.00534452824515,-0.344088223124323,-0.69638682671138,-0.823693629679139,-0.865647549124554,-0.00188031386591245,-0.00942781699023666,-0.0895577715001987,-1.11633278397994,-0.121254363384178,0.599616826327432,0.341524197580419,-0.00723395318286747,-0.157893384261776,-0.0198433461568295,-0.714998220127267,0.38372324402848,1.14903476921975,0.174565108060598,-0.0197523911448676,0.0352672806362952,0.0681941084322041,-0.216140455707908,-0.0992382499899251,-0.239864729425675
"C917",-0.691949281588661,-1.12783871428434,-0.50498433188982,-0.117798709697104,0.818859460083988,-1.26906022256727,-0.223664148731504,0.440779069529724,-1.04061489122084,-1.05047144701126,-0.235585764307241,-0.306238686800081,1.115155495709,-0.526812538244099,0.36086044376157,0.768582232793493,0.198202694390589,-0.78683861773139,0.702328209906374,-0.280061781443453,0.0162113779327687,-0.162792653340712,-0.263245326934076,-0.268601626363224,0.772661347534067,0.367935119789994,-0.689122853324105,-0.134115302680972,0.756299557851089,0.0539159308825611,0.605666057918041,-0.455799880630501,0.480609054469828,-0.328918404907155,0.737170673057896,-0.311540385389185,0.166312005071607,1.14282176672141,-0.878676647707046,0.315716072096427,1.21096266459974,-0.797566769224699,-0.149065672689901,-0.328819917759398,-0.094788652388254,0.808741147526131,-1.27477175835135,0.668334017835503,0.27685041762648,0.262804782199625
"C918",-0.38028051815815,1.0993813199628,0.236675106538662,-0.498081929633256,0.582764600079496,-1.34465129240801,-0.459581266998053,0.714393564802385,0.287628657511492,-0.48204651502835,0.0207144362964166,-0.937328219562861,1.48916137871951,-0.533649499645672,-0.736838894439643,0.387555077965177,-0.0618737747914472,-0.531934633350397,1.21009503415187,-0.162062123890721,1.28569741476991,-0.656573117657045,-0.183844098954295,-1.06784709015831,0.457300240846946,0.103508593421867,0.382591831185939,-0.491980606255695,0.481283054384818,1.22108450935958,0.227163401757799,-0.49556362147982,0.0318922210825196,0.21054994401286,0.067681675041924,0.303057465745132,0.986918498010576,-1.16563934281721,-0.230331889498724,0.299453334147503,0.0911090752715416,-0.0505702860815053,0.0341861962086723,0.045191251010289,-0.304393525884286,-0.685778730720966,1.15882782328956,-0.102403467251924,-0.454834804654209,-0.287580564190545
"C919",-0.871686839087978,-0.267579096291584,0.107674247571089,-0.302417683443275,-0.0528511767496163,-0.556644779687133,0.0349853850073982,-0.204101582853123,-0.381334190397851,-0.268236905181751,-0.227801632497452,-0.263048446015285,0.592082544646407,-0.172793367101688,-0.0239271328944338,0.366240022668484,-0.133720480049154,-0.597717579699382,0.249332284610288,-0.561833396164914,-0.515918829488048,-0.832681010701221,0.40113339735812,-0.693918038034736,-0.236128682528382,-0.323498970080746,-0.158477327099241,-0.716562606816217,-0.254193678856476,0.638302541435136,0.0326071686405676,-0.199100518097007,0.134115812078982,-0.579719272862909,-0.208713771603991,-0.456098000214748,-0.0222663168871124,0.961936535680764,-0.691625345888814,-0.0505815054725619,0.110402591255299,0.283721039730163,0.444695931357563,-0.166471675337657,-0.756823743152642,0.177023356074812,-0.0507867549902404,-0.188540371749202,0.201243686347452,-0.70978911590425
"C920",-0.26427014374109,0.0671100996352299,-0.672524967275926,0.357606519719214,-0.120543579046355,0.252153977002093,1.30231286854888,-0.824848265868507,0.376318040900305,-0.19803717619169,0.463380684870971,0.0997953294865645,0.363505463545255,0.061738043469418,-1.06729230277093,0.710539695733151,-0.312538818859547,0.407455709344251,-0.551941130849368,-0.231151924035431,-0.423523490955173,0.431067808806338,-0.186009327596208,-0.380134819545474,-0.323179778724342,0.308507786262129,1.71632413113781,-0.0388372212535964,-0.856467902816396,0.42199872112401,0.587878553157922,-0.512781613369793,-1.10880049775884,-1.46268711741008,-0.386478565529855,0.042159460369744,-0.196360142873814,1.28426413332762,-0.0950467166673733,-0.252739306536351,1.03409074257636,-0.416888909168096,0.290557127453293,-0.32547194185908,0.253054624256085,-1.14701143325052,-0.243058138631117,0.000740431689179408,-0.378060252893724,-0.734479069729352
"C921",0.615524459882088,-0.712578292858891,0.0199291933503813,-0.0551864405588267,0.493987348420819,0.688660494529562,-0.489468539653868,0.842683870066853,-0.0810575152307914,0.283511058878556,-0.469086028188223,-0.12388625431017,-0.014046451229334,0.238850714900213,-0.374216084100498,0.0793790937038912,-0.770452191627604,0.958082799878502,0.35851825410801,-1.46416963801435,-0.540405103625167,0.227938230328819,1.39879496566756,-0.49565065036336,-0.870222195394116,1.00326958196763,1.36942828366663,0.676911455721109,-0.0741100219738279,0.694442905794795,0.563209059405675,0.0657132127983741,-0.06794247936605,0.145915879621624,-0.77096344955105,-1.21144568572725,-0.338802313234505,-0.37457945960791,1.1879195190976,0.429388511161725,0.0577636470523848,-1.10791123710947,-0.242759302942323,-0.120127517551244,-0.183857099365989,-0.513943282854256,-0.0442455261617257,-0.231422620939004,0.171154456598989,-0.412034507521521
"C922",0.379377454051976,-0.201239842802836,-0.145411234089462,0.433698516794036,0.360446927455819,-0.509505008360536,1.01726750838547,0.356247037910865,-0.141368155795773,0.597085064350175,-0.319793353564625,-0.761925593456092,0.642240009563692,0.574665216070711,-0.678601546140307,1.07219097822044,0.336241879345527,0.0306807397993261,0.663037820111452,0.907935464347684,-0.498683770635029,-0.0685829431314411,0.399090600101316,-0.318198774628149,0.314554358393201,0.0603152635381696,0.372662257434563,-0.236723750170087,-1.53400952323725,-0.311852188271622,-0.468519349210348,0.444432723516875,0.403669871309769,1.58532506357024,-0.678853845313068,0.642454693201839,1.26120182149486,-0.200189146004063,-0.480471355418995,-1.08123779593378,0.520014691338427,-0.280007185492473,0.545740928828738,0.0579557046468516,-0.880116108175888,1.43671390292193,-0.752336710725697,0.516151100970506,1.08282505847477,-0.157268984134508
"C923",0.629183291774829,-0.470039553163104,-1.04969772948398,0.507742301310184,1.03757247974594,-0.580116971020111,-0.373369645780876,0.277928839094371,0.0793605348711021,-0.846155383739756,-0.866147625900173,-0.808576995342129,0.662720124800764,0.354075812835678,1.80656232358339,-1.05582662808009,-0.317501090011226,0.398442764483598,-0.238297274115918,1.37571553653705,-0.0461537937851768,-0.272015626702372,-0.614403414755405,0.361652498567782,-0.0871063311361114,-1.29331249662697,-1.01245927946434,-0.371421165120846,-0.365663158918048,-0.712074940954296,-0.204530765249443,-0.964951625894814,0.0170543494439081,-1.4313713030157,0.379096900066002,0.65378345122174,-0.296842964496931,-1.52187955627066,0.220858466817803,-0.0785457747742457,-0.180531447986378,-0.0161308455610946,0.640187894753009,0.539129796976675,0.20493783257697,-2.09664958658584,0.66480732735528,-0.258115607480726,-0.446597591182284,0.174808065496619
"C924",-0.173390557087612,-0.255675418678727,0.129091886287598,-0.309425490565957,-0.709348749514778,-0.388273249420094,0.115516509475017,0.526492887753646,0.591856537034665,0.257419290722316,0.0626179565518814,0.61720294330506,0.251445226155361,-0.520757743180047,0.122575631310874,-0.601880200791271,0.668011817950122,0.336114825028682,-0.0320093461756732,0.578675684809018,-1.9285948268625,1.14149927150196,-0.36038917830342,-0.446615119673837,-0.0298450851403794,-1.41799466475121,0.985082907286663,0.219906041293204,-1.73200713874201,0.608056008374115,-0.505572982090301,-0.681799115572216,-1.3640288140912,1.19933168443814,0.0908341587606786,0.0614881278034637,-0.88887290513728,-0.911164703397493,0.00179192296124338,0.748044772360544,-0.0900495278919894,-0.0541231409944375,-0.463159585925177,1.07735405384765,-0.99851965345401,-0.902928887713272,1.08248144237388,-0.289360004215989,-1.20353880697228,0.755252994697904
"C925",0.296795740637607,-0.675573029333693,0.767634279912118,-0.478281409498845,0.00138881880304188,0.249382975583528,-0.282937613065784,-0.372462829561216,-0.0631521562044751,0.596595706047621,1.41289979768066,-0.302347015010107,-0.630347854181418,-0.466932658278227,-0.291512709000458,0.164018744465386,-0.511650222928405,0.364806842094167,-0.388777462355401,0.310595081198962,0.00180289632819836,-0.387661162374426,-0.541889920744105,0.0282147141424571,-0.0397927665466868,1.30862398234509,0.620377684439103,0.441352551777381,0.686406857443463,1.43808794416245,0.529781789446645,0.691265314299354,-0.465938251831998,-0.0993669401386768,-1.29976880800288,-0.410733330650336,0.730500040616474,2.10075196504087,0.213035297321993,-0.19411673829414,0.481429585255678,0.201665176453588,0.0351723002188341,-1.08803239772516,1.45081265087111,0.502299577502112,-0.317179298904275,-1.35995504966021,-0.0485438121024961,-0.680883683877247
"C926",0.883691072446078,-1.00979479314785,-0.00835273407122906,0.00969202575116255,0.907920504839111,0.562130411274026,0.445517862936025,-0.869909983530268,-0.221773389924639,-1.43545125448524,0.546064220499758,-0.339552216681307,-1.0322964261883,0.405601399653707,-0.150768500626622,0.330683274023945,0.0675833625216641,0.223520239714882,-0.939411838896972,-0.0462178994915444,0.564698377894272,0.112130455954009,0.317430805864161,0.293103399710257,1.05220142771141,-0.291516991123501,-0.0562942464120543,-0.448114580322625,1.346422356827,-0.35162501866637,0.438895049428283,-0.626010473671689,0.0726065715861061,-1.7385909274369,-0.164580351467085,-0.297912295247361,-0.424378220753898,0.355115304301423,-0.0586993799576,-0.156415976511584,1.18222884287507,-0.730132115096938,0.328530126793442,-1.22291773635107,-0.680062000358571,0.28016381961724,-0.308772067642536,-0.0888214992241879,-0.854817499657656,0.746150071424372
"C927",-1.00752983544925,0.647352268436947,-0.404621634789619,-0.53290417180154,-0.301895243785413,0.0611238985913999,-0.980690801818552,-0.0997849026476621,0.0709988829820245,0.914848477074475,0.582078008004796,-0.476621183504503,0.731286787870885,0.0701049942388136,-0.725320660004478,-0.447151263051974,0.033045822450999,-0.552200871238205,1.41405865431048,-0.116891517446744,0.748714893480879,0.245492218745844,-0.221272053586715,0.384966903418835,-0.497630960140996,0.92736031967014,1.2981878598492,-0.118474590968132,0.482243465583156,-0.0831615437230396,-0.144564229943982,0.100995121736025,-0.0912671402936047,0.57433477348323,-0.479112934064193,-0.214821898455913,0.0882642706247986,0.775607950237446,-1.1823909756758,-0.452167135912657,0.351109571094349,-0.902419070912102,-0.119198440296762,0.109040826962347,0.278519203060136,-0.711791655782418,-0.766535985986352,-0.167988730549542,-0.4626455155963,-0.1458356781572
"C928",0.0734593172006239,-0.268452083439499,-0.568544649377697,-0.143950709108724,0.19638695356407,1.12613305926198,0.0286130335563389,0.0955458652440052,-0.189461855576833,-0.462863168807964,-0.389753949962744,-0.839244097303968,-1.37144202855405,-1.22878312459256,-0.528638656979794,-0.101425141844369,-1.44853435254906,-1.7702987043783,-0.395274772587767,-0.570124234924511,-0.544387310579491,-0.295683637603666,-5.73239047177735e-05,0.242838394378937,-0.346193216906791,1.78957718892284,-0.31521959871306,0.491409826405687,0.403442856071491,-0.791858699195555,0.983713777340515,0.871756545831625,-0.538786828745584,-0.779055530160854,0.01205115180326,-0.287284711110485,-0.686845385313241,1.17092371415991,0.623044974287965,0.27586977531677,-0.00817077902169328,-0.774112846804598,-1.17549380319388,-0.0542326818262292,-0.0160409632737812,0.871685221287076,0.0409305885720106,1.36540033100845,0.172874847257088,0.362249147136278
"C929",0.959056947554663,1.30363912361429,0.149184843763757,-0.945719564503005,-0.0134301952958107,0.999317236733352,-0.485348911170902,0.229630966426061,0.249200994990623,0.135124602163635,-0.655029780600372,-0.331465625339789,-0.566000526346149,-0.165407561077508,-0.190486484909381,0.813382240343601,-0.905561480286835,0.704483973666984,0.347617010386201,-0.462496505295317,-0.447189524328506,1.06694891417007,0.0325318684727191,0.969213748641993,0.207104123973227,0.495059359762895,0.896585716657198,-1.86585245882116,0.613238939571782,1.08359539215628,0.272535556034514,-0.607093470275812,-0.343846611354765,0.745463767355462,0.0539790387265852,0.101189636153697,0.421627521573409,-0.670250073123123,0.4333226607466,0.301974507245013,0.197975230557319,-0.663781566511564,-0.48671722406474,0.618709353082984,-0.363671922731555,-0.363503700973265,0.138042429657537,-0.112509788178682,0.576191705972416,-0.626069627381254
"C930",0.650965860815422,0.235744384270476,0.0451706526082869,-0.476842770581202,-1.5737102284984,-1.22785406650142,0.145494517704692,0.369331497383763,0.82335273534006,0.123154205489508,0.273894955754178,0.478770083229471,-1.05222629861662,-0.0512368637189357,0.238926022826099,-0.13383248137703,0.433955724833808,-0.923692200980445,0.485670001600359,-0.635984784099607,-1.08421051507671,0.491161345209643,-0.116664560390078,-0.157966313857902,0.372689571809155,0.521443165259262,0.697488948459561,0.224399343936219,0.213812812736453,0.134161847168854,0.484347819821699,0.33278655586781,-0.709696840469983,-0.0676151440211537,-1.32708149340722,-0.151694155310968,0.390298469348825,0.734327515034445,0.635177625330721,0.546315270338155,-0.167685880120639,0.353034292916793,0.727622336385756,-0.309617395564519,0.403511711369046,-0.245791513488655,-0.0857239302128079,-0.333220193926772,-0.931627340428793,-0.0609400356996886
"C931",-0.0705928579105855,-0.954818982855162,-0.457272715613636,0.243861937111553,0.544928660321555,0.0350293416013183,-0.463687664343311,-0.492975958350629,0.83450767260445,-0.659540385994782,-0.356720911635884,0.0515120355994634,-0.144305700478644,1.15484572551164,-0.902403178092525,0.42596512389433,0.224234863226591,-0.218774669730413,0.839420061663479,0.480787309937875,1.39837034788585,-1.46777460874228,0.424646330679909,0.938054117816459,0.770136054146106,-0.174319714193773,-0.111063979722348,0.581747822012127,1.02397762641976,-0.736133078286231,-0.0919876999575885,-0.154993859944074,-0.0543122478886514,-0.565317233540613,0.474969136961376,-0.916247019135855,-0.982845652830416,-0.21930837784093,-0.328622009903402,-0.129193128919658,-0.776130889034912,-0.585966052361817,-0.614671840272298,0.131782357747804,0.632092642542464,-0.907397732522941,1.52275461666492,0.684743283912647,-0.348485376139394,0.0956802466093997
"C932",-0.44225578513445,1.12659630185791,-0.35993245075965,0.477679051271147,0.686176191341866,0.399916172613191,-1.03059039713154,-0.357956538094535,0.0320900269705775,-0.888904697747004,-0.716080150414549,-0.808194048342443,-0.13083992700989,0.591908000024968,0.301328205649122,-0.607233632338883,0.586087424447255,1.33395519100109,-0.313641895734118,-0.318483623350617,0.72611113712226,-0.507315627695463,-0.183199754372505,1.08765007384577,1.42280109997104,1.37052043683261,-1.12810038296693,0.78546878357445,0.197905494701608,-0.0955202727071965,-1.20680399306621,-0.0623257937627264,-0.29218491382422,-0.449111043576843,0.286439133452635,-0.630802942798859,0.263611969832849,-1.64624072489162,-0.378773012786574,-0.571236046725752,-0.559662470113612,-1.04641923508812,0.259864809441931,-0.588773065248707,0.493984610487249,0.291750735646189,0.782672772010701,0.330284559580155,0.090265740925614,0.024005412300701
"C933",-0.190841631111614,0.227980891436434,0.0866186045286147,0.826709089094037,-0.988955233162738,0.0188087814813319,-0.835325809416561,1.27473616682538,-0.226809392951964,0.533373924769419,0.580594635308334,0.0588862279028908,-0.757352428525682,0.108446395579502,0.48139500010725,0.0326507701934541,-0.243492469778274,-0.427001255960802,1.11737030590795,-0.0717447353930428,0.208204382836406,-0.0311133167503807,-0.774131112194986,0.244874731022661,-0.770692738897679,1.60600857804692,-0.32686780701693,-0.149727822026597,1.00242509005534,0.59140331888952,0.413767138362619,0.129721927297337,0.674739076385414,0.288281339330242,1.02037791140391,0.661044513505381,1.3025898998034,-1.0293416557591,1.10184197452426,-0.550472305309221,0.614019739813728,-1.31486496947015,0.189820917084162,-1.14249204770164,0.683474092652912,0.460023324956525,-0.215792092967725,-0.393899984574021,-0.354387286518117,-0.332955683349466
"C934",0.0623095177102426,-0.129905907475844,-0.594377712638447,0.448706211436439,-0.128309302176548,-0.00743279754917656,-0.0154055430391083,0.880730614405225,0.606868415071587,-0.628425776047952,0.245010406421109,0.26688877689291,-0.584829838218467,0.451080540961672,-0.610505852631478,0.0905278975915991,0.87017388690449,-0.479392156932062,0.466047988122856,-1.20696289849626,-0.0915208702693893,-0.308062316771697,-0.665632665424903,0.615306136513816,0.482673872749725,0.529986436339569,1.22853152918492,-0.518415148001213,-0.781461355326896,0.178781894528665,-0.327228827409931,-1.00947329310594,0.0751444206903595,0.204641058923724,0.503436238671454,-0.00412960550613553,0.403157667831358,-0.996322161856792,0.133631966110333,0.611763694565104,0.125189788302061,-0.807956117285803,0.149702155250708,0.0647532393745406,-0.242654046792131,-0.713997271620331,1.67399390505802,0.252533491663495,0.364391214806302,-0.494285272250274
"C935",1.06010856549911,0.303194361998113,1.85711375023384,1.2819865731211,-0.587838406723093,-0.0563101318218118,-0.178029851093417,0.64228575119365,1.07977246931102,-0.748526383365241,-0.380466553578212,-0.58891055966611,0.0465147761318004,-0.383552228453192,-0.579663723810497,0.347159858674789,0.533951343273549,-0.575600023828127,-0.205917899741593,0.290417532055532,-0.840278959182628,1.28485244646294,0.370571426086683,0.834360160808286,-0.586234542622992,0.0607468721563994,0.049507631546517,-0.116889148151981,0.141050362793939,0.519485210990319,-0.341346838508452,-0.46965107173295,0.160323972825112,0.978503065442489,-1.4663019811535,0.841981829668209,1.24957651055299,-0.790295807101486,-0.190656272926887,0.180300880168461,-0.728197613885385,-0.0469657101047098,0.17769272673774,-0.245481003545285,-0.509860812576118,0.245705715829932,0.739479725333976,-0.585856261831227,0.0399049484315833,0.805493022035268
"C936",-0.518641684098653,0.649140840990379,-0.0552728328047406,0.650971490815131,-1.01367264943285,-1.17935139433649,-1.36394568284036,-1.20691984596852,0.667036038351412,-0.341207562178522,0.10227978386582,-0.154453332539148,-0.656398548364026,0.60065562955194,0.0965307768931253,-0.71019503318405,0.123584306868814,0.663601797260542,-1.35341220107749,-0.679025407359853,-0.57052506156506,-0.221545702780548,0.741335129320002,-0.68903133176558,0.284116982744146,-0.171378455371214,0.343030189945875,0.919845012592275,0.382373468764927,0.281040881616305,-0.212943107832725,-0.434812527290136,0.0587000980498502,-0.815432719564836,0.895323174941578,-1.24784671024516,-1.23224620642278,-1.40606198983425,-0.182986917687362,0.757674945081928,-0.119490247900246,0.981147509185561,0.955092467993731,0.187222403320829,-0.84331448289542,-1.28339467483723,1.08078923071957,0.0529546824773987,-0.579938130290856,0.640493826685263
"C937",0.59800729582734,0.132043415307482,0.431920428382808,-0.445243356868122,0.883781648578076,0.776482994933315,-0.44734418850278,0.409089326847279,0.819308601862179,-1.118623394847,-0.727555592665269,0.823735467166714,-0.000369696394449361,0.214427520132531,-0.0621619592216431,-0.497192386481368,-0.131498110254421,-0.552514937962374,0.217825949749834,1.05319173249848,1.08577475248278,-0.309704267697445,0.00725663566221913,-0.607692391437089,0.478444831632321,0.409466679502703,-0.351747509778355,1.25943924561271,0.8497435561709,0.230548587550733,0.0908860832253085,-0.0293291893166732,0.0504272821727615,-0.642559237632192,1.5348603261723,-0.676205245235946,-0.768826037664742,-0.10493020039829,0.0722237434574775,-0.0913427223923712,-0.43704042461902,-0.418006558766038,0.353570404886357,-0.518071878403711,-0.653153451810648,0.598883516965449,1.15818796957811,0.574399438581304,-0.302699916922953,-0.535814266593947
"C938",-0.341403447398679,0.416603771537951,0.0790807525505462,-0.286590231262522,-0.33956888340043,0.264728454246936,0.70090540917331,-1.21980542214087,-0.288768392020929,0.00770529228380365,-0.500290470915865,-0.346508848628255,-0.283526298445999,-1.44004296051529,1.10949480550172,0.190077347579653,-0.721731823478324,-0.690459860592454,-0.252885757788545,-0.124384533445674,0.251748237234427,-1.04167070642833,-0.860572705898957,-0.722984936434946,0.242866146595355,0.693990731527683,-1.17090921689288,0.619929998173705,-0.158191163064804,0.398384163362552,-0.0956352857114442,-0.173081862793248,-0.171212447505897,0.0553348461581947,0.0826765982897907,0.138976275473371,0.0864587344335274,0.807584992094518,-0.249566058107644,-0.523043757288521,0.20555663878308,0.476791677522976,-0.414280518555019,0.224429165988646,-0.536767892264526,1.56217831679102,0.214558603319294,-0.707809756621495,1.26276402109911,-0.629096674433446
"C939",0.344632312050509,0.471550652544378,-0.935705758668401,-0.212032319131435,-0.197174491378866,-1.09554414409132,-0.930697116968941,-0.0710095556610828,-0.364966745588672,0.0982092345483803,-1.1892249208503,-0.485827114746084,-0.845839427196749,-0.802573474037469,-0.0312669426348179,0.738321004796067,-0.243676115556964,0.979906002435434,-1.07558471255413,0.502467972453584,-0.305746297336079,0.822753600453145,0.482353083534133,-0.939940794165792,1.53166726571561,0.012390367351616,-0.680806069645858,0.895848509457726,0.00393963767701509,-0.171001820541825,-0.0965876291318027,-0.825378333194038,-0.609095548594465,-0.542752460886994,1.24317293243214,0.254680785711103,0.584397161252201,-0.464587875405096,-0.712380629064927,1.14158613105453,-0.130907727198722,0.596112945548136,0.309687921796034,0.198360505836236,-0.470816946157901,0.577996854208539,1.43469539557053,0.953904869036875,0.114511244038134,0.115225098474877
"C940",-1.28107154446647,-0.532223586127915,-1.36273239170409,-0.788210306580101,0.691303129759349,-0.892753985336644,-0.637786716074154,0.390091689058723,0.636823588848679,0.0846703755060364,0.27263475922692,-0.82838129079763,-0.429380120462887,-0.354687135564236,0.152644347407929,0.0587055614858127,0.669471606638564,-0.374314901658577,-0.151009405598253,0.557919227943747,-0.20513670275109,-0.465438010825424,-0.677550495350511,0.116829173646214,-0.345102471230354,-0.842659344148366,0.384092776187245,-0.707913270939517,-0.233920225671184,1.25232007689042,-0.474497069204861,0.176312052367311,-0.281893188066587,-0.954971769282352,-0.467912657286796,-1.36238455150862,-0.447252218610464,-0.0871019117542768,1.08677241603397,-0.237160644462589,-1.08784009728914,-0.218709397689133,0.724857051857477,0.0690388664993938,-0.38415683143781,-0.678814145056089,0.144023753362442,0.0121601645921203,-0.519177884236293,-0.327914684024369
"C941",0.783181482936638,0.878373047011807,-1.24651263050834,-0.149751101909492,0.939079009205248,-0.0277199212986181,-0.0104362614772099,0.575164460911506,-0.36494172442158,-0.733043822555347,-0.392871920078811,0.940230847554217,0.774702776677505,-0.119954542294891,1.66082038971617,-0.21518315395273,-0.335970172367272,0.189038505688578,0.356823804162869,-0.424782475764469,0.727408948182813,-0.172009112630787,-0.14428685832008,0.810685744076786,0.970979711656927,-1.26597428456818,-1.15642540379939,0.579464380633428,0.635741545997553,-1.04653205951119,-1.00502980750383,-0.729730208238701,-0.169452692650719,-0.195993619700612,-0.80794979022747,-0.0880289188556176,0.904007938099698,0.882672996290343,0.146615085033268,0.0217978659443452,0.0193995633537229,0.133375727653995,-0.0908924825348796,-0.934128078833895,-0.284834444100584,-0.315337196569722,0.0482321419482353,0.193330816579301,-0.2021516658017,0.0697316095344718
"C942",0.634029205920857,-0.0975201506990986,0.769855457358869,1.06604061470179,-1.45093840695466,-0.157452184745777,0.142073416598719,-0.0999208230012261,0.112510114529399,1.66736432702852,0.749744822583625,-0.71007401397708,0.59366678193348,-0.0513954039048921,-0.504543163422028,0.100887212514305,-1.11391346147993,-0.409466690936115,-0.524610956075162,-0.546370250810503,-0.168473025502277,0.0970502611769631,-0.0729840828335513,-0.322645465604612,-0.701105148379505,-0.785966550333619,1.48803433575599,-0.921893109312326,-0.0583764037841752,0.0372049975675277,-0.399895141297728,0.749334829315178,0.0227498696113671,1.28003239634999,-1.18279992407165,-0.206296506253494,0.47226673170726,1.17112341307233,-1.06002067919421,0.962136373579934,-0.157061458866698,0.502149408639524,0.26987117349679,-0.750813716211265,-0.432746664186906,-0.520182021965726,-0.664525645057201,-0.503072288109433,0.474714580871027,-0.188652960472219
"C943",0.399488044274178,0.816552703482348,-1.12793604325701,0.635713415228869,-0.768191797478332,1.3563069229658,1.07435195355274,0.694163256628803,-0.226904419289631,1.06048798835276,0.94419863011156,-0.157826087210324,0.873570645769526,-0.220845521840187,-0.771334812996703,-0.160971693713199,-0.136078424399529,0.0772171120383587,0.638522957998105,-0.196019593766982,-0.756251664172854,0.0864088810329259,0.076540233161203,-0.484597216104016,-0.788250875489916,0.612438379229261,1.17166859048686,-0.837100467183964,-1.12491456054027,0.601399758603503,-0.420024036426893,-0.0124778711021977,-0.0107932224229013,0.160116642734496,-0.497898784273486,0.647119240196186,0.153624753973239,-0.0554433045916011,-0.0880331605534006,0.174027803705096,0.351481643265009,-1.80149046309982,0.0408234799911196,0.707621513249321,0.510120698602557,-0.989179928357674,-0.333234827856923,-0.0411481361079831,0.517956173596736,0.131600908452696
"C944",0.306249936675132,-0.1889837950769,-0.275141332100439,-0.191340334269699,0.66424175931596,-0.663033778192957,-0.194949442782882,0.00776596769386137,-1.24188288792685,-1.05889737508093,-1.55790061987985,-0.212363326773423,-0.830064327668824,0.398816570641685,0.20302733200758,0.763593461869169,-0.486066512154079,-0.927766283690882,0.00105283387392405,-0.273018514922351,1.2944859989035,-1.12841836443567,0.423202290686941,-0.155131342754834,-0.52091277224023,0.439774621218467,-1.37627461278205,0.600320064488819,1.4199008541283,0.188128377637054,0.804529999663381,-0.494587460781314,-0.147158668101589,-1.72488817873591,-0.142232879679863,-0.883237840341013,-0.961236953309379,0.268715935317462,-0.405681629840136,-2.07226302564583,0.0766888163459202,0.280850406172989,-0.539584573895897,-0.43321486458863,0.458488132638613,-0.260153593136373,-1.51290005925051,0.0136102685808952,-1.15287431066365,0.100424037810826
"C945",-0.035721515314866,0.330665539335628,0.544930615573747,0.36907634778945,0.491633993418129,-0.170389392147833,0.0135826273489224,0.669298364159935,0.123166644740369,0.762721430653743,-0.448185644067976,1.20922186818068,0.810806864794446,0.195678489552936,-0.217988445188629,-0.286316956091218,0.312150644162662,0.626992880839037,0.98786428419122,-0.105033688535268,-1.63808354453929,0.729201680785077,0.814312273695145,0.759361773601553,-0.748668037514335,0.364684812752735,0.841909369502637,0.570880215636204,-1.46783794077432,0.689053646270587,1.15888162814419,0.95590774888788,-0.329551172627602,2.77587699803338,1.13246260948967,1.29965184652474,-1.84129435320886,-0.516380328168594,-0.30046641146488,0.419365080387325,-0.554519561902366,-0.844799008660011,-0.124112311579007,-0.480857325152906,-0.447469650298799,0.141923121900783,-0.112499494223445,-0.787596989100432,1.41172864025364,-0.0663653518417218
"C946",0.535440729722006,1.09332156513209,0.699570146561385,0.151172498296066,-0.319884750552038,-0.530735913193775,-0.198014799994639,-0.81919218922444,0.0568469800020213,0.912222033905056,0.264695644936839,-0.748100294943611,0.336030996613017,0.197987766528405,1.817099086386,-0.610356448492155,0.905119814678045,0.620370254622926,0.00387009733283821,-0.0303313692463801,0.889299867853915,1.41684254739222,-1.3327155725019,-0.0847239367581423,0.20712316083398,-1.84233783344625,0.575600929364199,0.244014573511291,-2.21105922675528,-0.559967037664582,-0.327791908609481,-0.535064220267276,-1.34353651782111,0.241641769320817,0.0955631733449285,0.599325076683542,0.524950391985383,-0.806267925505873,-0.401598048743184,0.739181644706958,0.704383140746844,-0.035803350687413,0.130907377194227,0.567544253074282,-0.414577998039172,-1.52980969298867,0.0487248037505477,-0.113609664862392,-0.24540230260132,0.762673650533842
"C947",1.35540817571318,1.36695279061939,0.229827885830415,0.298183945568421,0.952974455532006,-1.52201845661214,0.0142836840358053,-0.931462578440812,1.25581460709083,0.643920400961337,-0.701404730609505,-1.11189256713781,1.30166975067276,-0.152965523445053,-0.747990873926879,-0.132301368829631,0.0162398723133293,-0.763304792074962,-0.502449734294357,0.203485974457701,0.3549253139781,0.478571673302647,0.129179507950266,0.00535556575546267,1.78468698667131,-2.01322128457304,-0.39357751137023,-0.142304485057479,-1.13053656375328,-0.30673308657817,-0.221467063750052,-0.414568938048079,-0.38332110140207,0.801694167555355,-0.279560241246027,1.19725879567838,0.27803585795379,-0.885062260892506,0.0169423624867945,1.13382284982165,-0.0707246181785823,0.531294323137093,0.123284641922172,0.447974481711357,-0.420876829201487,-0.492943950596084,0.308029243543378,0.490057806510905,-0.468517804651239,-0.260551919625996
"C948",-0.112180055089581,0.281397056458363,-1.2547877658523,0.926419610137006,-0.174352856648149,-0.0852128385823817,0.531474038282012,0.374273474410948,-0.55114080379592,-0.325532187922045,-0.529833208200719,0.426988315771589,-0.267876884923664,0.14632183009882,0.558133923388079,0.325482740847696,-0.229519209167619,-0.262951185077543,-0.408467563150943,0.0694247186209115,-0.374553264176903,-0.343502917213057,-5.22552607430671e-06,-0.20830078308386,0.601825488102478,0.208457287727558,-1.22601813082711,-0.349931423173607,-0.516458670189654,1.0175832742381,0.856147080297977,1.02420012956443,-0.0789170232751258,-0.0814558784429004,0.246426738450964,-0.355982670389448,-0.404615276784502,0.565289668996766,0.701493592124075,-0.0798734613906478,0.245003888798664,0.657191891521907,-1.30637767965865,-0.616848936684811,-0.843238767506861,0.768832585947889,-0.291998401547532,1.49001942121796,-0.945209583068972,0.153512466555853
"C949",0.46517424639592,0.178294217949063,-0.0588971936449715,-0.716702642083099,-0.081190962576432,0.012455314524651,-0.00384598138960712,0.463712586425227,1.19671430310644,-0.632044186804262,-0.388675565448643,-0.0941962272804536,0.815253952585918,-1.20665457832823,1.12867671426125,-0.0994582650808715,-0.676435913194525,0.299593080101219,-0.585984691728717,-0.277600819121317,0.305821798500009,-0.367183194660451,-0.665259163552807,-0.10990106372148,0.0215841313128654,0.681940968285421,-1.32560032834877,0.105136858400305,0.546590714603382,-1.12703814563864,-1.24044672364232,-0.648558716479488,0.385747509360322,-0.255517184501534,0.0616745680344795,-0.153188626897827,0.985579052374347,-0.975289910797379,0.0392779843566264,-1.07599305207893,0.139436930173434,1.08424471160078,-0.0399438404497335,0.809747208944158,-0.24026770264868,-0.431128402978594,0.841844686518911,-0.302118904127305,-0.33625902547557,-0.128030647347881
"C950",0.0637944575676534,-0.750411423967067,-0.810889043119856,-0.295020484470885,-0.497354591804666,-0.579471544687318,-0.423118920729828,-1.07315956315957,-0.197109741602353,-0.4621829872888,-0.62990662249945,1.00016236701706,0.775865428766808,1.5690181175622,0.539175483427262,0.292212059694696,0.496174599230428,0.0798318757127378,0.0995418565615893,-0.411361032491771,0.97447534067199,-1.49915240698957,0.444077436205555,0.462593130774633,0.253141465826571,-1.3114768463449,0.0996489500645439,0.822202059259024,-0.393610609105955,-0.291831248043283,-0.532222980095501,0.549294449987594,-0.305423537825245,-0.689781038865756,-0.192971479204663,-0.480433581897495,-0.173903234059991,0.960552119905648,-0.698292002852237,-0.822255941522757,-0.637652135465474,-0.212235883091238,0.894989975102807,-0.20633199846273,-0.593964790967322,-1.44731075929341,0.257374429011057,-0.128144516400105,-0.592621871106964,-0.0292766408873045
"C951",1.00634322926243,-0.257026336532559,-1.00964206108168,0.985931531911085,1.19462513481824,-0.0220887326807697,-0.451713824064671,-0.914237396813129,-0.43394542718262,-0.870669956772581,-0.790078421000388,0.454818056476467,0.0178993852821515,0.251821047371649,-0.0837409694433741,-0.374997414328901,-0.0907982107072953,-0.0662525275706107,0.501720015684895,-0.199616406449919,0.503176995694803,-0.50021670817555,-0.543057968682229,0.407257258104569,0.680128522810943,1.25385505184238,0.415525691621613,0.681578214874387,1.6400286689398,-1.2411235670169,0.177114004135458,-0.32253901813937,-0.250860908366951,-0.730200801016136,0.191053951818394,0.0142174533531296,-0.34986101409651,0.504001557070675,0.358873360606307,0.487480397106399,-0.725435871946173,0.31050638705092,0.311365812462529,-0.121586857992274,-0.325309486404655,0.359199464136006,0.649706296818854,0.121688743945459,1.08386329354775,-0.0218930646736012
"C952",-0.242044914741813,-0.270349250724649,-0.540238513651269,-1.08985890809422,-0.139463022965726,-0.561620258796092,0.85160486606003,0.419771852675743,-0.455050474951231,-0.200559167950952,0.375446721464184,-0.556533831849512,0.632578990050875,-1.83436496893425,-0.0532318152239641,0.642252943358483,-0.274097154458293,0.750282018714619,0.216293153868713,0.789075866335038,-1.44970574406106,0.114882196671103,-1.1553793358623,-0.524591391744212,-1.15140828509457,-0.161462158806997,0.544082440757626,0.150038206820037,-0.222911138008787,-0.223382648260542,0.887592472615806,0.0645266804959127,-0.290164491661958,0.527875797366952,0.752944269302537,-0.584725797375049,0.168047343624696,0.132710948337133,0.795156831693539,-0.204319591489955,-0.43047261016383,-0.0267172975608262,-0.261135438773695,-0.604414459944644,-0.610404961586481,-0.137323078694525,-1.29345603163327,0.329995574924957,-0.374581956033813,-0.215980623823236
"C953",-0.948749609175224,-0.474048008692107,0.12480863013947,-0.970331741820132,1.54465582442825,0.112236727427268,-0.949208980726036,0.315158131357783,0.0705344511047879,-0.181492479990847,-0.252822966222532,-0.396309672225177,-0.280107684024615,-0.767837431350079,0.0449599974789287,1.30258952299352,0.363750469322062,-0.246686734050659,-0.152166704374909,0.567613043348365,-0.521288755058894,0.351328851880433,0.247166215362692,0.0434541872992514,-1.01274653865106,0.604416354536962,0.360173656329327,1.0230599691816,0.194211698108779,1.25870439538379,-0.419796075189831,0.369712870210334,0.836895863893426,-0.135663852498246,1.02894030642316,0.320643364003633,-0.97845607330404,-2.13654481401687,-1.22187876137928,-0.897722298221453,-0.234277861784044,0.0885461030029477,0.0200915950159335,1.20501174766152,-0.498137258801988,-0.54266362329919,0.458350132717746,1.45837789995421,-0.960773718145684,-0.688181320698371
"C954",0.329760016603664,-0.426512731315574,-1.09109958444888,0.0920403773757147,-0.221031412648299,0.564306554178641,-0.0188268705190074,0.112584136947985,-0.303178981540771,1.2880813945193,1.11140708662861,0.164561772585024,-0.695286160447713,-0.326394209578235,-1.04213702485625,-0.351896469400331,-1.16085094565598,0.617488744659786,-0.934046271680785,-1.03752711935986,1.12150595388459,-1.05307135292889,0.806551316513686,-0.00338911969256356,-0.120976525829844,0.862612116170098,0.198549709633397,0.125163450193045,0.170159097639569,0.561959399109484,-0.204977339960409,0.0285282498074321,-0.0259433302039764,0.0886924192091278,-1.05789355893503,0.124744704821629,0.403318670830756,0.9065057306466,0.165502075533932,-0.0271296945885064,1.46135262218379,-2.11320783978445,-0.444004834027462,-0.155387090695563,-0.13195538601767,-0.436628068816224,-0.9109930813544,-0.365522745949694,0.196878211237011,-0.607883073936856
"C955",-0.681542023219564,-0.187033070208142,0.8791347384584,-0.271244323208293,0.538537847381262,-0.429053911766282,-0.250168745095346,0.150632871011047,-0.168578889596947,-0.0536789688303062,0.552134407171683,0.563122120270861,-1.29565756910337,-0.131894909310922,-0.229469236286784,0.13504425315813,-0.240475713947255,-1.09261381621374,0.515797365408208,-0.312503189041437,0.542261402050498,-0.656708823429527,0.619055839858481,0.572536602207294,-0.0844715063946088,0.628973066290109,0.379558267371214,0.223355890224986,-0.433134865418923,-0.545414967382619,0.803106515527506,0.565042319279304,-1.002488097049,0.565592034613359,0.185356296351808,0.891270905046123,-0.37466061765458,-0.0675312436603161,-0.335812118306009,0.412663229070748,0.364830706828833,-1.33017121800108,0.0730175363912377,0.363936199085152,-0.251429752147983,0.0549693324745839,-1.55251306055982,-0.74494015448944,-0.203497251075283,-0.0615505415795706
"C956",0.576973493705742,0.18890720230494,0.380917930074557,-1.03584040450543,-0.531129951343865,-0.169233684989366,0.640730433554929,0.734876444418373,0.416398147732578,0.939130150513135,0.642194219005931,0.190035327300011,-0.205691059778144,-0.225036819925334,-0.565810188110573,-0.957467240975818,0.437562995157127,0.73360539149942,0.468218281036022,0.633001290887935,-0.508424460640436,-0.112374862573513,-0.910664698303676,-0.37119853160279,-0.606780755419648,-0.538957073411628,1.01656963589013,-0.51062464516008,-0.561170384367508,1.90154078953802,-0.509215473284891,-0.382477663918512,0.123841460976049,0.81363597619931,-0.23716792943024,-0.199787017186904,0.297338960750933,-0.449742621490002,0.28172703881025,-0.05654430350868,-0.123191994709266,0.223219402927039,-0.178962269743487,-0.0286292912723117,-0.506227481337908,0.0380923810639773,0.180111823746389,-0.301166045057395,0.28243823309348,-0.460640332810825
"C957",0.55266500513776,1.17451431450777,-0.23514131726615,0.00549356692173646,0.979929063070092,0.133996157339482,0.38921855781401,0.252347367221612,0.428778979691801,0.2269543042833,0.154422950580416,0.189377380144066,-0.365964196848908,-0.380799891331266,-0.287566817540309,-0.505330915411454,-0.114910469436018,-0.0855534532341552,0.356153581268035,0.137475285293597,-0.635838765716503,1.00226502971535,0.023936569405893,0.95936023175729,-0.310858866228607,0.579186010114412,0.565210682252594,-0.429081424721015,0.832262166894263,-0.374275401502644,0.216598568764556,-0.484918829023216,-0.0579199680483465,0.458479785558027,-1.47026951031528,0.400369378562034,-0.170777352682902,0.410840216182486,-0.130657655876112,0.979748562816387,0.0742368501855665,-0.563162625618831,0.430473520583332,-0.0667662577140883,0.844859688191409,0.13389934655593,0.205608693561869,0.513550067678155,0.108557146250644,0.512183761463343
"C958",-0.202920105849019,0.11066905010037,0.0255638773324789,-1.43202282820788,-0.515550787857586,-1.49504679812927,-0.44338809920251,-0.243851477066793,-0.310669308348397,0.656283546229323,-0.0587572174154222,0.141074409442487,-0.0131417375196861,-0.815785683307486,2.16000605944295,-0.223063907182352,1.1325401223238,-0.0457700719885445,-0.073650046290601,-0.339411737221739,-0.213933863786138,-1.0737652799966,-0.675230512340475,-1.22685673284434,-0.190681590829792,-0.989928378729055,-0.766114025873436,0.10659772291616,-0.712451605238892,-1.09697914696863,-0.292081264373904,-1.38223711972336,-0.18076147094087,-0.367821466251009,0.860864023083985,-0.0506668665174402,-0.825038545554243,0.0670148278203586,-0.102715665619902,0.843936540898981,-0.760401384964426,1.25906336486936,0.719181074680866,0.711139432014718,-0.248852612714914,-0.362325026253992,1.42531765062638,0.404277316791249,-0.840761040092045,0.676929835740841
"C959",-0.256763080013392,0.806274350556931,0.716490060514595,-1.36208109316098,-0.124207530251511,-0.467914710307349,0.737895670454977,-0.360795378617353,0.752632883320448,-0.694102497999227,0.122474425457085,-0.739385560433914,-0.229535342654019,-0.956926606182981,0.194501779410798,-0.380796386341832,-0.280850839533188,-0.432030156751467,-0.0576671090123545,0.0467509382363384,-0.290107110957894,1.0214929856732,0.00173882201686747,-0.531503017989552,-0.611099086882851,-0.0860983950536039,0.914217390002382,-0.120843579593001,-0.191872320475281,0.548624987516652,0.0446191381176899,0.255367308373891,0.241338786401778,-1.23988444359925,0.362300382839849,-0.289869720148412,-0.991520923005638,0.21419882473725,0.458135041283834,-0.79052130320477,0.104194430557147,1.36775187270497,0.367721325960013,1.20245532909663,-0.288830508598995,-0.433747584217444,0.0653097050963656,-0.0419782929579806,-0.804030866038867,0.0873700929115689
"C960",-0.23071558324981,0.638569875222433,0.188201739215184,0.161193432293351,-0.592768285281637,0.023713438464424,0.309347741080896,1.6052810522652,-0.827506712411989,0.503461883948361,0.828440438771522,-0.372424723415085,0.0253577679445857,-0.244246806532322,-1.02134698579341,-0.538161849072235,-0.271044769488466,1.13251721663814,-0.523437841385092,-0.128892741440757,-0.854978889303871,0.423766405869885,-0.202044721046247,0.973900289110577,-0.164953204771601,-0.395469234840499,1.4447831706197,-0.114005581644796,-0.295375975953521,0.166125500346871,0.0791690501466123,0.342072172386997,-0.00366965646671173,1.03787109211206,-0.845981426869063,0.609238020574781,0.614087043489885,1.17560674789312,-0.588053860064617,-0.425585174737322,0.179634301338988,0.0532108473787184,0.110660636933508,0.207830483296566,-0.366979373114398,0.0512593453522643,-0.532642847153429,-0.356588082546529,0.897493458129949,-0.18737013885277
"C961",-0.336037001232014,1.24072228145495,0.239499612958356,0.891457611079475,-0.0455673771228274,0.129332631112603,-0.682704754775925,-0.183406636284375,0.95397591720001,-0.536687109452548,-0.205190992109848,-0.0766898948557884,0.853513502968867,-1.49386822246255,0.4353560479901,-0.319252837592734,0.453927983167443,0.053951102500884,0.690961822769891,-0.776029586627255,0.115360799118164,-0.0383741049339819,0.103372292946316,-1.14673497409979,0.361160662582666,0.706700441184023,-0.740130697600335,-0.382595621883664,0.36800431737275,-0.12581948336181,0.507782770589724,-1.78181552049636,0.0112053853002411,-1.4536743944401,0.276085200225258,0.158028841882187,0.215477378987331,-1.61407448703514,-0.500801295312614,0.409454257665035,-1.99498678709534,0.164140811168004,0.420304705768518,0.100699389525638,-0.271835077204491,1.05368201089279,1.77852831481527,-0.543435564673417,0.122834043045142,2.1286023878187
"C962",-0.0967255677160654,-0.318124941106461,0.458550140685701,0.0999234597294607,0.724694275478851,0.559142494055142,0.661740551626226,-1.30407526790893,-0.656062552557914,-1.80233184122105,-0.927890433811472,0.247215328160763,0.425432223007163,-0.585548113252281,-0.516296889827539,-0.250068463088749,-0.560900148786118,0.685593151104713,-0.691078172015416,0.0257218614956693,1.4708789592031,-0.0393855691321016,0.0888367436358277,-0.941162468664302,0.259908820210236,0.416658477566435,-0.320204362384498,0.64927955035776,1.4692536290693,0.724039225042792,0.480705670884586,-0.526908815365901,0.384156926698333,-2.33190429150113,-0.389577989212074,0.125749551454021,0.0758187763278504,-0.169321592808598,0.148783924543576,-0.184634359459186,1.06291771903317,-0.0603829479679363,1.28866708186581,-0.264122063758605,0.786166104618408,0.526082913445195,-0.595613387062926,0.138403007144656,-0.562113731638145,-0.477656432114748
"C963",0.346779055640502,0.125763208426849,-0.643724966167637,0.762228184323119,-0.716427408071322,-0.677255255298055,-0.322260088211077,-1.43827577688645,-1.63807675752002,-0.341482574421436,-0.417334724698902,0.976431285751332,1.05326590671743,1.17453690801874,-0.408783993417682,-0.213896523163459,-0.145570989057618,0.360624135257546,0.175180272657194,0.397504233657467,0.0259141816463302,-0.796714363662428,0.594373977630991,0.944945934889194,0.830290113674775,-0.056211633727679,-2.27197644698415,-0.0192831314503808,0.653508888374642,-0.505350077157442,-0.100932990349848,-0.24525220515672,0.0785406856993996,-0.500084699466399,-0.469227806100535,0.772486187749893,-0.285765008779516,0.22407394518432,0.259788986036694,1.12231500057588,0.078594456955213,-0.113268789019227,0.783974674934663,-0.600702673462533,-0.229819142804363,1.31228459073342,-0.162923729517547,0.353003761446303,0.579055872294298,1.01843098179415
"C964",0.00575891170410931,-0.19522576202522,-1.01112598475449,0.687915122057882,-0.921899610387649,1.81383443651291,0.0589170233858305,-0.122536073755367,-0.327209181809289,0.519410525977624,0.244506026763772,0.880846006718826,-0.978360988493306,-0.694125662872231,1.06423352308917,-0.551166297983653,0.592678893018366,0.358956470112675,-1.13415010737153,-0.558947234562161,-0.145027128586031,0.426137581237452,-0.601611105468597,0.043972575219676,-0.788497903513668,1.72889131187581,-0.137928170179367,0.0930154160767105,0.527905915609696,-0.112592726033204,0.0951276414006264,-0.95221420938796,-0.0144862544663352,1.04368704121689,-1.39852328140083,-0.719390057563286,0.891500204596925,1.0530728298257,-0.0241470627302809,-0.598361798248054,-0.599876924466011,1.10236016204623,-0.71811074755427,-0.696528236453228,0.629508398869879,0.155240170871885,-0.460573835262583,0.180296846224993,-0.8198692911263,-0.480531968255887
"C965",0.449578888199169,0.130855293821852,0.693763138712121,0.264844829402551,-0.497657741195688,0.272267438868861,0.550171300022009,0.414328399347786,-0.101393923374231,0.869185110270651,0.0518951844307246,0.54033079735884,-0.650243939844289,0.447292292205055,0.78494158970942,-0.591834441520886,-0.709771913102,0.499245984122918,-0.824011192321573,-0.490386814273214,1.36496973502663,-0.821931303325311,-0.236981221429716,0.37235378624742,-0.348762174223969,-0.135192010273426,-0.460458652867548,0.745115793621533,0.496850354547317,-0.626383446372574,-1.32736317025247,0.183788482579958,0.186812521658959,0.0932640451177079,0.03694754182843,-0.19631986654523,0.0233619905552271,0.648019963107693,-0.265904474057298,0.322918146207266,0.000621211035535471,0.273997401070373,0.0462905808611802,-0.172447535846751,0.425354903758714,0.202609933586852,0.868635386463875,-0.259935844869382,-0.0478899096319884,-0.715096910004352
"C966",-0.430427227190114,-1.23337728975461,-0.785743171420928,0.00410803727845347,-1.74788353584689,0.443170177933876,-0.361701630191296,1.00898413206517,-0.0567249812038328,0.528144730032619,0.195338091932905,0.687774537742041,-0.467294542831424,0.722405210446214,1.03752474425,-0.361948489028646,-0.271430280351111,0.327332910857267,0.932058309409414,-0.417573184276762,1.26920029552398,-0.585808393125007,0.165632233387963,-0.553581954309063,-0.063188118258604,-0.102874900174892,0.0649004191322626,-0.673810447417232,1.18654850125869,1.0644055887995,-0.444184072330288,-0.0614638315808117,0.150214074492745,-0.366902470736116,0.384346306009895,-0.258992231919795,-0.133080643772817,-0.49427308434586,-0.800842348575804,1.27899940739133,-0.105325364700559,-0.106968134669887,-0.661391109454582,0.245154432090447,-0.444606368370962,-0.543803236939781,1.00870316505445,-0.485353835092057,-0.278809235387437,-1.1396440174711
"C967",0.105754931625801,-0.840265091776435,-0.0261910047611001,1.67176011488414,-1.37286333485719,0.0900373867833965,0.514345610400457,-0.208931161265445,0.56975518260879,1.48587022682937,0.298900452851584,0.523493541158992,-0.933156861978635,0.0613018382793176,-0.292745506774037,0.465879244745285,-0.186385060684278,-0.402297543184855,-0.109843333604571,0.646938571167342,-0.955426829563475,-0.0861252435166894,-0.0822656252203364,0.647104853416812,0.247070642786379,0.816968361517066,-0.983047246745098,-0.308442059529122,-0.354271256956625,-0.218531281116064,1.11312175162476,0.0444335287765913,1.13357108666535,1.01115541823729,-0.436098221844782,-0.273939658216269,-0.0578336533390696,0.454212633758705,-0.488933160317203,1.23050917305714,-0.199361284862128,-0.67137486882103,-0.697732520553371,-0.493124406578335,0.517174150889174,1.17534236095052,0.165402828253209,0.0376439136231424,0.172319373472331,-0.662061016678146
"C968",0.509944338294727,-0.136595785982711,-1.3857851672678,-0.324865414917862,1.05861032410994,-0.0650171331347048,-0.17753314946603,0.169256663370592,0.264016545010023,-1.66032545501423,-1.02279375607156,-0.116872984833025,0.645837282140262,-0.234449981297067,-0.539928307254356,-0.0126186952882366,0.00445767654337354,0.773905232144682,-0.4452984453392,0.362662368084169,0.831093038015056,-1.15522972849892,-0.961831409813728,-0.359486355350964,0.252983189014096,0.383057230325812,0.867510379186051,1.01698846712517,0.625910913990988,0.353017711887752,-0.112950699732994,-0.31355025232507,0.0315031564107486,-0.618791612178299,-0.0515472925160466,-0.232139010515269,-0.802285070059372,-0.98497732481336,0.227893532397206,0.1143464667944,0.217735891809593,-0.434088613396886,-0.391664243845874,1.30559046612375,1.00513342752075,-0.937086441539361,0.273462699881531,1.56097811634035,0.0276286319919613,0.165719406196883
"C969",0.00518455035283483,0.367616422787558,0.490793287196686,-0.205807854644949,0.401186997354718,0.302576449412591,0.550872532004514,-1.27246743295664,0.458830213394908,0.404723592517184,0.598886714996988,0.23762809230612,1.07697827848005,0.629903516170127,1.20697616387808,0.549771514868057,1.36334406230936,0.141937137661027,0.0397421537971507,0.041251245861676,-0.497209401130246,0.00921815852293435,-0.275710684976926,0.178144421841057,-0.418452390079583,-0.539568053524576,-0.565587395451678,-0.73837743316558,-0.664430538970756,-0.574085010179623,-0.0016207134261624,0.510388139745597,0.582013535924529,0.353798497001096,0.109912612678477,1.67055351410585,0.922595188087551,0.936828253013826,0.102485219243928,0.0166659017401,-0.304435706280107,0.458832481549755,0.254099536820318,0.199088103431968,0.0995003378822541,0.606593501750277,-0.670865077277444,-0.920891543076208,0.516050564297065,0.17585895290018
"C970",-0.752792204837437,-0.261243984697822,0.0341335860273478,-0.613298944790783,-0.295379881276367,-0.368986138693522,-0.806817974824473,0.326050764072471,0.326274095512485,-0.776160473680891,0.60587697749001,-1.76660217996341,-0.119615177373384,-1.16785013887822,1.22508220846765,0.386480283317151,0.126531862482841,0.575053361189103,-0.411163067217836,0.671508990692736,-0.690387817581029,-0.001944419374156,-0.310455679715202,-0.125459259133056,-0.645033759358854,-0.443954446109078,-0.929403121370103,0.398311599820526,0.071958143325587,0.413623202041046,0.543213831460053,0.153492955450718,0.792343199086252,-0.0611427891718564,-0.0585952040233706,-1.02109544036322,0.29201065604908,-0.721153618429376,0.378791345364368,-0.572612792116853,-0.615012628655785,1.56707072924563,0.051802710723042,1.67922068416324,-0.131654314835638,0.138910781784698,0.831369363382742,-0.0377854891847871,0.771773289093348,0.378895798402948
"C971",-0.0739979502991728,0.280847954416043,-0.937489922519042,0.215282329622418,-0.530098785906036,-0.454640819658489,-0.38257348102052,0.375791101232216,-0.0907611777048806,0.16031152717552,0.216679306028473,-0.475128443384348,-0.0595329387815075,-1.3190694605007,0.380935660888048,0.597952381365361,0.705143576919157,-0.195239149511892,-0.351334679024046,-1.06311396324591,0.0733258722541712,-0.829097719142837,0.58172922881067,-0.797391129769533,-0.679345559660885,-0.0402780455043361,-0.795589254014182,-0.387650597426674,-0.583792774849777,-1.29962872093086,0.156237000419909,0.134281179507231,0.803476858823277,-0.631143825309051,0.0552643231938542,0.867253841570291,-0.408398917626098,0.173374626962323,0.38129136842399,0.0979474793996985,-0.454720150771823,1.52694854270395,-0.317863486083837,-0.149893131293627,-0.217952796567484,-0.236932662626379,0.367284091110101,-0.414497634450335,0.316054494120898,0.461039190023043
"C972",-1.71539342233571,0.272144583716871,-0.304157668809559,-0.324480973033508,-0.484701977261076,-0.637011034513761,-0.391769014335828,0.205001376300477,0.0806917687195027,-0.765057260696656,0.0257730208585613,-0.559261174013763,-0.1133937706383,1.39462084537816,-1.13467828399251,-0.196769039171048,0.730835378028678,-1.08986788492744,0.0434462739816877,-0.629007724496357,1.21092493614701,-0.578098081488584,0.270705979022883,0.20181062206163,0.702071968348621,1.08357035096972,-0.318950426496837,0.95561913498788,0.0925301223976534,-0.125857079300731,-0.338305511563092,-0.127048342360298,-0.399986119142746,-0.336401178164471,0.902931243533357,-0.137012114427321,-0.279383959648126,-0.501979239219163,0.660496570019128,-0.132658677802631,0.0692911154697786,-0.340016687119069,0.520861970324239,0.682047589796566,1.01630754394677,1.1572114054469,0.52436246868404,-0.15198883352627,1.00120206220345,-0.348419083265334
"C973",-0.223296458605529,1.00542171420687,1.20857355540174,0.204998397200552,-0.445529697618789,0.284604927180557,-0.1136791456209,-0.952605041334184,0.790427477209162,0.317423607901598,0.0890529757330954,-1.34834779476278,-0.138808278726509,-0.738568918845445,-0.417661432216187,-0.0503369283258914,0.552355259890763,-0.840796686691281,0.873796075155939,0.0704359162946134,0.384034279157585,0.526423055269831,0.732453105478232,0.252046191000892,-0.500255113721033,-0.182598204731537,0.741726354146944,-0.353345573020847,-0.73952556868931,-0.448926205723689,0.333034836383523,-0.0142291496479601,0.307072753193014,1.10810686079475,0.521165140257396,0.700659632486281,0.554262314720849,0.174829570853728,0.371165581882467,-0.849941134720559,-0.0560523890087725,-0.212765988205887,0.614497107257297,-0.674590846381547,-0.0945910447819879,-0.0645437767159349,-0.0764949828376176,0.0279558290320946,0.477543990351841,-0.185890886855839
"C974",-0.187771537418193,0.0234354247712523,-0.495864930150265,0.455898937230916,-0.718730773104379,-0.455130438881537,-0.138405549483672,-0.572489947558294,-0.401335923210613,-0.1686355236283,-0.127011699910516,-0.298954219279586,-0.33843273853009,1.22447288135538,0.742062976426758,0.441912890098952,-0.878772115479733,0.43629290624374,0.545170255583351,-0.184228852068771,0.706397185246739,-0.848440033766191,-0.280724173560022,1.10252748629443,1.31574382873363,0.884454752189012,-0.593137420100455,-0.101016929435403,0.909025142334639,-0.935775002549422,0.127571886466736,-0.382412920188597,0.49714241886394,-1.00204907782599,0.676663400012078,0.696016159508865,0.342498607103618,0.88092101964695,-0.269811689111113,0.574655006065283,0.238282743090219,0.0460257081020257,0.626335502093023,-0.0409336952605637,0.970945280219675,0.836291535274034,0.265711983664645,0.116101732297226,0.146656890690718,0.978465595444195
"C975",0.750579236624146,-0.297086610652391,-1.10218146027604,-1.78982976174302,-0.148653136277419,0.024934300789406,0.47448157217955,0.018770014679369,0.448684637848359,-0.075386110697254,-0.2988505371292,0.52100540836676,0.781950773445823,0.141372071839819,0.390933702357486,0.421274212963803,0.212695938776705,0.385166020350567,-0.16422112303168,-0.203895126122265,0.272565602530297,0.698549094704712,0.0361485706326888,-0.801436159194527,-0.612110780212737,-0.266820650144149,-0.549042729353192,-0.231285273035201,-0.259530857905812,-0.622462196993125,-0.533102061116018,-0.457259251406796,0.690404357942389,-0.436542115026898,-0.773559447273829,-0.283268897920086,0.0752574745694644,0.191576668695207,-0.599724552155464,-0.316715124031022,0.214429342455091,0.0160002913688768,0.424776833357808,0.706755656371576,-0.979443452545927,-0.266100531288695,0.112456289775621,0.638430447873455,-0.375126893507062,-0.181495513885701
"C976",0.155985830747875,-0.704094533003577,-0.239386691945596,-0.141739815541991,-0.14992525360334,-0.57316483384307,-1.09796674178137,-0.989019107261006,-0.817193582080067,-0.863548082977646,0.0480713883882569,-0.172501982790995,-0.0915784664518845,0.945541561113992,-0.31039271661238,-0.19085430683521,-0.0404952821899777,-0.822174826512787,0.379597944432604,0.0724608294881459,-1.06712602578603,-0.153330288524902,-0.107449129874015,0.649296326188384,0.190071404160508,-0.65461643160634,1.40751752191247,0.196850485787339,-0.619554594858065,0.147918193918777,-0.296747503420799,-0.461568987232862,-0.910131860088508,0.818503614261785,-0.263548331861413,0.422235503189309,0.0762865968701344,0.126374544859867,-0.267135009000463,0.663589310754899,1.00195790330348,-1.13976801990412,-0.291104416443218,0.378935942728738,-0.450143952095608,-1.55180898630728,-0.947177921901648,-0.530826740158459,0.938254794639515,1.29798594601031
"C977",0.330615535909143,-0.136901204815467,-0.197924305887822,0.501146369560897,0.074864091412094,-1.10593011700891,0.607497642383911,-0.0440349296199716,-0.30569715743744,-0.545666565953667,-0.172818942578161,-0.862017568674651,0.214382598125329,0.230140478819794,-0.148520757780044,1.58151875882393,0.182426514844439,0.162759533709817,0.109040502279515,0.14783968271742,0.333885085289146,-0.211380589173201,0.395098941673844,0.186562828062531,0.52091545589279,0.163160436968803,0.626416292918698,-0.815180160611831,-0.113974321241801,0.770748493302331,-1.08715224766143,-0.167137782900212,-0.631049872340619,-0.634203497553924,0.0734463711942734,-0.216675093670147,-0.0871770698150949,0.305803116337691,-0.398547563982418,0.13155960201157,-0.884833008913453,-0.069792195768856,-0.287267920940115,-1.74953714858038,0.536324099303361,-0.220436634803957,-0.0583643082674554,0.36345078085915,-1.68385394891291,-0.371733437090217
"C978",0.470588001653537,-0.265937267035057,-0.908812782290317,0.0256035182427692,0.0950184383068208,1.07798897192933,-1.1594871222687,-0.166629254111626,-0.159772145476092,0.187971360012692,-0.671300234978639,-0.120263609192902,-1.70534318343861,-0.313994606372494,0.193058671695591,0.757966175624478,0.205818541468232,0.355147871928199,0.76290270320893,0.0112473877919094,0.482386588796388,-0.349679584928915,0.649812507820616,-0.358461703375008,-1.1409220445666,1.53325572295066,-0.478688923192712,1.46106949520268,0.563866963312563,1.20272160454481,0.753372440457844,0.842291784031028,-0.47422894284988,-0.517277532478294,-0.64086664172003,-1.21701588135959,-0.603002220433487,0.175400431378311,0.272422034871529,-0.582040758370242,0.443021141954947,-0.242864038759145,-0.775056411754683,0.0233578426409854,1.12083789319232,0.176414343813669,0.467316897051624,1.214016714893,-0.185382019173755,-0.992531514223561
"C979",-0.464389295419647,-0.0921964752968161,-0.296810173439369,0.105606101008995,-0.749353714229578,-0.855067837103153,-0.485871611157114,0.913015825901288,0.325858623922556,0.732545733238286,-0.0815318094706373,-0.103670117254828,0.963742847322906,0.0709603126759457,0.561032508526322,0.132984596886149,-0.536684777795483,-0.64291863171287,-0.462453017387072,-0.48026965974743,0.161289897147238,0.690322331603595,-0.630313727931731,0.321836137613631,-1.35350361215128,-1.13683875959591,0.770525850149494,-1.36023968743268,-0.642509155695397,0.184743212499799,-0.0125575781747344,0.0168247212046187,0.709310714104836,-0.487033283215099,1.24660636548369,-0.142934045759302,-0.799613466109993,-0.421135851059584,-0.421888170506523,0.639028985188034,-1.16478386037828,0.121333128724831,-0.733634236187418,-0.628658103240555,-0.862671841375194,-1.7314824413984,0.057005662180815,-0.0574539834155228,-1.56564155888058,-0.278566585720115
"C980",0.781044603380396,0.226021993724356,-1.19469616499241,-0.416813406621008,0.410406350010602,-1.138557613744,0.35368116283881,-0.0121371431651262,0.760153843566793,-0.115203505503934,-1.01010368942015,-0.082529288951332,-0.219954871467071,-0.227983514661082,-0.246491615864607,1.32942983386454,0.358265468975789,-0.435627805955997,1.1439441829419,-0.594506577128221,-0.643150189161293,-0.725140385705919,0.567836168556948,-0.874306244846445,0.494105261191183,0.119823697579081,0.592384949092519,0.802260871404171,0.250992229037895,1.09219054652567,-0.234275816361355,-0.386781095068075,-0.52743139110278,0.0898533559838815,-0.616632502277063,0.10829803362546,-0.500346776022505,-0.964646972799389,1.42727732050962,0.548061004292964,1.67511022157921,-0.96168717535816,-0.23705612316217,0.24743255300203,-0.975832998228517,0.307959189979224,1.30016986200116,0.719291143498986,0.32100291278766,0.28181628744352
"C981",-0.422352677473506,0.413389812227076,-0.562429802854838,0.0399089752466508,1.0071621416538,0.0908712319563633,-1.44699832693183,-0.80528235657484,-0.434473709119854,0.15102697171656,-0.240877230997587,0.105707281413429,-0.266664532508169,-0.0108649854550596,-0.323274496457907,1.26028610283212,-0.467440881780205,-0.516931702599931,-0.0626388666403756,-0.317811368839044,0.50611596484233,-1.0572966484225,-0.0519020778728214,0.698610678129084,-0.515580685941727,1.3759791551145,-0.42233626301927,0.552618238649721,1.29677130125756,0.282254746984885,-0.0648530483235073,-0.59298064813425,-0.712853750971001,-0.318535633473618,-0.192023624133477,0.346953183319376,-0.719737368873539,-0.72199051938548,0.612383132514203,0.213094295769783,-0.385457631132714,0.277358360891167,-0.728701037500665,-0.705659112358977,0.328092447864394,0.635140574443348,0.0446879064933992,-0.172056816729507,0.0590037335938285,-0.219308313347525
"C982",0.300018074874836,-0.662855964458154,0.538163790366739,-0.747468484317517,-0.596431203010365,0.249063062869498,0.363339696149688,1.91439012949327,-0.116450971303784,1.29488028704792,0.89573610771508,0.700828422751822,-0.165705192829171,-0.761337716933681,0.549442167011935,-0.11744626137971,0.400579158043054,-0.835079347325403,-0.535498216011575,-0.603881763133791,0.347068285202139,-0.0262561270347947,-0.329510685012633,-0.325539658148685,0.0708489990253837,-0.937746512588642,-0.365247527405925,-0.523731582665902,0.185071536002096,-0.515908429694435,0.0738959891271935,0.916430470788662,0.327485167610041,0.725455006414344,-0.301028400209773,0.280058369782521,0.21702665739322,0.109686055571454,-0.328536319675083,-0.15069389468357,0.0621042109376475,0.5964416229623,0.270271331294945,-0.253358356219547,0.691849964145325,-0.282154940852998,-0.229079594099699,-1.37402711366088,0.17805680634309,0.278071059214674
"C983",-0.365774801707826,-0.368770198403598,0.686216020487928,0.470788909696079,0.300546230967764,1.43459802798965,0.0784730038444011,0.256150771780743,-0.910409119087027,0.0105278136860061,-0.617297750147963,0.140332474897191,0.817525653608419,-0.0364093075469061,0.362919182862211,0.640626404773152,0.0904842197770165,-0.320578251024621,0.00575204469845719,-0.51836901115182,0.0499862803252868,-0.538201707315571,-0.217742510429618,-0.67349554050346,-0.248652956263907,0.602307003087656,-0.511618445481167,-0.512495247872584,0.0465175374342349,-0.929168939653682,-1.27622956854222,-0.532526089106816,-0.393443014424592,0.081217353563482,0.539692014203572,0.153110064605494,-0.838306684955179,-0.612275177044353,0.229709516493288,-0.462646916884982,-0.793549761662972,0.349564668938338,-0.136682155264123,1.17786292896077,-0.0837427689476571,0.864088607831304,0.778823821191255,0.367759741461523,0.401093132262311,0.135306131896531
"C984",-0.212220141549634,1.02670907948874,1.29663711772417,-1.02081745719979,0.303606860148312,-0.256743034717354,-1.84500058006335,1.06010343556655,-0.137193151575348,-0.926795941669794,-0.601643468746169,-0.454122297035469,0.232603056057009,0.318503552813184,-0.701162765880162,0.142427328752822,-0.122964964602522,0.089021801364178,0.488142858682764,0.694997823612668,0.393935697503991,-0.335350539394589,0.14870808322468,-0.659839648960461,0.276608610196067,0.0975122277954185,0.250958295675959,0.655088182386007,0.469896805193486,0.351087941493073,-0.490688473335422,0.0613311071243781,-0.0752500712236443,0.407290797070831,0.22009102433925,0.693250434102672,-0.536702793071656,-0.60624455523545,0.115569036466087,0.5045599949169,0.30320063432607,0.895552669191221,-0.541488472271632,-0.445083506902615,0.930690736829853,0.226067111068624,-0.0549552527930988,-0.279719662995514,-0.0764429482057705,0.62483015336203
"C985",0.736693531017785,-0.279803473620237,-0.70002625240169,-0.302036783994665,0.100293547438142,-0.150910498182767,0.585284187321378,-0.202555038566201,0.14120073382888,-0.571021977405127,-0.724477025988651,-0.313581593488132,0.0176154582920344,0.450891520312206,0.449830599078896,0.54069707560985,-0.218894509178435,0.409884828304876,0.337392123092496,-0.365384357727151,-0.560152140711893,-1.12710485751676,0.669132871036566,-0.00412768432170767,-0.558301121067708,-0.451893539124144,-0.674432014480181,-0.383302919084418,-0.304690500838152,0.71043929999223,-0.549304603788605,-0.054505202993247,0.6707953967172,-1.20416031964811,-0.335265695278021,-0.811169532436044,0.682883512015162,1.17014918987583,-0.729681278068296,0.655386988428946,0.274681008176628,-0.458577906507299,-0.268888183936152,-0.0826081965756083,-0.921604303400239,-0.472245755438233,-0.100430260241117,-0.301284062620314,-0.923972021188074,0.277883411369025
"C986",0.958408222003558,-0.504530300732324,0.335703031197258,0.619060348699689,-0.472491833015731,-0.442914317218188,-0.0374161747210168,0.0710735524600164,-0.677089132024068,0.223640815085535,-0.0793410554265688,0.446503752505716,-0.122143304020591,-0.310574223757522,0.542119239568553,-0.335986567721447,0.704129270475441,0.0562318332460378,0.525846949935812,-0.195022663978653,-0.715029315260041,0.30440202600302,0.569017809403184,-0.178248460333537,-0.106867373501648,0.708259123831724,-0.0143202027017486,0.180266224133309,-0.0471615792580623,-0.0481362369347666,-0.668627181625472,0.94607238504837,-0.391961418591482,0.0482668416571746,-0.339861924203153,0.143121784088796,0.28554543941288,0.784466349069666,-0.194727055059739,1.05763194878085,0.376381268899619,-0.989199732940417,0.203109030451405,-0.156591064567916,-1.41119126316501,0.628134023294785,-0.519920040538264,0.427782573453562,0.325029769717807,-0.338942977294303
"C987",0.731122094921746,-0.13463858042965,-0.189320071539286,0.258740166290482,0.481561584199179,0.660093266328755,0.00276174543199108,0.394813499284863,0.477636185545803,0.171942715730253,-0.843332073456907,-1.05988533073853,-0.00209225820779605,-0.848225874623553,0.981405951106558,-0.973446658862202,1.10575502127357,0.0427370266519338,0.670808382225652,0.105897962798181,0.377156630638037,-0.0634514953911109,0.330392892123991,-1.26037914146265,0.120771780041756,0.24856553038853,-1.4931003119699,-0.413787824590309,-0.177621710145611,-0.516370513561472,-0.198202258259267,0.0116228520710013,0.502709592338174,-1.00975044087009,0.841236237139452,1.10167324739597,0.0364499324935406,0.776002271858846,0.0463879960186619,-0.0529070473972537,-0.635802238926045,-0.413785495847089,-0.467113676979352,-1.32034180528929,-0.287339268382105,0.187705484522921,0.81577839621155,0.011921789424576,-1.32910283485032,-0.280059584613519
"C988",-0.0183333720608995,-0.720486935207389,-0.604801847250299,0.471947342455486,-0.42723568162624,0.440658057732808,-1.4947780997851,-0.507234004824246,-0.805281524338445,-0.208875844429269,-0.0769315865876777,-0.0859340379023742,0.779157812425545,-0.119395172550683,-0.21978568517057,-0.897940817820847,0.696372750822801,0.325887370380446,0.112410484768386,-0.961467761161897,1.9081551382139,-0.309603280868104,-0.0673145879024783,-0.0252559944716982,-0.469579962902631,0.850754394468902,-0.709288505293191,0.994669786389331,1.30306299039588,-0.387232806858334,-0.739340851618916,1.00777731037223,0.812536594889335,-1.10957182110762,0.520459359116131,-0.95551962292145,0.68203461855805,-0.101025610723511,0.0905345170978985,-0.63792249300776,-0.882876864908435,-0.0105067229867126,1.07129307102678,-0.240015387899803,-0.229272314309703,1.32082359021337,-0.520165315547542,0.547511974855714,-0.0544101574551017,-0.98530438959319
"C989",0.147328304675308,-0.255495332933354,-0.60036350448748,0.243724991875015,0.17053658165733,0.156495296421652,1.44763409445237,-0.702247029354026,0.374517375273821,-0.313657272530504,0.120346918402792,-0.469348421975437,-0.81621875883724,-0.191293534751879,0.86295634095824,-0.0582208766205451,0.678805851327147,0.00982572989377821,0.388395336243258,0.573560095745681,1.06684628557631,-0.700228796776754,0.0777089353571281,-0.383596867889407,-0.232205335302319,0.274548150174442,-0.739658542754679,0.163085521426408,-0.0518572738167852,-0.933395196807233,-0.324486378707307,0.0655680552122058,-0.127483783901125,-1.32548518833726,0.769851108420519,-0.245633676902669,0.137948458539004,0.732590555353764,-0.397371014096112,-0.29596022871364,-0.174218210623776,0.338769240140877,0.367003686670909,-0.108335961646316,-0.320400087183338,0.613925261634947,0.654920033629588,-0.238928798496439,-0.328287089306869,-0.465843154249463
"C990",-0.0540917214600467,0.0164446760380447,0.0861380592976291,-0.397435736306625,0.39514572799167,0.669302136231378,0.535565091723912,-0.503242763188887,-1.56052805604632,0.0771896737411149,-0.951058172917655,-0.344128344292338,0.342649415718003,-0.618436933823842,0.816069476228249,0.446890304278894,0.225392919819526,0.457143599054075,-0.692438125180615,0.309834673588429,1.26557334160859,-1.27409358274571,0.254955326200854,-0.222573240680157,0.56656603089532,-0.0958895243397922,0.165617371761155,0.160020104857858,1.03338927589143,-0.217982496299273,0.176086938106034,0.547606358425392,-0.642985194136081,0.16248494310988,-1.3987427398008,0.58944778791743,0.512795578134456,0.530676610326981,0.802743305859346,-0.282971936992207,0.13231349694929,0.506850697756623,-0.211807589700193,-0.549078352603774,0.459165951165498,0.67143081926978,-0.74665482636496,-0.114736176281999,-0.0918916215309226,0.907784937548454
"C991",1.16052561693035,0.0628775478817835,0.00818813724800649,-0.0302045394289627,0.0971767586221272,-0.048375610151445,-0.232185253675898,0.576482627989252,0.409670109474174,-0.443035255901612,0.408298956211788,-1.06029130689685,-0.20102577412268,1.11756753044253,-0.199642408489798,0.640862981681977,0.661881592569964,0.780389422451188,0.580886541492187,0.631556947415156,-1.42369920668489,1.31266260734966,0.250616331916118,-0.0700223147804087,-0.0804715152403646,0.538807788580328,0.275562670590001,0.0227292361348761,-0.879539347957181,0.839622822742236,-0.549534081532889,-0.0910257172774493,0.094406438069911,0.146852650751385,1.52056323851784,-1.45578663489722,-0.645576757305921,-0.69874424899231,-0.210798388529229,0.359847380384842,0.257029119189954,0.189520781395104,0.571848315034497,-0.699706762181058,0.164131376446732,0.22037180011036,0.0323759974219788,0.552937313668964,-0.430525284719159,0.011087602969371
"C992",-0.0233833126529697,0.377083191934017,1.2146130327431,-0.0568099837586264,-0.485224098103846,1.00358882044586,1.00689668078816,-0.334208082750809,-0.290458300452641,0.958377058958348,0.715810829520046,0.930803906306884,-0.310506932715277,-0.251211005029893,-0.661584023353816,0.499795847409555,-0.0715261626839197,-0.122430758992189,1.14018432161027,-0.490386190998774,-0.445096466591667,1.23106548680262,0.617772367593279,0.522823131405729,-1.32862124957006,-0.467567645746658,0.830611265755735,-1.42403267540607,-0.873907159741741,0.664285009630303,-0.132416319439903,0.600234714862592,0.0820044548240856,0.622713982400331,-1.30319798386781,-0.335882426708403,0.594287963339336,0.906980394223908,1.22012360055696,-0.637682717199439,-0.307362654495487,-0.506925440497465,0.575984935342169,-1.15604931642613,-0.614067241757201,-0.636834651411285,0.505030778524767,-0.00129195618634943,0.371343850495631,0.877275244288171
"C993",0.461265382336972,-1.0553317955767,1.00543465450734,0.815169793030366,-0.0418577344403537,0.687708909797051,-0.312396920941386,-0.0855209836611948,-1.29873734462798,-1.40143963444466,0.933161573959817,-0.590643457316373,-0.748646025831867,0.921796033368714,0.177148793187784,-0.0867197502178215,1.17427806353733,-0.608976016196787,0.440758240399318,0.149246461217904,-0.221190986775635,0.065625906227733,1.19710505596701,0.141308011903831,0.281384002629822,1.1651095349878,0.161755029810757,0.182437482020231,-0.528197710005852,0.807390456678206,0.854963643676481,0.308259953073989,-0.0819668664530182,-0.393170885224673,0.744111364988059,-1.41028196529918,0.0330254846843624,0.671793071465612,0.760659211370589,-0.171259791836169,0.406259111601592,-0.509643992286209,-0.105438255100065,-0.447033578093034,0.6502729828652,0.167320165232432,-1.91910072702866,0.0545041668439433,-1.62318711939974,-0.817126064834374
"C994",0.218071213006134,-0.144181531581666,-0.243842393094617,-0.103208692377517,-0.0976098632550811,0.866666237290406,0.289747204259297,1.26888390159559,-0.240511209916127,0.86764873612952,0.385793850717801,0.464166123473033,-1.10451120616818,1.60120485167963,-0.914712840148299,0.366701669383715,-1.15562135582614,-0.530623647781661,0.949215355859749,-0.123195798095445,-0.338711280628965,0.351925442277498,1.1142889374405,0.277976595466712,-0.0866996409058125,0.537359687184503,-0.879655021403774,0.528892289494364,-0.609509938423637,-0.323217083311057,-0.130142657160764,-0.676623488091792,-0.638940231877432,0.801970880418006,-0.100617983098415,0.520666834687175,-0.341632186329169,1.15396768880557,0.524399653334549,0.634626128511639,-0.341184215731331,-0.606192672471392,-0.739874916164629,-0.634501354190775,0.524660855773444,0.662448255522437,-0.167728513123039,-0.312345596651795,-0.20741648427985,-0.656947179269879
"C995",0.660326557047865,0.351735752494745,0.499893470318353,-0.933055672124784,0.466383868752495,0.379212884949858,0.026458163293799,-0.332387503271456,-0.0907999563417858,-1.24188985716249,0.525124260929124,0.265029314315975,0.527955502182912,0.235780545430845,1.39025688068488,0.140589085203476,-0.39589691295736,0.20525878235193,0.211587687566572,-0.26947338178186,0.325947681451678,0.257789063048603,-0.491332747249656,0.333808527012521,0.588083224940825,0.00146605025851002,-0.313400682120945,0.133659540567077,0.714592743462121,0.49155905035587,-1.35566080470041,-0.767316290312471,-0.587086659082286,-0.4463483462892,0.321438689828492,0.300347551428293,-0.88984067021065,-0.506365402391044,-0.33021127911125,0.654947283172398,-0.304056367108843,0.540182206862989,-0.53804903407869,1.17422683320152,-0.515404613197587,-0.603331004736434,0.175748255012377,-0.72806044497039,-1.38242792192225,-0.203268406681268
"C996",0.506192379838272,-0.512134783066656,0.479638811064458,0.309016965734679,-1.13055649060888,0.14246645069172,0.623431856038326,-0.953470125292898,0.484412850336885,-0.0692889288110167,-0.7052197962426,-0.022946947382154,-0.607963364480124,-0.366190272234438,-1.28518172496984,0.653991665930514,0.41909308373022,0.635025708784965,0.323898013288871,-1.08018776416512,0.0706858781125643,1.19890356684815,0.107927812109862,0.218757604141641,-0.690698076537148,0.671292470167069,2.2794765234005,0.0739509407796223,0.0555161589415372,0.915815054647518,0.494085179874533,-0.758232155532616,0.336503065390195,-0.0613216718578271,-0.457092544711364,-0.981959946386719,-0.661444778658513,0.412122711998171,0.249456123133373,-0.220430947468177,-0.170013591299346,-0.418867139439837,-0.898754198961879,0.444267353793736,0.375063957133621,-0.178849083556677,0.0442411375191961,1.26767707355211,0.240032435850745,-0.0342089443289713
"C997",-0.642553212401495,0.513840242608801,-0.566972129469038,0.737584924044396,0.440821117899624,0.674427106037616,-0.883172113010953,-0.746696767907868,0.622110182507642,-1.08736311800932,-0.540615713390897,-0.386314385092914,0.849708809277801,0.277174888262107,-0.074218858867774,0.407229477343534,-0.377600761099943,-1.00137753352931,-0.0746864687068787,0.236933952781905,0.402636748415512,-0.479308284792679,0.292106197329771,0.56323513356299,0.761601017746073,0.00105277747958204,1.02645372351865,0.245471567626171,0.627714142524479,-0.961558032017794,1.16651093626103,-1.37248288307357,-0.760025361796086,-0.574722233279957,0.584455784777901,0.458149566946233,1.09830792571555,-1.54765033691288,-0.0581584826700857,-0.155055423085043,1.09194593694288,0.271460724884943,-0.567253246139062,0.19347129220916,-0.168163092188672,0.0835084478272962,0.901279780126914,0.511464671764326,0.361827489570696,-0.174993237785739
"C998",0.0339781275899273,-0.706890732408293,-0.225272113132581,-0.295067561274912,-0.125591023141566,-0.749462539628311,-0.644594353064453,-0.172044989197827,0.953159533205827,-0.485350415141606,-0.902355804494719,0.6395412010459,-1.12420070553348,-1.07378631927742,-0.22287546608244,-0.138228878972385,-1.24781939810819,0.243035128851025,-0.86872551148433,0.359146489592936,0.350077418867514,0.766174018835879,0.545105476785276,-0.318743117554178,0.0739411364273322,1.29757994706644,-0.297008032006653,0.601150994756427,0.168266368601442,0.393256684587979,-1.06260476927011,-0.120995612604972,0.252042868652485,-0.985263553990977,0.0675249650260855,-0.242783960796706,-0.0295371360890152,-0.991371936408377,-0.46255504237861,-0.57850841145536,0.47820256284487,0.693220281579164,-0.126837680271558,1.92812612716441,0.723406762985892,-0.178303644652476,-0.238827595591498,-0.371528211149773,-0.189401202287375,0.581577225665539
"C999",-0.128658622530237,0.591512527120514,-0.427007973752584,0.0250686066655409,0.00287846195080821,-0.234483674472572,-0.946106672708036,-0.0918926458932269,-1.07381148804472,-1.0195152259965,0.407472056408996,0.692992993429513,0.0256753839586742,0.707875814536277,1.19948713488914,0.32564941397771,0.145032116709183,-0.445037748614648,0.123682825619846,0.338512902029475,1.73071841689882,-2.03843734461482,0.103581394428632,0.0438780846360467,0.101856631450809,0.526008828581288,-2.45196123682328,0.897589927717826,0.060646653841248,0.203138835562374,-0.130142232913317,0.68306570342933,0.445213152643574,-0.982184233779922,1.42267942298924,0.88825096444998,0.0774609317391246,-0.952860494860658,0.287406452009796,-0.848840695072724,-0.638703179418439,1.59195272123422,-0.262327424054181,0.406575676582267,0.956987766181766,0.584567635161713,1.24860934445685,0.086074553447744,0.483263568479013,0.434086213124235
"C1000",0.313805605559875,-0.0442818492913534,-0.632349433363309,0.043085129653379,0.432584685057437,0.805824720074568,0.264351805627575,0.259966518111631,-0.533955691047793,-0.0709099038917859,-0.0374985645018722,-0.800486348259306,-0.993964738612114,0.275015204881579,0.0817015587665653,-0.295041334600764,0.0543172660951462,0.345982352004527,0.113605010742052,-0.0515789911859994,0.348421765961709,-0.9718492670139,1.06986354971253,0.223290415255071,0.413027103137964,0.739908704901627,-0.0658838194572644,0.250741236849049,0.373927265637427,-0.427233329848083,0.750110316883375,0.892790208360064,-0.107688262983314,-0.596728365638981,-0.120172151977133,-0.234419584281574,-1.06664473159645,1.29666007262722,0.574260037943394,-0.000992360495260414,0.807633600049392,-0.356842006534418,-0.67648325135205,0.129865268712936,0.678574065220385,-0.0635398932722427,-0.801406626143858,0.764573656032434,0.691322512286239,0.216656263739559
